{
  "name": "ecg",
  "config": {
    "n_seeds": 20,
    "feature_selection": "backward",
    "use_pose_derivatives": true,
    "use_time_features": false,
    "include_order": false,
    "normalize_features": true,
    "class_config": "all",
    "use_pca": false,
    "pca_variance": 0.9,
    "write_cm": true,
    "tune_hyperparameters": false,
    "tune_n_iter": 30,
    "tune_cv_folds": 5,
    "name": "ecg",
    "feature_groups": [
      "ecg"
    ],
    "split_strategy": "lopo"
  },
  "metrics": {
    "test_acc_mean": 0.39438746438746447,
    "test_acc_std": 0.14853452389929478,
    "test_bal_acc_mean": 0.39438746438746447,
    "test_bal_acc_std": 0.14853452389929475,
    "test_f1_mean": 0.3583456897095427,
    "test_f1_std": 0.1640823095972386,
    "test_kappa_mean": 0.055175438596491204,
    "test_kappa_std": 0.15352895349286153
  },
  "confusion_matrix": [
    [
      42.11965811965812,
      22.863247863247864,
      29.888888888888886
    ],
    [
      35.64957264957266,
      27.914529914529915,
      31.307692307692314
    ],
    [
      31.487179487179482,
      28.692307692307693,
      39.82051282051282
    ]
  ],
  "participant_results": [
    {
      "participant": "3208",
      "n_seeds": 20,
      "test_acc_mean": 0.4111111111111111,
      "test_acc_std": 0.0292865123404653,
      "test_bal_acc_mean": 0.41111111111111115,
      "test_bal_acc_std": 0.029286512340465306,
      "test_f1_mean": 0.36773898064511484,
      "test_f1_std": 0.033951220440721935,
      "test_kappa_mean": 0.11666666666666665,
      "test_kappa_std": 0.043929768510697936,
      "confusion_matrix": [
        [
          81.0,
          14.000000000000004,
          5.000000000000001
        ],
        [
          57.66666666666667,
          16.666666666666668,
          25.666666666666675
        ],
        [
          48.33333333333332,
          26.0,
          25.666666666666668
        ]
      ]
    },
    {
      "participant": "3209",
      "n_seeds": 20,
      "test_acc_mean": 0.23777777777777778,
      "test_acc_std": 0.03311821423869309,
      "test_bal_acc_mean": 0.23777777777777778,
      "test_bal_acc_std": 0.0331182142386931,
      "test_f1_mean": 0.2289624514578052,
      "test_f1_std": 0.03144381475329556,
      "test_kappa_mean": -0.14333333333333337,
      "test_kappa_std": 0.049677321358039636,
      "confusion_matrix": [
        [
          32.66666666666667,
          38.99999999999999,
          28.333333333333332
        ],
        [
          63.666666666666664,
          6.666666666666667,
          29.666666666666664
        ],
        [
          40.0,
          28.0,
          32.0
        ]
      ]
    },
    {
      "participant": "3210",
      "n_seeds": 20,
      "test_acc_mean": 0.5611111111111111,
      "test_acc_std": 0.026856052639076092,
      "test_bal_acc_mean": 0.5611111111111111,
      "test_bal_acc_std": 0.026856052639076127,
      "test_f1_mean": 0.556869264105295,
      "test_f1_std": 0.030042009977378378,
      "test_kappa_mean": 0.3416666666666667,
      "test_kappa_std": 0.04028407895861415,
      "confusion_matrix": [
        [
          43.33333333333333,
          19.666666666666664,
          36.99999999999999
        ],
        [
          9.333333333333334,
          52.66666666666667,
          38.0
        ],
        [
          7.666666666666664,
          20.0,
          72.33333333333334
        ]
      ]
    },
    {
      "participant": "3214",
      "n_seeds": 20,
      "test_acc_mean": 0.4688888888888889,
      "test_acc_std": 0.03450193278385954,
      "test_bal_acc_mean": 0.4688888888888889,
      "test_bal_acc_std": 0.03450193278385955,
      "test_f1_mean": 0.3647678829815237,
      "test_f1_std": 0.0339897862274842,
      "test_kappa_mean": 0.20333333333333328,
      "test_kappa_std": 0.051752899175789346,
      "confusion_matrix": [
        [
          0.0,
          32.666666666666664,
          67.33333333333333
        ],
        [
          0.0,
          92.66666666666666,
          7.333333333333333
        ],
        [
          0.0,
          51.999999999999986,
          48.00000000000001
        ]
      ]
    },
    {
      "participant": "3215",
      "n_seeds": 20,
      "test_acc_mean": 0.4166666666666667,
      "test_acc_std": 0.03214247037113752,
      "test_bal_acc_mean": 0.4166666666666667,
      "test_bal_acc_std": 0.03214247037113754,
      "test_f1_mean": 0.3840343177060614,
      "test_f1_std": 0.03288677551540759,
      "test_kappa_mean": 0.12499999999999997,
      "test_kappa_std": 0.0482137055567063,
      "confusion_matrix": [
        [
          70.66666666666666,
          6.666666666666669,
          22.666666666666668
        ],
        [
          50.666666666666664,
          14.333333333333334,
          35.00000000000001
        ],
        [
          31.999999999999993,
          28.0,
          40.00000000000001
        ]
      ]
    },
    {
      "participant": "3216",
      "n_seeds": 20,
      "test_acc_mean": 0.3399999999999999,
      "test_acc_std": 0.022913232952040848,
      "test_bal_acc_mean": 0.3399999999999999,
      "test_bal_acc_std": 0.022913232952040834,
      "test_f1_mean": 0.2620270418679791,
      "test_f1_std": 0.031493357537299316,
      "test_kappa_mean": 0.009999999999999992,
      "test_kappa_std": 0.03436984942806125,
      "confusion_matrix": [
        [
          4.666666666666667,
          38.666666666666664,
          56.666666666666664
        ],
        [
          0.0,
          17.333333333333332,
          82.66666666666667
        ],
        [
          6.666666666666669,
          13.333333333333337,
          80.0
        ]
      ]
    },
    {
      "participant": "3217",
      "n_seeds": 20,
      "test_acc_mean": 0.36,
      "test_acc_std": 0.026588579627383067,
      "test_bal_acc_mean": 0.36,
      "test_bal_acc_std": 0.026588579627383056,
      "test_f1_mean": 0.32954689294802375,
      "test_f1_std": 0.032245939925970184,
      "test_kappa_mean": 0.039999999999999994,
      "test_kappa_std": 0.03988286944107459,
      "confusion_matrix": [
        [
          67.66666666666666,
          14.666666666666666,
          17.666666666666668
        ],
        [
          67.66666666666666,
          19.0,
          13.333333333333334
        ],
        [
          74.66666666666666,
          4.0,
          21.333333333333336
        ]
      ]
    },
    {
      "participant": "3218",
      "n_seeds": 20,
      "test_acc_mean": 0.5488888888888889,
      "test_acc_std": 0.0298142396999972,
      "test_bal_acc_mean": 0.5488888888888888,
      "test_bal_acc_std": 0.02981423969999721,
      "test_f1_mean": 0.5048507159305785,
      "test_f1_std": 0.028510630393609657,
      "test_kappa_mean": 0.32333333333333336,
      "test_kappa_std": 0.04472135954999579,
      "confusion_matrix": [
        [
          83.0,
          15.333333333333334,
          1.6666666666666667
        ],
        [
          13.000000000000004,
          65.99999999999999,
          21.0
        ],
        [
          37.666666666666664,
          46.666666666666664,
          15.666666666666668
        ]
      ]
    },
    {
      "participant": "3219",
      "n_seeds": 20,
      "test_acc_mean": 0.3977777777777779,
      "test_acc_std": 0.043198921845376985,
      "test_bal_acc_mean": 0.3977777777777779,
      "test_bal_acc_std": 0.04319892184537698,
      "test_f1_mean": 0.3799312486309197,
      "test_f1_std": 0.04775495986379037,
      "test_kappa_mean": 0.09666666666666664,
      "test_kappa_std": 0.06479838276806547,
      "confusion_matrix": [
        [
          62.33333333333333,
          11.000000000000004,
          26.666666666666675
        ],
        [
          63.666666666666664,
          34.00000000000001,
          2.333333333333333
        ],
        [
          40.0,
          37.00000000000001,
          23.0
        ]
      ]
    },
    {
      "participant": "3220",
      "n_seeds": 20,
      "test_acc_mean": 0.35,
      "test_acc_std": 0.022656573833696517,
      "test_bal_acc_mean": 0.35,
      "test_bal_acc_std": 0.02265657383369651,
      "test_f1_mean": 0.3555014406092761,
      "test_f1_std": 0.021119436505295904,
      "test_kappa_mean": 0.024999999999999967,
      "test_kappa_std": 0.033984860750544785,
      "confusion_matrix": [
        [
          33.33333333333333,
          56.666666666666686,
          10.000000000000002
        ],
        [
          47.00000000000001,
          39.66666666666667,
          13.333333333333337
        ],
        [
          28.0,
          39.99999999999999,
          32.00000000000001
        ]
      ]
    },
    {
      "participant": "3221",
      "n_seeds": 20,
      "test_acc_mean": 0.30777777777777776,
      "test_acc_std": 0.02908614616334515,
      "test_bal_acc_mean": 0.30777777777777776,
      "test_bal_acc_std": 0.029086146163345147,
      "test_f1_mean": 0.2735944556485409,
      "test_f1_std": 0.028842582060969086,
      "test_kappa_mean": -0.03833333333333337,
      "test_kappa_std": 0.043629219245017704,
      "confusion_matrix": [
        [
          22.666666666666664,
          5.666666666666668,
          71.66666666666666
        ],
        [
          8.333333333333334,
          7.666666666666669,
          84.0
        ],
        [
          7.333333333333334,
          30.666666666666668,
          61.999999999999986
        ]
      ]
    },
    {
      "participant": "3223",
      "n_seeds": 20,
      "test_acc_mean": 0.03888888888888888,
      "test_acc_std": 0.014192586081300113,
      "test_bal_acc_mean": 0.03888888888888888,
      "test_bal_acc_std": 0.014192586081300113,
      "test_f1_mean": 0.062449833734663465,
      "test_f1_std": 0.02136626904624588,
      "test_kappa_mean": -0.4416666666666666,
      "test_kappa_std": 0.021288879121950155,
      "confusion_matrix": [
        [
          0.0,
          3.333333333333333,
          96.66666666666666
        ],
        [
          88.33333333333334,
          11.666666666666668,
          0.0
        ],
        [
          91.33333333333331,
          8.666666666666666,
          0.0
        ]
      ]
    },
    {
      "participant": "3224",
      "n_seeds": 20,
      "test_acc_mean": 0.4600000000000001,
      "test_acc_std": 0.049480734431918305,
      "test_bal_acc_mean": 0.4600000000000001,
      "test_bal_acc_std": 0.04948073443191832,
      "test_f1_mean": 0.4303896628508528,
      "test_f1_std": 0.05342299337917797,
      "test_kappa_mean": 0.18999999999999997,
      "test_kappa_std": 0.07422110164787749,
      "confusion_matrix": [
        [
          38.66666666666667,
          13.333333333333337,
          47.99999999999999
        ],
        [
          27.666666666666657,
          20.666666666666664,
          51.66666666666667
        ],
        [
          3.333333333333333,
          18.0,
          78.66666666666667
        ]
      ]
    },
    {
      "participant": "3225",
      "n_seeds": 20,
      "test_acc_mean": 0.3777777777777778,
      "test_acc_std": 0.0072098409391450026,
      "test_bal_acc_mean": 0.3777777777777778,
      "test_bal_acc_std": 0.007209840939144995,
      "test_f1_mean": 0.2565371143324331,
      "test_f1_std": 0.013180400836000772,
      "test_kappa_mean": 0.06666666666666665,
      "test_kappa_std": 0.010814761408717519,
      "confusion_matrix": [
        [
          100.0,
          0.0,
          0.0
        ],
        [
          88.66666666666667,
          6.000000000000002,
          5.333333333333334
        ],
        [
          86.00000000000003,
          6.666666666666669,
          7.333333333333333
        ]
      ]
    },
    {
      "participant": "3226",
      "n_seeds": 20,
      "test_acc_mean": 0.5088888888888888,
      "test_acc_std": 0.02487133884165624,
      "test_bal_acc_mean": 0.5088888888888888,
      "test_bal_acc_std": 0.024871338841656224,
      "test_f1_mean": 0.4573375006035548,
      "test_f1_std": 0.027810804341603674,
      "test_kappa_mean": 0.26333333333333336,
      "test_kappa_std": 0.03730700826248438,
      "confusion_matrix": [
        [
          91.33333333333334,
          7.000000000000002,
          1.6666666666666667
        ],
        [
          66.66666666666666,
          12.66666666666667,
          20.666666666666668
        ],
        [
          42.0,
          9.333333333333336,
          48.666666666666664
        ]
      ]
    },
    {
      "participant": "3227",
      "n_seeds": 20,
      "test_acc_mean": 0.2666666666666666,
      "test_acc_std": 0.020392509677383267,
      "test_bal_acc_mean": 0.2666666666666666,
      "test_bal_acc_std": 0.020392509677383274,
      "test_f1_mean": 0.26128331283957423,
      "test_f1_std": 0.02219300705561912,
      "test_kappa_mean": -0.10000000000000002,
      "test_kappa_std": 0.03058876451607491,
      "confusion_matrix": [
        [
          27.333333333333336,
          23.66666666666667,
          48.999999999999986
        ],
        [
          27.333333333333343,
          13.333333333333334,
          59.33333333333333
        ],
        [
          15.666666666666666,
          45.0,
          39.33333333333333
        ]
      ]
    },
    {
      "participant": "3228",
      "n_seeds": 20,
      "test_acc_mean": 0.4000000000000001,
      "test_acc_std": 0.023912337193287565,
      "test_bal_acc_mean": 0.4000000000000001,
      "test_bal_acc_std": 0.023912337193287572,
      "test_f1_mean": 0.31089998642632144,
      "test_f1_std": 0.032154215243338106,
      "test_kappa_mean": 0.09999999999999995,
      "test_kappa_std": 0.035868505789931365,
      "confusion_matrix": [
        [
          88.66666666666667,
          10.666666666666668,
          0.6666666666666667
        ],
        [
          71.99999999999999,
          28.000000000000007,
          0.0
        ],
        [
          52.333333333333336,
          44.33333333333333,
          3.333333333333333
        ]
      ]
    },
    {
      "participant": "3229",
      "n_seeds": 20,
      "test_acc_mean": 0.37888888888888883,
      "test_acc_std": 0.022192963194099007,
      "test_bal_acc_mean": 0.37888888888888883,
      "test_bal_acc_std": 0.02219296319409899,
      "test_f1_mean": 0.2870277928606108,
      "test_f1_std": 0.02949409809961494,
      "test_kappa_mean": 0.06833333333333336,
      "test_kappa_std": 0.03328944479114849,
      "confusion_matrix": [
        [
          5.333333333333334,
          16.000000000000004,
          78.66666666666666
        ],
        [
          15.333333333333334,
          16.333333333333336,
          68.33333333333331
        ],
        [
          0.0,
          7.999999999999998,
          91.99999999999999
        ]
      ]
    },
    {
      "participant": "3230",
      "n_seeds": 20,
      "test_acc_mean": 0.30999999999999994,
      "test_acc_std": 0.028362271656925873,
      "test_bal_acc_mean": 0.30999999999999994,
      "test_bal_acc_std": 0.028362271656925866,
      "test_f1_mean": 0.26169352403447416,
      "test_f1_std": 0.028966226897012216,
      "test_kappa_mean": -0.03500000000000007,
      "test_kappa_std": 0.04254340748538883,
      "confusion_matrix": [
        [
          4.333333333333334,
          32.0,
          63.66666666666667
        ],
        [
          8.0,
          31.333333333333336,
          60.666666666666664
        ],
        [
          0.6666666666666667,
          42.0,
          57.333333333333336
        ]
      ]
    },
    {
      "participant": "3231",
      "n_seeds": 20,
      "test_acc_mean": 1.0,
      "test_acc_std": 0.0,
      "test_bal_acc_mean": 1.0,
      "test_bal_acc_std": 0.0,
      "test_f1_mean": 1.0,
      "test_f1_std": 0.0,
      "test_kappa_mean": NaN,
      "test_kappa_std": NaN,
      "confusion_matrix": [
        [
          0.0,
          0.0,
          0.0
        ],
        [
          0.0,
          0.0,
          0.0
        ],
        [
          0.0,
          0.0,
          100.0
        ]
      ]
    },
    {
      "participant": "3232",
      "n_seeds": 20,
      "test_acc_mean": 0.2844444444444444,
      "test_acc_std": 0.029375125288328616,
      "test_bal_acc_mean": 0.28444444444444444,
      "test_bal_acc_std": 0.029375125288328613,
      "test_f1_mean": 0.28598600647155414,
      "test_f1_std": 0.028298052161336833,
      "test_kappa_mean": -0.07333333333333336,
      "test_kappa_std": 0.04406268793249292,
      "confusion_matrix": [
        [
          14.333333333333334,
          64.99999999999999,
          20.666666666666664
        ],
        [
          49.33333333333333,
          26.0,
          24.666666666666664
        ],
        [
          24.0,
          31.0,
          44.99999999999999
        ]
      ]
    },
    {
      "participant": "3233",
      "n_seeds": 20,
      "test_acc_mean": 0.17555555555555558,
      "test_acc_std": 0.02783035958948055,
      "test_bal_acc_mean": 0.17555555555555558,
      "test_bal_acc_std": 0.02783035958948055,
      "test_f1_mean": 0.16152825793473874,
      "test_f1_std": 0.025697824061147317,
      "test_kappa_mean": -0.23666666666666672,
      "test_kappa_std": 0.04174553938422085,
      "confusion_matrix": [
        [
          4.666666666666667,
          61.33333333333333,
          34.00000000000001
        ],
        [
          13.000000000000004,
          23.000000000000004,
          64.0
        ],
        [
          32.333333333333336,
          42.666666666666664,
          24.999999999999996
        ]
      ]
    },
    {
      "participant": "3234",
      "n_seeds": 20,
      "test_acc_mean": 0.4011111111111111,
      "test_acc_std": 0.02646610739806135,
      "test_bal_acc_mean": 0.4011111111111111,
      "test_bal_acc_std": 0.02646610739806135,
      "test_f1_mean": 0.36462771319566656,
      "test_f1_std": 0.0292917946142136,
      "test_kappa_mean": 0.10166666666666664,
      "test_kappa_std": 0.03969916109709202,
      "confusion_matrix": [
        [
          76.66666666666667,
          8.333333333333332,
          15.000000000000004
        ],
        [
          33.0,
          18.666666666666664,
          48.33333333333333
        ],
        [
          58.66666666666667,
          16.333333333333336,
          25.0
        ]
      ]
    },
    {
      "participant": "3235",
      "n_seeds": 20,
      "test_acc_mean": 0.45444444444444443,
      "test_acc_std": 0.03181738014061411,
      "test_bal_acc_mean": 0.45444444444444443,
      "test_bal_acc_std": 0.03181738014061411,
      "test_f1_mean": 0.42412147457862936,
      "test_f1_std": 0.03155292882050485,
      "test_kappa_mean": 0.18166666666666664,
      "test_kappa_std": 0.04772607021092118,
      "confusion_matrix": [
        [
          62.66666666666665,
          2.0,
          35.33333333333333
        ],
        [
          23.666666666666668,
          11.0,
          65.33333333333334
        ],
        [
          8.333333333333332,
          29.000000000000007,
          62.66666666666665
        ]
      ]
    },
    {
      "participant": "3236",
      "n_seeds": 20,
      "test_acc_mean": 0.4166666666666667,
      "test_acc_std": 0.02961744388795461,
      "test_bal_acc_mean": 0.4166666666666667,
      "test_bal_acc_std": 0.02961744388795462,
      "test_f1_mean": 0.408652213204614,
      "test_f1_std": 0.028575200501217986,
      "test_kappa_mean": 0.125,
      "test_kappa_std": 0.044426165831931895,
      "confusion_matrix": [
        [
          58.666666666666664,
          36.33333333333333,
          5.000000000000001
        ],
        [
          39.99999999999999,
          36.33333333333333,
          23.666666666666668
        ],
        [
          51.66666666666667,
          18.333333333333332,
          30.0
        ]
      ]
    },
    {
      "participant": "3237",
      "n_seeds": 20,
      "test_acc_mean": 0.39111111111111113,
      "test_acc_std": 0.03633645389607234,
      "test_bal_acc_mean": 0.39111111111111113,
      "test_bal_acc_std": 0.03633645389607234,
      "test_f1_mean": 0.3683010426204274,
      "test_f1_std": 0.04260517835052164,
      "test_kappa_mean": 0.08666666666666664,
      "test_kappa_std": 0.054504680844108484,
      "confusion_matrix": [
        [
          61.0,
          39.00000000000001,
          0.0
        ],
        [
          46.0,
          41.00000000000001,
          13.000000000000004
        ],
        [
          21.000000000000004,
          63.666666666666664,
          15.333333333333334
        ]
      ]
    },
    {
      "participant": "3238",
      "n_seeds": 20,
      "test_acc_mean": 0.40888888888888897,
      "test_acc_std": 0.028293458927173918,
      "test_bal_acc_mean": 0.40888888888888897,
      "test_bal_acc_std": 0.028293458927173932,
      "test_f1_mean": 0.3879390601323053,
      "test_f1_std": 0.031524839245217165,
      "test_kappa_mean": 0.11333333333333331,
      "test_kappa_std": 0.04244018839076087,
      "confusion_matrix": [
        [
          31.999999999999993,
          41.33333333333333,
          26.666666666666668
        ],
        [
          0.33333333333333337,
          16.0,
          83.66666666666669
        ],
        [
          6.666666666666669,
          18.666666666666664,
          74.66666666666666
        ]
      ]
    },
    {
      "participant": "3239",
      "n_seeds": 20,
      "test_acc_mean": 0.33333333333333326,
      "test_acc_std": 5.695323946259567e-17,
      "test_bal_acc_mean": 0.33333333333333326,
      "test_bal_acc_std": 5.695323946259567e-17,
      "test_f1_mean": 0.16921878044028832,
      "test_f1_std": 0.0015813187077384767,
      "test_kappa_mean": -1.4432899320127036e-16,
      "test_kappa_std": 1.2529712681771047e-16,
      "confusion_matrix": [
        [
          100.0,
          0.0,
          0.0
        ],
        [
          100.0,
          0.0,
          0.0
        ],
        [
          93.99999999999997,
          6.000000000000002,
          0.0
        ]
      ]
    },
    {
      "participant": "3240",
      "n_seeds": 20,
      "test_acc_mean": 0.3622222222222222,
      "test_acc_std": 0.026095242160551108,
      "test_bal_acc_mean": 0.3622222222222222,
      "test_bal_acc_std": 0.026095242160551098,
      "test_f1_mean": 0.3364091420542171,
      "test_f1_std": 0.02392387424379831,
      "test_kappa_mean": 0.04333333333333333,
      "test_kappa_std": 0.03914286324082667,
      "confusion_matrix": [
        [
          13.666666666666668,
          57.0,
          29.333333333333325
        ],
        [
          22.0,
          59.66666666666665,
          18.333333333333332
        ],
        [
          0.0,
          64.66666666666666,
          35.33333333333333
        ]
      ]
    },
    {
      "participant": "3241",
      "n_seeds": 20,
      "test_acc_mean": 0.27,
      "test_acc_std": 0.025260179594856255,
      "test_bal_acc_mean": 0.27,
      "test_bal_acc_std": 0.02526017959485626,
      "test_f1_mean": 0.2533356397696894,
      "test_f1_std": 0.02749541351295489,
      "test_kappa_mean": -0.095,
      "test_kappa_std": 0.03789026939228436,
      "confusion_matrix": [
        [
          25.333333333333336,
          44.99999999999999,
          29.666666666666664
        ],
        [
          42.66666666666667,
          44.33333333333332,
          13.000000000000004
        ],
        [
          18.333333333333336,
          70.33333333333333,
          11.333333333333332
        ]
      ]
    },
    {
      "participant": "3242",
      "n_seeds": 20,
      "test_acc_mean": 0.41222222222222227,
      "test_acc_std": 0.02442316990216821,
      "test_bal_acc_mean": 0.41222222222222227,
      "test_bal_acc_std": 0.02442316990216822,
      "test_f1_mean": 0.4097307639376714,
      "test_f1_std": 0.024356627990563463,
      "test_kappa_mean": 0.11833333333333329,
      "test_kappa_std": 0.036634754853252315,
      "confusion_matrix": [
        [
          46.33333333333333,
          35.666666666666664,
          17.999999999999996
        ],
        [
          12.666666666666671,
          45.99999999999999,
          41.33333333333333
        ],
        [
          42.0,
          26.666666666666668,
          31.333333333333336
        ]
      ]
    },
    {
      "participant": "3243",
      "n_seeds": 20,
      "test_acc_mean": 0.2,
      "test_acc_std": 0.03532086285506783,
      "test_bal_acc_mean": 0.2,
      "test_bal_acc_std": 0.03532086285506784,
      "test_f1_mean": 0.16610043340722785,
      "test_f1_std": 0.03186716882949975,
      "test_kappa_mean": -0.2,
      "test_kappa_std": 0.052981294282601746,
      "confusion_matrix": [
        [
          2.333333333333333,
          36.666666666666664,
          60.999999999999986
        ],
        [
          6.666666666666667,
          20.0,
          73.33333333333333
        ],
        [
          0.0,
          62.33333333333333,
          37.666666666666664
        ]
      ]
    },
    {
      "participant": "3244",
      "n_seeds": 20,
      "test_acc_mean": 0.4688888888888889,
      "test_acc_std": 0.020264655691755368,
      "test_bal_acc_mean": 0.4688888888888889,
      "test_bal_acc_std": 0.020264655691755364,
      "test_f1_mean": 0.3957098892055048,
      "test_f1_std": 0.01943599604672199,
      "test_kappa_mean": 0.2033333333333333,
      "test_kappa_std": 0.03039698353763305,
      "confusion_matrix": [
        [
          0.6666666666666667,
          5.333333333333335,
          93.99999999999999
        ],
        [
          0.0,
          51.333333333333336,
          48.66666666666667
        ],
        [
          7.666666666666666,
          3.6666666666666665,
          88.66666666666667
        ]
      ]
    },
    {
      "participant": "3245",
      "n_seeds": 20,
      "test_acc_mean": 0.33333333333333326,
      "test_acc_std": 5.695323946259567e-17,
      "test_bal_acc_mean": 0.33333333333333326,
      "test_bal_acc_std": 5.695323946259567e-17,
      "test_f1_mean": 0.16666666666666663,
      "test_f1_std": 2.8476619731297836e-17,
      "test_kappa_mean": 0.0,
      "test_kappa_std": 0.0,
      "confusion_matrix": [
        [
          100.0,
          0.0,
          0.0
        ],
        [
          100.0,
          0.0,
          0.0
        ],
        [
          100.0,
          0.0,
          0.0
        ]
      ]
    },
    {
      "participant": "3246",
      "n_seeds": 20,
      "test_acc_mean": 0.3877777777777779,
      "test_acc_std": 0.03262403232863953,
      "test_bal_acc_mean": 0.3877777777777779,
      "test_bal_acc_std": 0.03262403232863953,
      "test_f1_mean": 0.37482020350300854,
      "test_f1_std": 0.03317621950344184,
      "test_kappa_mean": 0.08166666666666664,
      "test_kappa_std": 0.048936048492959294,
      "confusion_matrix": [
        [
          20.66666666666667,
          15.333333333333334,
          64.0
        ],
        [
          24.0,
          34.33333333333333,
          41.666666666666664
        ],
        [
          28.333333333333325,
          10.333333333333334,
          61.333333333333336
        ]
      ]
    },
    {
      "participant": "3247",
      "n_seeds": 20,
      "test_acc_mean": 0.43888888888888894,
      "test_acc_std": 0.026856052639076103,
      "test_bal_acc_mean": 0.43888888888888894,
      "test_bal_acc_std": 0.026856052639076103,
      "test_f1_mean": 0.34727656865796913,
      "test_f1_std": 0.027916469450378203,
      "test_kappa_mean": 0.1583333333333333,
      "test_kappa_std": 0.04028407895861418,
      "confusion_matrix": [
        [
          93.33333333333333,
          5.000000000000001,
          1.6666666666666667
        ],
        [
          62.333333333333336,
          37.666666666666664,
          0.0
        ],
        [
          86.66666666666667,
          12.666666666666668,
          0.6666666666666667
        ]
      ]
    },
    {
      "participant": "3248",
      "n_seeds": 20,
      "test_acc_mean": 0.36888888888888893,
      "test_acc_std": 0.035613987074934746,
      "test_bal_acc_mean": 0.36888888888888893,
      "test_bal_acc_std": 0.03561398707493475,
      "test_f1_mean": 0.35153488658699705,
      "test_f1_std": 0.0357971591123575,
      "test_kappa_mean": 0.05333333333333332,
      "test_kappa_std": 0.053420980612402115,
      "confusion_matrix": [
        [
          32.0,
          48.33333333333333,
          19.666666666666668
        ],
        [
          15.666666666666666,
          59.66666666666665,
          24.666666666666664
        ],
        [
          18.333333333333332,
          62.666666666666664,
          19.0
        ]
      ]
    },
    {
      "participant": "3249",
      "n_seeds": 20,
      "test_acc_mean": 0.6499999999999998,
      "test_acc_std": 0.04257775824390034,
      "test_bal_acc_mean": 0.6499999999999998,
      "test_bal_acc_std": 0.04257775824390034,
      "test_f1_mean": 0.7871153846153847,
      "test_f1_std": 0.031153346324775334,
      "test_kappa_mean": 0.0,
      "test_kappa_std": 0.0,
      "confusion_matrix": [
        [
          0.0,
          0.0,
          0.0
        ],
        [
          0.0,
          0.0,
          0.0
        ],
        [
          6.666666666666669,
          28.333333333333325,
          65.0
        ]
      ]
    },
    {
      "participant": "3250",
      "n_seeds": 20,
      "test_acc_mean": 0.4822222222222222,
      "test_acc_std": 0.03612123115054439,
      "test_bal_acc_mean": 0.4822222222222222,
      "test_bal_acc_std": 0.036121231150544386,
      "test_f1_mean": 0.480964351476004,
      "test_f1_std": 0.03676381284491537,
      "test_kappa_mean": 0.22333333333333333,
      "test_kappa_std": 0.05418184672581661,
      "confusion_matrix": [
        [
          41.33333333333333,
          29.999999999999993,
          28.666666666666664
        ],
        [
          23.999999999999996,
          56.999999999999986,
          19.0
        ],
        [
          9.666666666666668,
          43.999999999999986,
          46.33333333333332
        ]
      ]
    }
  ],
  "selected_features": [
    "HRV_Prc20NN",
    "HRV_pNN20",
    "HRV_MinNN",
    "HRV_VHF",
    "HRV_HFn",
    "HRV_CVI",
    "HRV_PSS",
    "HRV_PAS",
    "HRV_Ca",
    "HRV_SDNNa",
    "HRV_DFA_alpha1",
    "HRV_ApEn",
    "HRV_ShanEn"
  ],
  "n_participants": 39,
  "n_seeds": 20,
  "n_features": 13,
  "timestamp": "2025-10-18T14:26:08.232292"
}