{
  "name": "eye_ecg",
  "config": {
    "n_seeds": 20,
    "feature_selection": "backward",
    "use_pose_derivatives": true,
    "use_time_features": false,
    "include_order": false,
    "normalize_features": true,
    "class_config": "all",
    "use_pca": false,
    "pca_variance": 0.9,
    "write_cm": true,
    "tune_hyperparameters": false,
    "tune_n_iter": 30,
    "tune_cv_folds": 5,
    "name": "eye_ecg",
    "feature_groups": [
      "eye_tracking",
      "ecg"
    ],
    "split_strategy": "lopo"
  },
  "metrics": {
    "test_acc_mean": 0.3981483045819031,
    "test_acc_std": 0.1451532841114331,
    "test_bal_acc_mean": 0.39676932716406393,
    "test_bal_acc_std": 0.14294125045578587,
    "test_f1_mean": 0.35086656948280603,
    "test_f1_std": 0.15410850788465813,
    "test_kappa_mean": 0.0689060340978418,
    "test_kappa_std": 0.1824310409313419
  },
  "confusion_matrix": [
    [
      45.55075187969924,
      21.974310776942357,
      27.21177944862156
    ],
    [
      39.852443609022565,
      17.661967418546364,
      39.85401002506264
    ],
    [
      29.37516869095817,
      20.55236649315597,
      50.07246481588589
    ]
  ],
  "participant_results": [
    {
      "participant": "3208",
      "n_seeds": 20,
      "test_acc_mean": 0.41000000000000003,
      "test_acc_std": 0.025465133701552532,
      "test_bal_acc_mean": 0.41000000000000003,
      "test_bal_acc_std": 0.02546513370155254,
      "test_f1_mean": 0.407315219051503,
      "test_f1_std": 0.022389255055633987,
      "test_kappa_mean": 0.11499999999999996,
      "test_kappa_std": 0.038197700552328795,
      "confusion_matrix": [
        [
          68.33333333333334,
          26.333333333333332,
          5.333333333333334
        ],
        [
          19.0,
          31.666666666666664,
          49.333333333333336
        ],
        [
          13.0,
          63.999999999999986,
          23.0
        ]
      ]
    },
    {
      "participant": "3209",
      "n_seeds": 20,
      "test_acc_mean": 0.31477272727272726,
      "test_acc_std": 0.037070726988798514,
      "test_bal_acc_mean": 0.32523809523809516,
      "test_bal_acc_std": 0.03624693305571411,
      "test_f1_mean": 0.26266793615651074,
      "test_f1_std": 0.052701107536381124,
      "test_kappa_mean": -0.01562004326609832,
      "test_kappa_std": 0.054992157839810075,
      "confusion_matrix": [
        [
          18.999999999999996,
          53.0,
          28.000000000000007
        ],
        [
          0.0,
          0.0,
          100.0
        ],
        [
          0.0,
          21.42857142857143,
          78.5714285714286
        ]
      ]
    },
    {
      "participant": "3210",
      "n_seeds": 20,
      "test_acc_mean": 0.4633333333333334,
      "test_acc_std": 0.037307008262484356,
      "test_bal_acc_mean": 0.4633333333333334,
      "test_bal_acc_std": 0.037307008262484356,
      "test_f1_mean": 0.3187015269161343,
      "test_f1_std": 0.02144419365410981,
      "test_kappa_mean": -0.06064516129032257,
      "test_kappa_std": 0.06634862156919333,
      "confusion_matrix": [
        [
          0.0,
          0.0,
          0.0
        ],
        [
          0.0,
          0.33333333333333337,
          99.66666666666666
        ],
        [
          2.333333333333333,
          5.333333333333334,
          92.33333333333333
        ]
      ]
    },
    {
      "participant": "3214",
      "n_seeds": 20,
      "test_acc_mean": 0.3177777777777777,
      "test_acc_std": 0.022913232952040844,
      "test_bal_acc_mean": 0.3177777777777777,
      "test_bal_acc_std": 0.022913232952040834,
      "test_f1_mean": 0.20940725771702623,
      "test_f1_std": 0.02438572878709212,
      "test_kappa_mean": -0.023333333333333345,
      "test_kappa_std": 0.034369849428061254,
      "confusion_matrix": [
        [
          0.0,
          19.333333333333336,
          80.66666666666666
        ],
        [
          0.0,
          11.333333333333332,
          88.66666666666666
        ],
        [
          0.0,
          16.000000000000004,
          84.00000000000001
        ]
      ]
    },
    {
      "participant": "3215",
      "n_seeds": 20,
      "test_acc_mean": 0.39222222222222236,
      "test_acc_std": 0.018060615575272207,
      "test_bal_acc_mean": 0.39222222222222225,
      "test_bal_acc_std": 0.018060615575272197,
      "test_f1_mean": 0.2857103243852616,
      "test_f1_std": 0.02983365449429096,
      "test_kappa_mean": 0.08833333333333335,
      "test_kappa_std": 0.02709092336290828,
      "confusion_matrix": [
        [
          100.0,
          0.0,
          0.0
        ],
        [
          98.66666666666666,
          1.3333333333333335,
          0.0
        ],
        [
          60.0,
          23.666666666666668,
          16.333333333333336
        ]
      ]
    },
    {
      "participant": "3216",
      "n_seeds": 20,
      "test_acc_mean": 0.5441860465116277,
      "test_acc_std": 0.036498723054460246,
      "test_bal_acc_mean": 0.5444444444444445,
      "test_bal_acc_std": 0.037123214274252525,
      "test_f1_mean": 0.5534463007418042,
      "test_f1_std": 0.03649301510639576,
      "test_kappa_mean": 0.3194702268746247,
      "test_kappa_std": 0.05484931160706515,
      "confusion_matrix": [
        [
          55.999999999999986,
          23.666666666666664,
          20.333333333333336
        ],
        [
          0.6666666666666667,
          52.333333333333336,
          47.0
        ],
        [
          13.846153846153843,
          31.15384615384615,
          54.999999999999986
        ]
      ]
    },
    {
      "participant": "3217",
      "n_seeds": 20,
      "test_acc_mean": 0.5966666666666667,
      "test_acc_std": 0.024209396250146793,
      "test_bal_acc_mean": 0.5966666666666667,
      "test_bal_acc_std": 0.024209396250146776,
      "test_f1_mean": 0.4829207254193544,
      "test_f1_std": 0.02041312237350498,
      "test_kappa_mean": 0.39500000000000013,
      "test_kappa_std": 0.03631409437522017,
      "confusion_matrix": [
        [
          95.66666666666666,
          1.0,
          3.333333333333333
        ],
        [
          66.3333333333333,
          0.33333333333333337,
          33.33333333333333
        ],
        [
          17.000000000000004,
          0.0,
          83.00000000000001
        ]
      ]
    },
    {
      "participant": "3218",
      "n_seeds": 20,
      "test_acc_mean": 0.24555555555555553,
      "test_acc_std": 0.026466107398061354,
      "test_bal_acc_mean": 0.24555555555555553,
      "test_bal_acc_std": 0.02646610739806135,
      "test_f1_mean": 0.21455240394389516,
      "test_f1_std": 0.025441483664057123,
      "test_kappa_mean": -0.13166666666666665,
      "test_kappa_std": 0.03969916109709201,
      "confusion_matrix": [
        [
          0.33333333333333337,
          33.99999999999999,
          65.66666666666666
        ],
        [
          24.000000000000007,
          35.0,
          41.0
        ],
        [
          20.0,
          41.666666666666664,
          38.33333333333333
        ]
      ]
    },
    {
      "participant": "3219",
      "n_seeds": 20,
      "test_acc_mean": 0.49651162790697684,
      "test_acc_std": 0.027490776476246932,
      "test_bal_acc_mean": 0.4934126984126984,
      "test_bal_acc_std": 0.0274362583600315,
      "test_f1_mean": 0.4176697050150935,
      "test_f1_std": 0.034996375104728285,
      "test_kappa_mean": 0.2443186207501605,
      "test_kappa_std": 0.04144442838088343,
      "confusion_matrix": [
        [
          82.85714285714286,
          2.8571428571428563,
          14.285714285714281
        ],
        [
          71.42857142857142,
          2.499999999999999,
          26.071428571428566
        ],
        [
          34.333333333333336,
          2.9999999999999996,
          62.666666666666664
        ]
      ]
    },
    {
      "participant": "3220",
      "n_seeds": 20,
      "test_acc_mean": 0.3133333333333333,
      "test_acc_std": 0.021509023145488602,
      "test_bal_acc_mean": 0.3133333333333333,
      "test_bal_acc_std": 0.0215090231454886,
      "test_f1_mean": 0.232405821488759,
      "test_f1_std": 0.02699467615001924,
      "test_kappa_mean": -0.030000000000000044,
      "test_kappa_std": 0.032263534718232914,
      "confusion_matrix": [
        [
          11.0,
          6.666666666666667,
          82.33333333333334
        ],
        [
          13.333333333333337,
          5.333333333333334,
          81.33333333333334
        ],
        [
          22.0,
          0.33333333333333337,
          77.66666666666666
        ]
      ]
    },
    {
      "participant": "3221",
      "n_seeds": 20,
      "test_acc_mean": 0.34888888888888886,
      "test_acc_std": 0.03311821423869311,
      "test_bal_acc_mean": 0.34888888888888886,
      "test_bal_acc_std": 0.03311821423869308,
      "test_f1_mean": 0.30798584507130844,
      "test_f1_std": 0.029940646049567105,
      "test_kappa_mean": 0.023333333333333327,
      "test_kappa_std": 0.04967732135803965,
      "confusion_matrix": [
        [
          55.999999999999986,
          44.0,
          0.0
        ],
        [
          41.666666666666664,
          41.99999999999999,
          16.333333333333336
        ],
        [
          49.00000000000001,
          44.333333333333336,
          6.666666666666669
        ]
      ]
    },
    {
      "participant": "3223",
      "n_seeds": 20,
      "test_acc_mean": 0.0,
      "test_acc_std": 0.0,
      "test_bal_acc_mean": 0.0,
      "test_bal_acc_std": 0.0,
      "test_f1_mean": 0.0,
      "test_f1_std": 0.0,
      "test_kappa_mean": -0.4999999999999999,
      "test_kappa_std": 1.97291808809705e-16,
      "confusion_matrix": [
        [
          0.0,
          7.000000000000002,
          92.99999999999999
        ],
        [
          100.0,
          0.0,
          0.0
        ],
        [
          100.0,
          0.0,
          0.0
        ]
      ]
    },
    {
      "participant": "3224",
      "n_seeds": 20,
      "test_acc_mean": 0.40499999999999997,
      "test_acc_std": 0.02709092336290831,
      "test_bal_acc_mean": 0.447420634920635,
      "test_bal_acc_std": 0.02103253415083616,
      "test_f1_mean": 0.3209002972836645,
      "test_f1_std": 0.03761518059499757,
      "test_kappa_mean": 0.1600346322156447,
      "test_kappa_std": 0.03659793592970928,
      "confusion_matrix": [
        [
          50.0,
          0.0,
          50.0
        ],
        [
          59.28571428571429,
          2.1428571428571423,
          38.57142857142856
        ],
        [
          16.666666666666664,
          1.2499999999999998,
          82.08333333333334
        ]
      ]
    },
    {
      "participant": "3225",
      "n_seeds": 20,
      "test_acc_mean": 0.5455555555555556,
      "test_acc_std": 0.02546513370155254,
      "test_bal_acc_mean": 0.5455555555555556,
      "test_bal_acc_std": 0.025465133701552522,
      "test_f1_mean": 0.5062189918750415,
      "test_f1_std": 0.031069087956367678,
      "test_kappa_mean": 0.3183333333333333,
      "test_kappa_std": 0.038197700552328816,
      "confusion_matrix": [
        [
          46.99999999999999,
          0.0,
          53.0
        ],
        [
          0.33333333333333337,
          17.0,
          82.66666666666667
        ],
        [
          0.0,
          0.33333333333333337,
          99.66666666666666
        ]
      ]
    },
    {
      "participant": "3226",
      "n_seeds": 20,
      "test_acc_mean": 0.26222222222222225,
      "test_acc_std": 0.06143190654944867,
      "test_bal_acc_mean": 0.26222222222222225,
      "test_bal_acc_std": 0.06143190654944867,
      "test_f1_mean": 0.26939230474310405,
      "test_f1_std": 0.053538845305551384,
      "test_kappa_mean": -0.10666666666666666,
      "test_kappa_std": 0.09214785982417298,
      "confusion_matrix": [
        [
          30.0,
          68.66666666666666,
          1.3333333333333335
        ],
        [
          64.0,
          11.333333333333336,
          24.666666666666664
        ],
        [
          51.66666666666667,
          10.999999999999998,
          37.33333333333333
        ]
      ]
    },
    {
      "participant": "3227",
      "n_seeds": 20,
      "test_acc_mean": 0.4688888888888889,
      "test_acc_std": 0.025895275672296856,
      "test_bal_acc_mean": 0.4688888888888889,
      "test_bal_acc_std": 0.02589527567229687,
      "test_f1_mean": 0.42264811282874193,
      "test_f1_std": 0.024612891343023014,
      "test_kappa_mean": 0.2033333333333333,
      "test_kappa_std": 0.03884291350844529,
      "confusion_matrix": [
        [
          92.99999999999999,
          6.000000000000002,
          1.0
        ],
        [
          78.99999999999999,
          6.333333333333335,
          14.666666666666666
        ],
        [
          7.666666666666667,
          51.00000000000001,
          41.33333333333333
        ]
      ]
    },
    {
      "participant": "3228",
      "n_seeds": 20,
      "test_acc_mean": 0.45000000000000007,
      "test_acc_std": 0.032941162819900956,
      "test_bal_acc_mean": 0.45,
      "test_bal_acc_std": 0.03294116281990096,
      "test_f1_mean": 0.42091704662303275,
      "test_f1_std": 0.03250010722952464,
      "test_kappa_mean": 0.17499999999999993,
      "test_kappa_std": 0.049411744229851444,
      "confusion_matrix": [
        [
          57.333333333333336,
          27.999999999999993,
          14.666666666666663
        ],
        [
          76.99999999999999,
          8.333333333333332,
          14.666666666666671
        ],
        [
          16.666666666666664,
          14.000000000000004,
          69.33333333333331
        ]
      ]
    },
    {
      "participant": "3229",
      "n_seeds": 20,
      "test_acc_mean": 0.4811111111111111,
      "test_acc_std": 0.014907119849998582,
      "test_bal_acc_mean": 0.48111111111111116,
      "test_bal_acc_std": 0.014907119849998582,
      "test_f1_mean": 0.414723457205605,
      "test_f1_std": 0.015255224965062854,
      "test_kappa_mean": 0.22166666666666662,
      "test_kappa_std": 0.022360679774997914,
      "confusion_matrix": [
        [
          50.66666666666667,
          8.666666666666668,
          40.666666666666664
        ],
        [
          45.999999999999986,
          7.000000000000002,
          46.999999999999986
        ],
        [
          6.666666666666669,
          6.666666666666669,
          86.66666666666669
        ]
      ]
    },
    {
      "participant": "3230",
      "n_seeds": 20,
      "test_acc_mean": 0.2777777777777778,
      "test_acc_std": 0.024449760187563594,
      "test_bal_acc_mean": 0.2777777777777778,
      "test_bal_acc_std": 0.024449760187563598,
      "test_f1_mean": 0.2032917112271077,
      "test_f1_std": 0.028371701473303947,
      "test_kappa_mean": -0.08333333333333334,
      "test_kappa_std": 0.036674640281345414,
      "confusion_matrix": [
        [
          69.66666666666666,
          5.000000000000001,
          25.33333333333334
        ],
        [
          78.66666666666667,
          4.333333333333334,
          17.0
        ],
        [
          90.66666666666664,
          0.0,
          9.333333333333332
        ]
      ]
    },
    {
      "participant": "3232",
      "n_seeds": 20,
      "test_acc_mean": 0.3044444444444444,
      "test_acc_std": 0.020519567041703084,
      "test_bal_acc_mean": 0.3044444444444444,
      "test_bal_acc_std": 0.020519567041703064,
      "test_f1_mean": 0.29588540145110354,
      "test_f1_std": 0.020893067187748672,
      "test_kappa_mean": -0.04333333333333337,
      "test_kappa_std": 0.030779350562554653,
      "confusion_matrix": [
        [
          20.0,
          79.66666666666667,
          0.33333333333333337
        ],
        [
          44.66666666666666,
          4.666666666666666,
          50.666666666666664
        ],
        [
          8.333333333333334,
          25.000000000000007,
          66.66666666666667
        ]
      ]
    },
    {
      "participant": "3233",
      "n_seeds": 20,
      "test_acc_mean": 0.33888888888888885,
      "test_acc_std": 0.038065638737601985,
      "test_bal_acc_mean": 0.33888888888888885,
      "test_bal_acc_std": 0.03806563873760197,
      "test_f1_mean": 0.34418649890905945,
      "test_f1_std": 0.04044476072957645,
      "test_kappa_mean": 0.008333333333333309,
      "test_kappa_std": 0.057098458106402974,
      "confusion_matrix": [
        [
          55.0,
          45.0,
          0.0
        ],
        [
          77.33333333333334,
          13.0,
          9.666666666666664
        ],
        [
          14.999999999999996,
          51.33333333333333,
          33.66666666666667
        ]
      ]
    },
    {
      "participant": "3234",
      "n_seeds": 20,
      "test_acc_mean": 0.4455555555555556,
      "test_acc_std": 0.037097416669988545,
      "test_bal_acc_mean": 0.4455555555555556,
      "test_bal_acc_std": 0.037097416669988545,
      "test_f1_mean": 0.43458674004677694,
      "test_f1_std": 0.03805472310198967,
      "test_kappa_mean": 0.1683333333333333,
      "test_kappa_std": 0.05564612500498284,
      "confusion_matrix": [
        [
          61.0,
          34.66666666666667,
          4.333333333333334
        ],
        [
          28.0,
          54.0,
          17.999999999999996
        ],
        [
          0.0,
          81.33333333333334,
          18.666666666666664
        ]
      ]
    },
    {
      "participant": "3235",
      "n_seeds": 20,
      "test_acc_mean": 0.2886363636363637,
      "test_acc_std": 0.016652161296932887,
      "test_bal_acc_mean": 0.2989682539682539,
      "test_bal_acc_std": 0.01644963517551499,
      "test_f1_mean": 0.20401890901499847,
      "test_f1_std": 0.022037530574609557,
      "test_kappa_mean": -0.0519253767215774,
      "test_kappa_std": 0.02392493181483389,
      "confusion_matrix": [
        [
          75.35714285714285,
          7.142857142857141,
          17.499999999999996
        ],
        [
          85.66666666666667,
          14.333333333333337,
          0.0
        ],
        [
          65.33333333333333,
          34.66666666666667,
          0.0
        ]
      ]
    },
    {
      "participant": "3236",
      "n_seeds": 20,
      "test_acc_mean": 0.5837837837837838,
      "test_acc_std": 0.022183315720760093,
      "test_bal_acc_mean": 0.5206349206349206,
      "test_bal_acc_std": 0.027942583071501242,
      "test_f1_mean": 0.5441548606765998,
      "test_f1_std": 0.027768259512950123,
      "test_kappa_mean": 0.31637976972659165,
      "test_kappa_std": 0.03732981411274764,
      "confusion_matrix": [
        [
          35.33333333333333,
          3.6666666666666665,
          60.999999999999986
        ],
        [
          0.0,
          22.857142857142847,
          77.14285714285714
        ],
        [
          0.0,
          2.0,
          98.0
        ]
      ]
    },
    {
      "participant": "3237",
      "n_seeds": 20,
      "test_acc_mean": 0.30357142857142855,
      "test_acc_std": 0.03529410302132245,
      "test_bal_acc_mean": 0.2875,
      "test_bal_acc_std": 0.03424081480208367,
      "test_f1_mean": 0.2084784442652084,
      "test_f1_std": 0.036754683412998014,
      "test_kappa_mean": -0.07220753301771418,
      "test_kappa_std": 0.05286503268434845,
      "confusion_matrix": [
        [
          77.33333333333334,
          20.333333333333336,
          2.333333333333333
        ],
        [
          68.74999999999999,
          6.249999999999998,
          24.999999999999993
        ],
        [
          96.66666666666666,
          0.6666666666666667,
          2.6666666666666665
        ]
      ]
    },
    {
      "participant": "3238",
      "n_seeds": 20,
      "test_acc_mean": 0.5144444444444444,
      "test_acc_std": 0.03552264558809842,
      "test_bal_acc_mean": 0.5144444444444444,
      "test_bal_acc_std": 0.0355226455880984,
      "test_f1_mean": 0.4468504835296937,
      "test_f1_std": 0.04124282950827853,
      "test_kappa_mean": 0.27166666666666667,
      "test_kappa_std": 0.053283968382147655,
      "confusion_matrix": [
        [
          61.0,
          16.666666666666664,
          22.333333333333336
        ],
        [
          37.0,
          6.333333333333334,
          56.666666666666664
        ],
        [
          9.666666666666666,
          3.3333333333333335,
          87.00000000000001
        ]
      ]
    },
    {
      "participant": "3239",
      "n_seeds": 20,
      "test_acc_mean": 0.390909090909091,
      "test_acc_std": 0.013990613892070293,
      "test_bal_acc_mean": 0.3824603174603175,
      "test_bal_acc_std": 0.014013701034507912,
      "test_f1_mean": 0.2797913911709123,
      "test_f1_std": 0.0242902954372695,
      "test_kappa_mean": 0.07877984195985448,
      "test_kappa_std": 0.021416083756914374,
      "confusion_matrix": [
        [
          100.0,
          0.0,
          0.0
        ],
        [
          98.92857142857143,
          1.0714285714285714,
          0.0
        ],
        [
          60.33333333333333,
          25.999999999999993,
          13.666666666666668
        ]
      ]
    },
    {
      "participant": "3240",
      "n_seeds": 20,
      "test_acc_mean": 0.5093023255813953,
      "test_acc_std": 0.024910531319246407,
      "test_bal_acc_mean": 0.4976190476190476,
      "test_bal_acc_std": 0.025503639207799876,
      "test_f1_mean": 0.43027047784028527,
      "test_f1_std": 0.03527723738504285,
      "test_kappa_mean": 0.25260294398526334,
      "test_kappa_std": 0.03858497422602644,
      "confusion_matrix": [
        [
          8.571428571428568,
          69.28571428571426,
          22.142857142857146
        ],
        [
          0.0,
          100.0,
          0.0
        ],
        [
          0.0,
          59.28571428571429,
          40.71428571428571
        ]
      ]
    },
    {
      "participant": "3241",
      "n_seeds": 20,
      "test_acc_mean": 0.2988888888888888,
      "test_acc_std": 0.03418027352312529,
      "test_bal_acc_mean": 0.29888888888888887,
      "test_bal_acc_std": 0.03418027352312528,
      "test_f1_mean": 0.2730453213783471,
      "test_f1_std": 0.03091778391943988,
      "test_kappa_mean": -0.051666666666666694,
      "test_kappa_std": 0.051270410284687935,
      "confusion_matrix": [
        [
          6.666666666666669,
          55.333333333333336,
          38.0
        ],
        [
          15.0,
          30.333333333333332,
          54.66666666666667
        ],
        [
          38.33333333333333,
          9.000000000000002,
          52.66666666666667
        ]
      ]
    },
    {
      "participant": "3242",
      "n_seeds": 20,
      "test_acc_mean": 0.25888888888888884,
      "test_acc_std": 0.02817839761710566,
      "test_bal_acc_mean": 0.2588888888888889,
      "test_bal_acc_std": 0.028178397617105673,
      "test_f1_mean": 0.25388275740486405,
      "test_f1_std": 0.031781957117562376,
      "test_kappa_mean": -0.11166666666666666,
      "test_kappa_std": 0.042267596425658485,
      "confusion_matrix": [
        [
          37.0,
          0.33333333333333337,
          62.666666666666664
        ],
        [
          60.66666666666667,
          17.0,
          22.33333333333334
        ],
        [
          52.66666666666667,
          23.666666666666668,
          23.666666666666668
        ]
      ]
    },
    {
      "participant": "3243",
      "n_seeds": 20,
      "test_acc_mean": 0.4875,
      "test_acc_std": 0.024978241945399302,
      "test_bal_acc_mean": 0.4832539682539682,
      "test_bal_acc_std": 0.024716638143925752,
      "test_f1_mean": 0.4275658192689603,
      "test_f1_std": 0.038851415997323537,
      "test_kappa_mean": 0.22492952390183957,
      "test_kappa_std": 0.03787778857873191,
      "confusion_matrix": [
        [
          29.64285714285713,
          3.5714285714285703,
          66.78571428571428
        ],
        [
          0.0,
          15.333333333333334,
          84.66666666666666
        ],
        [
          0.0,
          0.0,
          100.0
        ]
      ]
    },
    {
      "participant": "3244",
      "n_seeds": 20,
      "test_acc_mean": 0.4833333333333333,
      "test_acc_std": 0.04552773362374718,
      "test_bal_acc_mean": 0.4833333333333333,
      "test_bal_acc_std": 0.04552773362374719,
      "test_f1_mean": 0.48301228355247794,
      "test_f1_std": 0.048129240577105006,
      "test_kappa_mean": 0.225,
      "test_kappa_std": 0.06829160043562081,
      "confusion_matrix": [
        [
          50.66666666666668,
          15.333333333333332,
          34.0
        ],
        [
          10.999999999999998,
          40.0,
          49.00000000000001
        ],
        [
          32.0,
          13.666666666666668,
          54.33333333333335
        ]
      ]
    },
    {
      "participant": "3245",
      "n_seeds": 20,
      "test_acc_mean": 0.43255813953488376,
      "test_acc_std": 0.04360567114270131,
      "test_bal_acc_mean": 0.4201709401709402,
      "test_bal_acc_std": 0.041667641314136805,
      "test_f1_mean": 0.4258786846274517,
      "test_f1_std": 0.04754368770296152,
      "test_kappa_mean": 0.13845911503603553,
      "test_kappa_std": 0.0660135170783043,
      "confusion_matrix": [
        [
          48.00000000000001,
          51.999999999999986,
          0.0
        ],
        [
          4.666666666666667,
          62.66666666666667,
          32.66666666666667
        ],
        [
          3.076923076923077,
          81.53846153846152,
          15.384615384615381
        ]
      ]
    },
    {
      "participant": "3246",
      "n_seeds": 20,
      "test_acc_mean": 0.40666666666666673,
      "test_acc_std": 0.021749354885759683,
      "test_bal_acc_mean": 0.40666666666666673,
      "test_bal_acc_std": 0.021749354885759686,
      "test_f1_mean": 0.383338535122903,
      "test_f1_std": 0.0221144649155267,
      "test_kappa_mean": 0.10999999999999996,
      "test_kappa_std": 0.03262403232863952,
      "confusion_matrix": [
        [
          70.33333333333333,
          9.0,
          20.666666666666668
        ],
        [
          12.666666666666668,
          18.0,
          69.33333333333334
        ],
        [
          59.33333333333333,
          7.0,
          33.666666666666664
        ]
      ]
    },
    {
      "participant": "3247",
      "n_seeds": 20,
      "test_acc_mean": 0.33777777777777773,
      "test_acc_std": 0.019876159799998135,
      "test_bal_acc_mean": 0.33777777777777773,
      "test_bal_acc_std": 0.019876159799998135,
      "test_f1_mean": 0.23448737105070644,
      "test_f1_std": 0.021475622838207944,
      "test_kappa_mean": 0.006666666666666638,
      "test_kappa_std": 0.02981423969999723,
      "confusion_matrix": [
        [
          1.3333333333333335,
          26.666666666666675,
          71.99999999999999
        ],
        [
          0.33333333333333337,
          12.66666666666667,
          87.00000000000003
        ],
        [
          8.666666666666668,
          4.0,
          87.33333333333334
        ]
      ]
    },
    {
      "participant": "3248",
      "n_seeds": 20,
      "test_acc_mean": 0.13068181818181818,
      "test_acc_std": 0.036776218037423945,
      "test_bal_acc_mean": 0.1338888888888889,
      "test_bal_acc_std": 0.03691888501870176,
      "test_f1_mean": 0.11226187997686296,
      "test_f1_std": 0.037842460347481,
      "test_kappa_mean": -0.29448059776964686,
      "test_kappa_std": 0.053836411520345503,
      "confusion_matrix": [
        [
          27.5,
          52.5,
          19.999999999999996
        ],
        [
          52.66666666666667,
          2.0,
          45.33333333333333
        ],
        [
          82.33333333333333,
          7.0,
          10.666666666666668
        ]
      ]
    },
    {
      "participant": "3249",
      "n_seeds": 20,
      "test_acc_mean": 0.8600000000000001,
      "test_acc_std": 0.0645270694364658,
      "test_bal_acc_mean": 0.8600000000000001,
      "test_bal_acc_std": 0.0645270694364658,
      "test_f1_mean": 0.9234926950444192,
      "test_f1_std": 0.037595258998856775,
      "test_kappa_mean": 0.0,
      "test_kappa_std": 0.0,
      "confusion_matrix": [
        [
          0.0,
          0.0,
          0.0
        ],
        [
          0.0,
          0.0,
          0.0
        ],
        [
          4.0,
          9.999999999999998,
          86.0
        ]
      ]
    },
    {
      "participant": "3250",
      "n_seeds": 20,
      "test_acc_mean": 0.42000000000000004,
      "test_acc_std": 0.02268523491262401,
      "test_bal_acc_mean": 0.42000000000000004,
      "test_bal_acc_std": 0.022685234912624017,
      "test_f1_mean": 0.3768660983220491,
      "test_f1_std": 0.029315642916291098,
      "test_kappa_mean": 0.12999999999999995,
      "test_kappa_std": 0.034027852368936046,
      "confusion_matrix": [
        [
          79.33333333333334,
          9.666666666666666,
          11.0
        ],
        [
          77.66666666666667,
          12.0,
          10.333333333333332
        ],
        [
          59.0,
          6.333333333333335,
          34.666666666666664
        ]
      ]
    }
  ],
  "selected_features": [
    "pct_missing",
    "mean_vel",
    "max_vel",
    "rms_disp",
    "fix_mean_dur",
    "fix_rate",
    "blink_mean_dur",
    "blink_rate",
    "sac_rate",
    "HRV_MeanNN",
    "HRV_MedianNN",
    "HRV_Prc80NN",
    "HRV_pNN50",
    "HRV_pNN20",
    "HRV_MinNN",
    "HRV_VHF",
    "HRV_CVI",
    "HRV_IALS",
    "HRV_PSS",
    "HRV_PAS",
    "HRV_PI",
    "HRV_Ca",
    "HRV_SDNNa",
    "HRV_ShanEn",
    "HRV_HFD"
  ],
  "n_participants": 38,
  "n_seeds": 20,
  "n_features": 25,
  "timestamp": "2025-10-18T15:29:06.352431"
}