{
  "name": "eye_gsr",
  "config": {
    "n_seeds": 20,
    "feature_selection": "backward",
    "use_pose_derivatives": true,
    "use_time_features": false,
    "include_order": false,
    "normalize_features": true,
    "class_config": "all",
    "use_pca": false,
    "pca_variance": 0.9,
    "write_cm": true,
    "tune_hyperparameters": false,
    "tune_n_iter": 30,
    "tune_cv_folds": 5,
    "name": "eye_gsr",
    "feature_groups": [
      "eye_tracking",
      "gsr"
    ],
    "split_strategy": "lopo"
  },
  "metrics": {
    "test_acc_mean": 0.40348860681394944,
    "test_acc_std": 0.11732767659353704,
    "test_bal_acc_mean": 0.3995295329670329,
    "test_bal_acc_std": 0.11529751670537264,
    "test_f1_mean": 0.3529942140701531,
    "test_f1_std": 0.11978418681002304,
    "test_kappa_mean": 0.09337511869518823,
    "test_kappa_std": 0.1859594492519577
  },
  "confusion_matrix": [
    [
      52.152380952380966,
      21.018749999999997,
      24.328869047619044
    ],
    [
      32.609821428571415,
      25.41696428571429,
      41.97321428571427
    ],
    [
      25.670283882783885,
      32.84436813186814,
      41.48534798534798
    ]
  ],
  "participant_results": [
    {
      "participant": "3208",
      "n_seeds": 20,
      "test_acc_mean": 0.27888888888888885,
      "test_acc_std": 0.03341121505943607,
      "test_bal_acc_mean": 0.27888888888888885,
      "test_bal_acc_std": 0.03341121505943608,
      "test_f1_mean": 0.2585737208194725,
      "test_f1_std": 0.03173951205934438,
      "test_kappa_mean": -0.08166666666666669,
      "test_kappa_std": 0.05011682258915413,
      "confusion_matrix": [
        [
          10.0,
          78.66666666666666,
          11.333333333333334
        ],
        [
          0.0,
          45.66666666666667,
          54.33333333333333
        ],
        [
          0.0,
          71.99999999999999,
          28.000000000000007
        ]
      ]
    },
    {
      "participant": "3209",
      "n_seeds": 20,
      "test_acc_mean": 0.5704545454545455,
      "test_acc_std": 0.04995648389079863,
      "test_bal_acc_mean": 0.5717460317460317,
      "test_bal_acc_std": 0.049563743726172116,
      "test_f1_mean": 0.5570293597959493,
      "test_f1_std": 0.0550940900551154,
      "test_kappa_mean": 0.3577842311487024,
      "test_kappa_std": 0.0744746917115896,
      "confusion_matrix": [
        [
          32.666666666666664,
          24.333333333333332,
          42.99999999999999
        ],
        [
          0.0,
          76.0,
          24.0
        ],
        [
          0.3571428571428571,
          36.785714285714285,
          62.857142857142854
        ]
      ]
    },
    {
      "participant": "3210",
      "n_seeds": 20,
      "test_acc_mean": 0.3216666666666666,
      "test_acc_std": 0.04086062460700832,
      "test_bal_acc_mean": 0.3216666666666666,
      "test_bal_acc_std": 0.04086062460700832,
      "test_f1_mean": 0.2888030361406993,
      "test_f1_std": 0.0441665819458094,
      "test_kappa_mean": -0.3129032258064516,
      "test_kappa_std": 0.07908507988453224,
      "confusion_matrix": [
        [
          0.0,
          0.0,
          0.0
        ],
        [
          0.0,
          10.000000000000002,
          90.00000000000001
        ],
        [
          6.666666666666669,
          39.0,
          54.333333333333336
        ]
      ]
    },
    {
      "participant": "3214",
      "n_seeds": 20,
      "test_acc_mean": 0.5333333333333333,
      "test_acc_std": 0.020392509677383285,
      "test_bal_acc_mean": 0.5333333333333334,
      "test_bal_acc_std": 0.020392509677383253,
      "test_f1_mean": 0.474056217056645,
      "test_f1_std": 0.030578472079602917,
      "test_kappa_mean": 0.3,
      "test_kappa_std": 0.030588764516074896,
      "confusion_matrix": [
        [
          86.66666666666669,
          6.666666666666669,
          6.666666666666669
        ],
        [
          60.33333333333333,
          10.0,
          29.666666666666664
        ],
        [
          25.666666666666664,
          11.0,
          63.33333333333333
        ]
      ]
    },
    {
      "participant": "3215",
      "n_seeds": 20,
      "test_acc_mean": 0.3688888888888889,
      "test_acc_std": 0.020896104265850104,
      "test_bal_acc_mean": 0.3688888888888889,
      "test_bal_acc_std": 0.02089610426585009,
      "test_f1_mean": 0.3438362515031321,
      "test_f1_std": 0.02061939456180839,
      "test_kappa_mean": 0.05333333333333332,
      "test_kappa_std": 0.03134415639877515,
      "confusion_matrix": [
        [
          51.333333333333336,
          48.666666666666664,
          0.0
        ],
        [
          52.66666666666667,
          46.66666666666665,
          0.6666666666666667
        ],
        [
          28.333333333333332,
          58.999999999999986,
          12.666666666666668
        ]
      ]
    },
    {
      "participant": "3216",
      "n_seeds": 20,
      "test_acc_mean": 0.41279069767441856,
      "test_acc_std": 0.035289359224818836,
      "test_bal_acc_mean": 0.405042735042735,
      "test_bal_acc_std": 0.03343974157491177,
      "test_f1_mean": 0.4100454249322404,
      "test_f1_std": 0.035040883998802105,
      "test_kappa_mean": 0.11881752758718678,
      "test_kappa_std": 0.05106109343905196,
      "confusion_matrix": [
        [
          67.66666666666666,
          0.33333333333333337,
          32.0
        ],
        [
          29.333333333333332,
          30.0,
          40.666666666666664
        ],
        [
          7.692307692307691,
          68.46153846153848,
          23.84615384615385
        ]
      ]
    },
    {
      "participant": "3217",
      "n_seeds": 20,
      "test_acc_mean": 0.5677777777777777,
      "test_acc_std": 0.029264317178246815,
      "test_bal_acc_mean": 0.5677777777777777,
      "test_bal_acc_std": 0.029264317178246818,
      "test_f1_mean": 0.5137865822830993,
      "test_f1_std": 0.034569068666505914,
      "test_kappa_mean": 0.35166666666666674,
      "test_kappa_std": 0.04389647576737022,
      "confusion_matrix": [
        [
          88.66666666666669,
          4.333333333333334,
          7.0
        ],
        [
          29.666666666666664,
          13.0,
          57.333333333333336
        ],
        [
          14.0,
          17.333333333333336,
          68.66666666666666
        ]
      ]
    },
    {
      "participant": "3218",
      "n_seeds": 20,
      "test_acc_mean": 0.27555555555555555,
      "test_acc_std": 0.013294289813691523,
      "test_bal_acc_mean": 0.27555555555555555,
      "test_bal_acc_std": 0.01329428981369154,
      "test_f1_mean": 0.1600851440252106,
      "test_f1_std": 0.02453950914013961,
      "test_kappa_mean": -0.08666666666666673,
      "test_kappa_std": 0.019941434720537325,
      "confusion_matrix": [
        [
          2.666666666666667,
          9.0,
          88.33333333333333
        ],
        [
          0.0,
          0.0,
          100.0
        ],
        [
          9.333333333333334,
          10.666666666666668,
          80.0
        ]
      ]
    },
    {
      "participant": "3219",
      "n_seeds": 20,
      "test_acc_mean": 0.34342105263157896,
      "test_acc_std": 0.02485561161548244,
      "test_bal_acc_mean": 0.3526190476190475,
      "test_bal_acc_std": 0.024790565637906155,
      "test_f1_mean": 0.33666467974746517,
      "test_f1_std": 0.0342614584943507,
      "test_kappa_mean": 0.034570923135011554,
      "test_kappa_std": 0.0347141754978059,
      "confusion_matrix": [
        [
          42.50000000000001,
          0.0,
          57.499999999999986
        ],
        [
          44.642857142857146,
          19.28571428571429,
          36.07142857142857
        ],
        [
          40.0,
          16.0,
          44.0
        ]
      ]
    },
    {
      "participant": "3220",
      "n_seeds": 20,
      "test_acc_mean": 0.4766666666666667,
      "test_acc_std": 0.027430578688272117,
      "test_bal_acc_mean": 0.4766666666666667,
      "test_bal_acc_std": 0.027430578688272134,
      "test_f1_mean": 0.38318785331169236,
      "test_f1_std": 0.020817270613556243,
      "test_kappa_mean": 0.215,
      "test_kappa_std": 0.041145868032408196,
      "confusion_matrix": [
        [
          75.0,
          0.0,
          25.000000000000004
        ],
        [
          54.33333333333335,
          0.0,
          45.66666666666666
        ],
        [
          28.999999999999993,
          3.0,
          67.99999999999999
        ]
      ]
    },
    {
      "participant": "3221",
      "n_seeds": 20,
      "test_acc_mean": 0.39555555555555555,
      "test_acc_std": 0.02233887510889043,
      "test_bal_acc_mean": 0.39555555555555555,
      "test_bal_acc_std": 0.022338875108890422,
      "test_f1_mean": 0.4009944192751817,
      "test_f1_std": 0.02233217713923728,
      "test_kappa_mean": 0.09333333333333335,
      "test_kappa_std": 0.03350831266333564,
      "confusion_matrix": [
        [
          27.666666666666668,
          72.33333333333334,
          0.0
        ],
        [
          26.0,
          36.33333333333333,
          37.66666666666667
        ],
        [
          9.333333333333332,
          35.99999999999999,
          54.66666666666667
        ]
      ]
    },
    {
      "participant": "3222",
      "n_seeds": 20,
      "test_acc_mean": 0.5365853658536587,
      "test_acc_std": 1.1390647892519134e-16,
      "test_bal_acc_mean": 0.48888888888888893,
      "test_bal_acc_std": 0.0,
      "test_f1_mean": 0.4568080003620074,
      "test_f1_std": 5.695323946259567e-17,
      "test_kappa_mean": 0.2692307692307693,
      "test_kappa_std": 0.0,
      "confusion_matrix": [
        [
          46.66666666666665,
          0.0,
          53.33333333333335
        ],
        [
          0.0,
          0.0,
          100.0
        ],
        [
          0.0,
          0.0,
          100.0
        ]
      ]
    },
    {
      "participant": "3223",
      "n_seeds": 20,
      "test_acc_mean": 0.31999999999999995,
      "test_acc_std": 0.029197630459190507,
      "test_bal_acc_mean": 0.31999999999999995,
      "test_bal_acc_std": 0.029197630459190493,
      "test_f1_mean": 0.2723339458023625,
      "test_f1_std": 0.024312520444917846,
      "test_kappa_mean": -0.020000000000000025,
      "test_kappa_std": 0.043796445688785754,
      "confusion_matrix": [
        [
          43.0,
          28.0,
          29.0
        ],
        [
          47.000000000000014,
          52.999999999999986,
          0.0
        ],
        [
          14.999999999999996,
          85.00000000000001,
          0.0
        ]
      ]
    },
    {
      "participant": "3224",
      "n_seeds": 20,
      "test_acc_mean": 0.37666666666666665,
      "test_acc_std": 0.026710490306201075,
      "test_bal_acc_mean": 0.35198412698412695,
      "test_bal_acc_std": 0.043851592528927265,
      "test_f1_mean": 0.2616323682087482,
      "test_f1_std": 0.03662003412389954,
      "test_kappa_mean": -0.03286575689670384,
      "test_kappa_std": 0.04934921384537907,
      "confusion_matrix": [
        [
          17.5,
          26.25,
          56.25
        ],
        [
          2.1428571428571423,
          1.4285714285714284,
          96.42857142857143
        ],
        [
          0.8333333333333333,
          12.499999999999996,
          86.66666666666664
        ]
      ]
    },
    {
      "participant": "3225",
      "n_seeds": 20,
      "test_acc_mean": 0.27111111111111114,
      "test_acc_std": 0.023473541434951294,
      "test_bal_acc_mean": 0.27111111111111114,
      "test_bal_acc_std": 0.023473541434951315,
      "test_f1_mean": 0.2968235871220367,
      "test_f1_std": 0.021728354707955515,
      "test_kappa_mean": -0.09333333333333335,
      "test_kappa_std": 0.03521031215242695,
      "confusion_matrix": [
        [
          33.33333333333333,
          0.0,
          66.66666666666666
        ],
        [
          0.0,
          14.0,
          86.0
        ],
        [
          0.0,
          66.0,
          34.0
        ]
      ]
    },
    {
      "participant": "3226",
      "n_seeds": 20,
      "test_acc_mean": 0.011111111111111112,
      "test_acc_std": 0.018381559819300248,
      "test_bal_acc_mean": 0.011111111111111112,
      "test_bal_acc_std": 0.018381559819300248,
      "test_f1_mean": 0.00882299303351935,
      "test_f1_std": 0.01437713384500194,
      "test_kappa_mean": -0.4833333333333333,
      "test_kappa_std": 0.027572339728950394,
      "confusion_matrix": [
        [
          3.3333333333333335,
          48.99999999999999,
          47.66666666666667
        ],
        [
          60.0,
          0.0,
          40.0
        ],
        [
          80.0,
          20.0,
          0.0
        ]
      ]
    },
    {
      "participant": "3227",
      "n_seeds": 20,
      "test_acc_mean": 0.5566666666666666,
      "test_acc_std": 0.030139377337244425,
      "test_bal_acc_mean": 0.5566666666666666,
      "test_bal_acc_std": 0.030139377337244443,
      "test_f1_mean": 0.4656667005833672,
      "test_f1_std": 0.027085330119494253,
      "test_kappa_mean": 0.33499999999999996,
      "test_kappa_std": 0.04520906600586667,
      "confusion_matrix": [
        [
          100.0,
          0.0,
          0.0
        ],
        [
          96.66666666666664,
          0.0,
          3.333333333333333
        ],
        [
          29.666666666666668,
          3.333333333333333,
          66.99999999999999
        ]
      ]
    },
    {
      "participant": "3228",
      "n_seeds": 20,
      "test_acc_mean": 0.4875,
      "test_acc_std": 0.03977172517576766,
      "test_bal_acc_mean": 0.505,
      "test_bal_acc_std": 0.04775329169906684,
      "test_f1_mean": 0.45451966246563436,
      "test_f1_std": 0.03858755929643436,
      "test_kappa_mean": 0.22766453106334605,
      "test_kappa_std": 0.05866035079404787,
      "confusion_matrix": [
        [
          57.499999999999986,
          7.499999999999997,
          35.0
        ],
        [
          44.99999999999999,
          18.000000000000004,
          37.00000000000001
        ],
        [
          8.999999999999998,
          14.999999999999996,
          76.0
        ]
      ]
    },
    {
      "participant": "3229",
      "n_seeds": 20,
      "test_acc_mean": 0.4600000000000001,
      "test_acc_std": 0.02507947082874821,
      "test_bal_acc_mean": 0.4600000000000001,
      "test_bal_acc_std": 0.0250794708287482,
      "test_f1_mean": 0.4581327544921125,
      "test_f1_std": 0.024713181706218803,
      "test_kappa_mean": 0.18999999999999997,
      "test_kappa_std": 0.03761920624312232,
      "confusion_matrix": [
        [
          31.333333333333332,
          45.66666666666667,
          23.000000000000004
        ],
        [
          8.666666666666668,
          59.0,
          32.33333333333333
        ],
        [
          1.0,
          51.33333333333333,
          47.66666666666667
        ]
      ]
    },
    {
      "participant": "3230",
      "n_seeds": 20,
      "test_acc_mean": 0.3177777777777777,
      "test_acc_std": 0.02291323295204084,
      "test_bal_acc_mean": 0.3177777777777777,
      "test_bal_acc_std": 0.022913232952040834,
      "test_f1_mean": 0.25661580571516646,
      "test_f1_std": 0.026012242626803114,
      "test_kappa_mean": -0.023333333333333373,
      "test_kappa_std": 0.03436984942806126,
      "confusion_matrix": [
        [
          65.33333333333334,
          6.666666666666669,
          28.0
        ],
        [
          85.66666666666669,
          1.6666666666666667,
          12.66666666666667
        ],
        [
          71.33333333333334,
          0.33333333333333337,
          28.333333333333332
        ]
      ]
    },
    {
      "participant": "3231",
      "n_seeds": 20,
      "test_acc_mean": 0.30555555555555547,
      "test_acc_std": 0.01890436242718669,
      "test_bal_acc_mean": 0.3055555555555555,
      "test_bal_acc_std": 0.018904362427186665,
      "test_f1_mean": 0.2470556347608607,
      "test_f1_std": 0.02713680478504761,
      "test_kappa_mean": -0.0416666666666667,
      "test_kappa_std": 0.02835654364078003,
      "confusion_matrix": [
        [
          68.33333333333334,
          5.000000000000001,
          26.666666666666664
        ],
        [
          36.66666666666667,
          3.333333333333333,
          60.0
        ],
        [
          72.66666666666666,
          7.333333333333333,
          20.0
        ]
      ]
    },
    {
      "participant": "3232",
      "n_seeds": 20,
      "test_acc_mean": 0.4044444444444445,
      "test_acc_std": 0.01546338608752132,
      "test_bal_acc_mean": 0.4044444444444445,
      "test_bal_acc_std": 0.01546338608752133,
      "test_f1_mean": 0.38702326262057235,
      "test_f1_std": 0.013562147849424047,
      "test_kappa_mean": 0.10666666666666666,
      "test_kappa_std": 0.02319507913128199,
      "confusion_matrix": [
        [
          33.33333333333333,
          66.66666666666666,
          0.0
        ],
        [
          13.000000000000004,
          17.666666666666664,
          69.33333333333334
        ],
        [
          25.666666666666668,
          4.0,
          70.33333333333334
        ]
      ]
    },
    {
      "participant": "3233",
      "n_seeds": 20,
      "test_acc_mean": 0.3844444444444445,
      "test_acc_std": 0.02174935488575969,
      "test_bal_acc_mean": 0.3844444444444445,
      "test_bal_acc_std": 0.021749354885759672,
      "test_f1_mean": 0.30771064475780757,
      "test_f1_std": 0.03531567052920311,
      "test_kappa_mean": 0.07666666666666662,
      "test_kappa_std": 0.03262403232863949,
      "confusion_matrix": [
        [
          91.66666666666666,
          8.000000000000002,
          0.33333333333333337
        ],
        [
          86.33333333333334,
          7.0,
          6.666666666666669
        ],
        [
          45.66666666666667,
          37.66666666666667,
          16.666666666666664
        ]
      ]
    },
    {
      "participant": "3234",
      "n_seeds": 20,
      "test_acc_mean": 0.49444444444444446,
      "test_acc_std": 0.031323419276823576,
      "test_bal_acc_mean": 0.49444444444444435,
      "test_bal_acc_std": 0.03132341927682356,
      "test_f1_mean": 0.5085268623977539,
      "test_f1_std": 0.03118442310225714,
      "test_kappa_mean": 0.2416666666666667,
      "test_kappa_std": 0.0469851289152354,
      "confusion_matrix": [
        [
          43.666666666666664,
          0.6666666666666667,
          55.666666666666664
        ],
        [
          0.0,
          46.666666666666664,
          53.333333333333336
        ],
        [
          4.0,
          38.0,
          58.0
        ]
      ]
    },
    {
      "participant": "3235",
      "n_seeds": 20,
      "test_acc_mean": 0.33181818181818185,
      "test_acc_std": 0.020058635230865627,
      "test_bal_acc_mean": 0.34047619047619043,
      "test_bal_acc_std": 0.020074650831312726,
      "test_f1_mean": 0.2566746745367164,
      "test_f1_std": 0.01806449012803819,
      "test_kappa_mean": 0.009042436172288826,
      "test_kappa_std": 0.02963678288945242,
      "confusion_matrix": [
        [
          72.14285714285714,
          19.642857142857146,
          8.214285714285712
        ],
        [
          68.33333333333331,
          29.999999999999993,
          1.6666666666666667
        ],
        [
          60.33333333333333,
          39.66666666666667,
          0.0
        ]
      ]
    },
    {
      "participant": "3236",
      "n_seeds": 20,
      "test_acc_mean": 0.508108108108108,
      "test_acc_std": 0.040753353239191985,
      "test_bal_acc_mean": 0.4253968253968254,
      "test_bal_acc_std": 0.03573887578225598,
      "test_f1_mean": 0.4916981541663069,
      "test_f1_std": 0.03938764773514226,
      "test_kappa_mean": 0.2358022874016379,
      "test_kappa_std": 0.05768301961038659,
      "confusion_matrix": [
        [
          91.00000000000001,
          4.666666666666667,
          4.333333333333334
        ],
        [
          35.71428571428571,
          4.285714285714285,
          60.0
        ],
        [
          18.666666666666664,
          49.0,
          32.333333333333336
        ]
      ]
    },
    {
      "participant": "3237",
      "n_seeds": 20,
      "test_acc_mean": 0.43809523809523815,
      "test_acc_std": 0.03313582733040283,
      "test_bal_acc_mean": 0.4247222222222223,
      "test_bal_acc_std": 0.03388793019447332,
      "test_f1_mean": 0.4128550480537979,
      "test_f1_std": 0.040686015030663776,
      "test_kappa_mean": 0.13628132164854176,
      "test_kappa_std": 0.051600327932627706,
      "confusion_matrix": [
        [
          73.33333333333333,
          8.0,
          18.666666666666668
        ],
        [
          57.91666666666667,
          23.75,
          18.333333333333332
        ],
        [
          66.33333333333334,
          3.333333333333333,
          30.333333333333343
        ]
      ]
    },
    {
      "participant": "3238",
      "n_seeds": 20,
      "test_acc_mean": 0.3355555555555555,
      "test_acc_std": 0.012277916698957397,
      "test_bal_acc_mean": 0.3355555555555555,
      "test_bal_acc_std": 0.012277916698957397,
      "test_f1_mean": 0.24877373840701025,
      "test_f1_std": 0.011713695217476797,
      "test_kappa_mean": 0.003333333333333288,
      "test_kappa_std": 0.018416875048436088,
      "confusion_matrix": [
        [
          78.66666666666666,
          21.000000000000004,
          0.33333333333333337
        ],
        [
          71.99999999999999,
          22.0,
          6.000000000000002
        ],
        [
          60.33333333333333,
          39.666666666666664,
          0.0
        ]
      ]
    },
    {
      "participant": "3239",
      "n_seeds": 20,
      "test_acc_mean": 0.5045454545454546,
      "test_acc_std": 0.022846576815910652,
      "test_bal_acc_mean": 0.49531746031746027,
      "test_bal_acc_std": 0.02259782234135293,
      "test_f1_mean": 0.45923868087898645,
      "test_f1_std": 0.022551691945153638,
      "test_kappa_mean": 0.2512713410709553,
      "test_kappa_std": 0.03444620827694036,
      "confusion_matrix": [
        [
          74.33333333333333,
          10.000000000000002,
          15.666666666666668
        ],
        [
          69.64285714285714,
          8.928571428571425,
          21.428571428571423
        ],
        [
          18.999999999999996,
          15.666666666666666,
          65.33333333333334
        ]
      ]
    },
    {
      "participant": "3240",
      "n_seeds": 20,
      "test_acc_mean": 0.5674418604651161,
      "test_acc_std": 0.023133091123480935,
      "test_bal_acc_mean": 0.5595238095238095,
      "test_bal_acc_std": 0.02260970215415021,
      "test_f1_mean": 0.4853309330432355,
      "test_f1_std": 0.031267979020624725,
      "test_kappa_mean": 0.344678255149295,
      "test_kappa_std": 0.03480382217279037,
      "confusion_matrix": [
        [
          71.42857142857142,
          28.571428571428562,
          0.0
        ],
        [
          10.0,
          89.99999999999999,
          0.0
        ],
        [
          28.928571428571416,
          64.64285714285714,
          6.428571428571426
        ]
      ]
    },
    {
      "participant": "3241",
      "n_seeds": 20,
      "test_acc_mean": 0.24,
      "test_acc_std": 0.043018046290977205,
      "test_bal_acc_mean": 0.24,
      "test_bal_acc_std": 0.043018046290977205,
      "test_f1_mean": 0.2145258634674177,
      "test_f1_std": 0.04439121368981783,
      "test_kappa_mean": -0.14,
      "test_kappa_std": 0.06452706943646583,
      "confusion_matrix": [
        [
          25.666666666666664,
          7.666666666666667,
          66.66666666666666
        ],
        [
          37.00000000000001,
          6.666666666666667,
          56.333333333333314
        ],
        [
          50.66666666666666,
          9.666666666666668,
          39.666666666666664
        ]
      ]
    },
    {
      "participant": "3242",
      "n_seeds": 20,
      "test_acc_mean": 0.3644444444444444,
      "test_acc_std": 0.016754156331667817,
      "test_bal_acc_mean": 0.3644444444444444,
      "test_bal_acc_std": 0.016754156331667814,
      "test_f1_mean": 0.3416283487904782,
      "test_f1_std": 0.014701437393732279,
      "test_kappa_mean": 0.046666666666666676,
      "test_kappa_std": 0.025131234497501712,
      "confusion_matrix": [
        [
          44.66666666666666,
          1.0,
          54.333333333333336
        ],
        [
          40.0,
          57.666666666666664,
          2.333333333333333
        ],
        [
          2.6666666666666665,
          90.33333333333334,
          7.0
        ]
      ]
    },
    {
      "participant": "3243",
      "n_seeds": 20,
      "test_acc_mean": 0.43977272727272726,
      "test_acc_std": 0.025834274585648447,
      "test_bal_acc_mean": 0.4426984126984127,
      "test_bal_acc_std": 0.025635366792882357,
      "test_f1_mean": 0.385663813857191,
      "test_f1_std": 0.015707172237988714,
      "test_kappa_mean": 0.1566028905937288,
      "test_kappa_std": 0.039040367404180265,
      "confusion_matrix": [
        [
          57.14285714285713,
          6.0714285714285685,
          36.78571428571428
        ],
        [
          13.333333333333337,
          0.0,
          86.66666666666669
        ],
        [
          0.0,
          24.333333333333332,
          75.66666666666666
        ]
      ]
    },
    {
      "participant": "3244",
      "n_seeds": 20,
      "test_acc_mean": 0.32333333333333325,
      "test_acc_std": 0.013440118196206646,
      "test_bal_acc_mean": 0.32333333333333325,
      "test_bal_acc_std": 0.013440118196206646,
      "test_f1_mean": 0.19309899900937638,
      "test_f1_std": 0.013460579988185234,
      "test_kappa_mean": -0.015000000000000051,
      "test_kappa_std": 0.020160177294310033,
      "confusion_matrix": [
        [
          96.3333333333333,
          3.6666666666666665,
          0.0
        ],
        [
          43.33333333333333,
          0.6666666666666667,
          56.0
        ],
        [
          100.0,
          0.0,
          0.0
        ]
      ]
    },
    {
      "participant": "3245",
      "n_seeds": 20,
      "test_acc_mean": 0.3709302325581395,
      "test_acc_std": 0.0176547594073546,
      "test_bal_acc_mean": 0.3587179487179486,
      "test_bal_acc_std": 0.017230895971657924,
      "test_f1_mean": 0.34079336727186804,
      "test_f1_std": 0.023872861634456646,
      "test_kappa_mean": 0.043853339079195336,
      "test_kappa_std": 0.0268796189459651,
      "confusion_matrix": [
        [
          27.0,
          66.99999999999999,
          6.000000000000002
        ],
        [
          1.6666666666666667,
          70.99999999999999,
          27.333333333333332
        ],
        [
          0.0,
          90.3846153846154,
          9.615384615384611
        ]
      ]
    },
    {
      "participant": "3246",
      "n_seeds": 20,
      "test_acc_mean": 0.4666666666666667,
      "test_acc_std": 0.0305887645160749,
      "test_bal_acc_mean": 0.4666666666666667,
      "test_bal_acc_std": 0.030588764516074913,
      "test_f1_mean": 0.4381856224838681,
      "test_f1_std": 0.03173393541693486,
      "test_kappa_mean": 0.19999999999999998,
      "test_kappa_std": 0.045883146774112364,
      "confusion_matrix": [
        [
          83.33333333333334,
          10.0,
          6.666666666666669
        ],
        [
          16.666666666666668,
          35.0,
          48.33333333333333
        ],
        [
          50.33333333333333,
          28.0,
          21.666666666666668
        ]
      ]
    },
    {
      "participant": "3247",
      "n_seeds": 20,
      "test_acc_mean": 0.35444444444444434,
      "test_acc_std": 0.01344011819620666,
      "test_bal_acc_mean": 0.35444444444444434,
      "test_bal_acc_std": 0.01344011819620666,
      "test_f1_mean": 0.2264011463041044,
      "test_f1_std": 0.016497654738836416,
      "test_kappa_mean": 0.03166666666666666,
      "test_kappa_std": 0.020160177294309977,
      "confusion_matrix": [
        [
          0.6666666666666667,
          37.33333333333333,
          62.0
        ],
        [
          6.333333333333335,
          7.333333333333334,
          86.33333333333334
        ],
        [
          0.0,
          1.6666666666666667,
          98.33333333333333
        ]
      ]
    },
    {
      "participant": "3248",
      "n_seeds": 20,
      "test_acc_mean": 0.6386363636363636,
      "test_acc_std": 0.014561892625390609,
      "test_bal_acc_mean": 0.6462698412698411,
      "test_bal_acc_std": 0.014704481335960659,
      "test_f1_mean": 0.5309708275776144,
      "test_f1_std": 0.023059587044370302,
      "test_kappa_mean": 0.45850721056335947,
      "test_kappa_std": 0.021997844163213116,
      "confusion_matrix": [
        [
          98.21428571428572,
          0.7142857142857142,
          1.0714285714285714
        ],
        [
          8.333333333333332,
          2.333333333333333,
          89.33333333333333
        ],
        [
          6.666666666666669,
          0.0,
          93.3333333333333
        ]
      ]
    },
    {
      "participant": "3249",
      "n_seeds": 20,
      "test_acc_mean": 0.36,
      "test_acc_std": 0.018522416743699796,
      "test_bal_acc_mean": 0.36,
      "test_bal_acc_std": 0.018522416743699793,
      "test_f1_mean": 0.2182280379571107,
      "test_f1_std": 0.0340729867205406,
      "test_kappa_mean": 0.039999999999999994,
      "test_kappa_std": 0.027783625115549684,
      "confusion_matrix": [
        [
          0.0,
          100.0,
          0.0
        ],
        [
          0.0,
          100.0,
          0.0
        ],
        [
          0.6666666666666667,
          91.33333333333333,
          8.000000000000002
        ]
      ]
    },
    {
      "participant": "3250",
      "n_seeds": 20,
      "test_acc_mean": 0.42444444444444446,
      "test_acc_std": 0.018938702805039773,
      "test_bal_acc_mean": 0.42444444444444446,
      "test_bal_acc_std": 0.018938702805039783,
      "test_f1_mean": 0.3669663957883023,
      "test_f1_std": 0.01689692322454156,
      "test_kappa_mean": 0.13666666666666666,
      "test_kappa_std": 0.028408054207559676,
      "confusion_matrix": [
        [
          72.33333333333334,
          27.666666666666668,
          0.0
        ],
        [
          46.0,
          48.33333333333334,
          5.666666666666668
        ],
        [
          37.00000000000001,
          56.333333333333336,
          6.666666666666669
        ]
      ]
    }
  ],
  "selected_features": [
    "pct_missing",
    "mean_vel",
    "max_vel",
    "rms_disp",
    "fix_mean_dur",
    "fix_rate",
    "blink_mean_dur",
    "blink_rate",
    "sac_rate",
    "SCR_Peaks_N",
    "SCR_Peaks_Amplitude_Mean",
    "EDA_Tonic_SD"
  ],
  "n_participants": 40,
  "n_seeds": 20,
  "n_features": 12,
  "timestamp": "2025-10-18T15:22:50.109944"
}