{
  "name": "eye_gsr_ecg",
  "config": {
    "n_seeds": 20,
    "feature_selection": "backward",
    "use_pose_derivatives": true,
    "use_time_features": false,
    "include_order": false,
    "normalize_features": true,
    "class_config": "all",
    "use_pca": false,
    "pca_variance": 0.9,
    "write_cm": true,
    "tune_hyperparameters": false,
    "tune_n_iter": 30,
    "tune_cv_folds": 5,
    "name": "eye_gsr_ecg",
    "feature_groups": [
      "eye_tracking",
      "gsr",
      "ecg"
    ],
    "split_strategy": "lopo"
  },
  "metrics": {
    "test_acc_mean": 0.40227668375859765,
    "test_acc_std": 0.11788424739351491,
    "test_bal_acc_mean": 0.4040615159694107,
    "test_bal_acc_std": 0.11891970565037951,
    "test_f1_mean": 0.3570183251864531,
    "test_f1_std": 0.12854478004259226,
    "test_kappa_mean": 0.08504932404842828,
    "test_kappa_std": 0.16506727576402963
  },
  "confusion_matrix": [
    [
      49.16384711779448,
      20.196741854636592,
      25.37625313283208
    ],
    [
      37.93546365914788,
      21.234022556390975,
      38.198934837092736
    ],
    [
      29.76838731443995,
      23.98558897243108,
      46.24602371312898
    ]
  ],
  "participant_results": [
    {
      "participant": "3208",
      "n_seeds": 20,
      "test_acc_mean": 0.3811111111111112,
      "test_acc_std": 0.018060615575272203,
      "test_bal_acc_mean": 0.3811111111111112,
      "test_bal_acc_std": 0.01806061557527219,
      "test_f1_mean": 0.3040568060510084,
      "test_f1_std": 0.02257119476676777,
      "test_kappa_mean": 0.07166666666666664,
      "test_kappa_std": 0.027090923362908297,
      "confusion_matrix": [
        [
          6.000000000000002,
          93.99999999999997,
          0.0
        ],
        [
          0.0,
          87.00000000000003,
          13.000000000000004
        ],
        [
          0.33333333333333337,
          78.33333333333333,
          21.333333333333336
        ]
      ]
    },
    {
      "participant": "3209",
      "n_seeds": 20,
      "test_acc_mean": 0.3670454545454545,
      "test_acc_std": 0.02245652123109284,
      "test_bal_acc_mean": 0.3764285714285715,
      "test_bal_acc_std": 0.021947671458543427,
      "test_f1_mean": 0.3304200303875743,
      "test_f1_std": 0.027447033717362457,
      "test_kappa_mean": 0.06008711188916751,
      "test_kappa_std": 0.03252600205222888,
      "confusion_matrix": [
        [
          19.0,
          55.000000000000014,
          26.0
        ],
        [
          0.0,
          14.999999999999996,
          85.00000000000003
        ],
        [
          0.0,
          21.071428571428573,
          78.92857142857146
        ]
      ]
    },
    {
      "participant": "3210",
      "n_seeds": 20,
      "test_acc_mean": 0.465,
      "test_acc_std": 0.007453559924999299,
      "test_bal_acc_mean": 0.465,
      "test_bal_acc_std": 0.007453559924999299,
      "test_f1_mean": 0.31738900634249473,
      "test_f1_std": 0.00354556233218783,
      "test_kappa_mean": -0.0354838709677419,
      "test_kappa_std": 0.014426245016127662,
      "confusion_matrix": [
        [
          0.0,
          0.0,
          0.0
        ],
        [
          0.0,
          0.0,
          100.0
        ],
        [
          6.666666666666669,
          0.33333333333333337,
          92.99999999999997
        ]
      ]
    },
    {
      "participant": "3214",
      "n_seeds": 20,
      "test_acc_mean": 0.32666666666666655,
      "test_acc_std": 0.026095242160551105,
      "test_bal_acc_mean": 0.32666666666666666,
      "test_bal_acc_std": 0.026095242160551098,
      "test_f1_mean": 0.22776195133668856,
      "test_f1_std": 0.031151839761503493,
      "test_kappa_mean": -0.010000000000000014,
      "test_kappa_std": 0.039142863240826616,
      "confusion_matrix": [
        [
          0.0,
          27.333333333333332,
          72.66666666666664
        ],
        [
          0.0,
          16.666666666666664,
          83.33333333333333
        ],
        [
          0.0,
          18.666666666666668,
          81.33333333333334
        ]
      ]
    },
    {
      "participant": "3215",
      "n_seeds": 20,
      "test_acc_mean": 0.37444444444444447,
      "test_acc_std": 0.01655910711934655,
      "test_bal_acc_mean": 0.37444444444444447,
      "test_bal_acc_std": 0.01655910711934653,
      "test_f1_mean": 0.2714128374297631,
      "test_f1_std": 0.01875331013705222,
      "test_kappa_mean": 0.06166666666666665,
      "test_kappa_std": 0.024838660679019787,
      "confusion_matrix": [
        [
          97.33333333333333,
          2.6666666666666665,
          0.0
        ],
        [
          100.0,
          0.0,
          0.0
        ],
        [
          53.333333333333336,
          31.666666666666675,
          15.0
        ]
      ]
    },
    {
      "participant": "3216",
      "n_seeds": 20,
      "test_acc_mean": 0.4604651162790699,
      "test_acc_std": 0.05419941419783063,
      "test_bal_acc_mean": 0.4642735042735042,
      "test_bal_acc_std": 0.05294761148422192,
      "test_f1_mean": 0.4545063465188207,
      "test_f1_std": 0.05738728974213939,
      "test_kappa_mean": 0.19952248903371167,
      "test_kappa_std": 0.0785656094069665,
      "confusion_matrix": [
        [
          58.33333333333333,
          7.666666666666667,
          34.0
        ],
        [
          14.999999999999996,
          26.333333333333332,
          58.66666666666665
        ],
        [
          23.461538461538463,
          21.923076923076927,
          54.615384615384606
        ]
      ]
    },
    {
      "participant": "3217",
      "n_seeds": 20,
      "test_acc_mean": 0.5955555555555554,
      "test_acc_std": 0.018522416743699806,
      "test_bal_acc_mean": 0.5955555555555556,
      "test_bal_acc_std": 0.018522416743699775,
      "test_f1_mean": 0.4847568262466699,
      "test_f1_std": 0.020335130942071705,
      "test_kappa_mean": 0.39333333333333337,
      "test_kappa_std": 0.027783625115549684,
      "confusion_matrix": [
        [
          91.66666666666667,
          3.6666666666666665,
          4.666666666666667
        ],
        [
          47.00000000000001,
          1.0,
          52.0
        ],
        [
          14.000000000000004,
          0.0,
          86.00000000000003
        ]
      ]
    },
    {
      "participant": "3218",
      "n_seeds": 20,
      "test_acc_mean": 0.3744444444444444,
      "test_acc_std": 0.04032035458861996,
      "test_bal_acc_mean": 0.37444444444444447,
      "test_bal_acc_std": 0.04032035458861996,
      "test_f1_mean": 0.36107807529609975,
      "test_f1_std": 0.049457057202871815,
      "test_kappa_mean": 0.06166666666666663,
      "test_kappa_std": 0.060480531882929955,
      "confusion_matrix": [
        [
          19.333333333333336,
          16.999999999999996,
          63.66666666666667
        ],
        [
          10.666666666666664,
          54.33333333333333,
          35.0
        ],
        [
          20.0,
          41.33333333333334,
          38.66666666666666
        ]
      ]
    },
    {
      "participant": "3219",
      "n_seeds": 20,
      "test_acc_mean": 0.506578947368421,
      "test_acc_std": 0.035073288814683114,
      "test_bal_acc_mean": 0.5088095238095238,
      "test_bal_acc_std": 0.034796906195084236,
      "test_f1_mean": 0.4821462440726208,
      "test_f1_std": 0.043245970356775736,
      "test_kappa_mean": 0.25455316647484105,
      "test_kappa_std": 0.052885725475639155,
      "confusion_matrix": [
        [
          74.28571428571426,
          1.7857142857142854,
          23.928571428571427
        ],
        [
          58.21428571428572,
          25.357142857142854,
          16.428571428571423
        ],
        [
          40.0,
          7.0,
          53.0
        ]
      ]
    },
    {
      "participant": "3220",
      "n_seeds": 20,
      "test_acc_mean": 0.2966666666666666,
      "test_acc_std": 0.045183906925964426,
      "test_bal_acc_mean": 0.2966666666666666,
      "test_bal_acc_std": 0.045183906925964426,
      "test_f1_mean": 0.2612770610142473,
      "test_f1_std": 0.03452886066553866,
      "test_kappa_mean": -0.05500000000000007,
      "test_kappa_std": 0.06777586038894662,
      "confusion_matrix": [
        [
          32.66666666666667,
          0.0,
          67.33333333333334
        ],
        [
          27.000000000000007,
          6.666666666666669,
          66.33333333333333
        ],
        [
          50.33333333333334,
          0.0,
          49.666666666666664
        ]
      ]
    },
    {
      "participant": "3221",
      "n_seeds": 20,
      "test_acc_mean": 0.47777777777777775,
      "test_acc_std": 0.05790359669935235,
      "test_bal_acc_mean": 0.47777777777777775,
      "test_bal_acc_std": 0.057903596699352335,
      "test_f1_mean": 0.4763691368153274,
      "test_f1_std": 0.0600329692380476,
      "test_kappa_mean": 0.21666666666666665,
      "test_kappa_std": 0.0868553950490285,
      "confusion_matrix": [
        [
          31.999999999999993,
          67.99999999999999,
          0.0
        ],
        [
          16.66666666666667,
          61.333333333333336,
          22.000000000000004
        ],
        [
          17.0,
          33.00000000000001,
          50.0
        ]
      ]
    },
    {
      "participant": "3223",
      "n_seeds": 20,
      "test_acc_mean": 0.011111111111111112,
      "test_acc_std": 0.013488377303708533,
      "test_bal_acc_mean": 0.011111111111111112,
      "test_bal_acc_std": 0.013488377303708533,
      "test_f1_mean": 0.01804265565875473,
      "test_f1_std": 0.021754046553326065,
      "test_kappa_mean": -0.4833333333333333,
      "test_kappa_std": 0.020232565955562835,
      "confusion_matrix": [
        [
          0.0,
          16.0,
          84.0
        ],
        [
          96.66666666666667,
          3.333333333333333,
          0.0
        ],
        [
          100.0,
          0.0,
          0.0
        ]
      ]
    },
    {
      "participant": "3224",
      "n_seeds": 20,
      "test_acc_mean": 0.49833333333333335,
      "test_acc_std": 0.0253051551505416,
      "test_bal_acc_mean": 0.5781746031746032,
      "test_bal_acc_std": 0.019991080213796978,
      "test_f1_mean": 0.4191589152593864,
      "test_f1_std": 0.035119585646425665,
      "test_kappa_mean": 0.2481420167926533,
      "test_kappa_std": 0.02700108141818181,
      "confusion_matrix": [
        [
          76.25,
          0.0,
          23.75
        ],
        [
          22.499999999999993,
          11.785714285714281,
          65.7142857142857
        ],
        [
          14.583333333333332,
          0.0,
          85.41666666666666
        ]
      ]
    },
    {
      "participant": "3225",
      "n_seeds": 20,
      "test_acc_mean": 0.23444444444444446,
      "test_acc_std": 0.03639006069270802,
      "test_bal_acc_mean": 0.23444444444444446,
      "test_bal_acc_std": 0.036390060692708025,
      "test_f1_mean": 0.2701969952380808,
      "test_f1_std": 0.03275515365037253,
      "test_kappa_mean": -0.14833333333333337,
      "test_kappa_std": 0.054585091039062006,
      "confusion_matrix": [
        [
          30.666666666666668,
          0.0,
          69.33333333333334
        ],
        [
          0.0,
          31.666666666666664,
          68.33333333333333
        ],
        [
          0.0,
          91.99999999999997,
          8.0
        ]
      ]
    },
    {
      "participant": "3226",
      "n_seeds": 20,
      "test_acc_mean": 0.2933333333333333,
      "test_acc_std": 0.03855748516330207,
      "test_bal_acc_mean": 0.2933333333333333,
      "test_bal_acc_std": 0.03855748516330206,
      "test_f1_mean": 0.2671347973331224,
      "test_f1_std": 0.03448172394939645,
      "test_kappa_mean": -0.06,
      "test_kappa_std": 0.05783622774495309,
      "confusion_matrix": [
        [
          53.666666666666664,
          32.33333333333334,
          14.000000000000004
        ],
        [
          59.666666666666664,
          6.666666666666669,
          33.66666666666667
        ],
        [
          50.333333333333336,
          22.0,
          27.666666666666664
        ]
      ]
    },
    {
      "participant": "3227",
      "n_seeds": 20,
      "test_acc_mean": 0.45444444444444443,
      "test_acc_std": 0.020989183141962943,
      "test_bal_acc_mean": 0.45444444444444443,
      "test_bal_acc_std": 0.02098918314196294,
      "test_f1_mean": 0.3855386613265787,
      "test_f1_std": 0.023296564104496677,
      "test_kappa_mean": 0.18166666666666662,
      "test_kappa_std": 0.031483774712944446,
      "confusion_matrix": [
        [
          100.0,
          0.0,
          0.0
        ],
        [
          97.99999999999997,
          0.0,
          2.0
        ],
        [
          17.666666666666664,
          46.0,
          36.333333333333336
        ]
      ]
    },
    {
      "participant": "3228",
      "n_seeds": 20,
      "test_acc_mean": 0.4375,
      "test_acc_std": 0.03105649968749707,
      "test_bal_acc_mean": 0.5483333333333332,
      "test_bal_acc_std": 0.02844805349911025,
      "test_f1_mean": 0.35276146810692033,
      "test_f1_std": 0.023539949362775654,
      "test_kappa_mean": 0.22877065147650594,
      "test_kappa_std": 0.038223957909503434,
      "confusion_matrix": [
        [
          99.16666666666666,
          0.0,
          0.8333333333333333
        ],
        [
          70.99999999999999,
          0.0,
          29.0
        ],
        [
          29.333333333333325,
          5.333333333333334,
          65.33333333333334
        ]
      ]
    },
    {
      "participant": "3229",
      "n_seeds": 20,
      "test_acc_mean": 0.48999999999999994,
      "test_acc_std": 0.03639006069270802,
      "test_bal_acc_mean": 0.49000000000000005,
      "test_bal_acc_std": 0.03639006069270803,
      "test_f1_mean": 0.4413690165819343,
      "test_f1_std": 0.04683144967553801,
      "test_kappa_mean": 0.23500000000000001,
      "test_kappa_std": 0.05458509103906207,
      "confusion_matrix": [
        [
          36.33333333333333,
          17.666666666666664,
          46.00000000000001
        ],
        [
          16.333333333333336,
          17.333333333333336,
          66.33333333333333
        ],
        [
          0.0,
          6.666666666666669,
          93.3333333333333
        ]
      ]
    },
    {
      "participant": "3230",
      "n_seeds": 20,
      "test_acc_mean": 0.3122222222222222,
      "test_acc_std": 0.019712026851622596,
      "test_bal_acc_mean": 0.3122222222222222,
      "test_bal_acc_std": 0.019712026851622596,
      "test_f1_mean": 0.2308962201718196,
      "test_f1_std": 0.01859177746555583,
      "test_kappa_mean": -0.03166666666666672,
      "test_kappa_std": 0.029568040277433896,
      "confusion_matrix": [
        [
          72.33333333333334,
          4.0,
          23.666666666666668
        ],
        [
          76.0,
          0.0,
          23.999999999999996
        ],
        [
          78.66666666666667,
          0.0,
          21.333333333333332
        ]
      ]
    },
    {
      "participant": "3232",
      "n_seeds": 20,
      "test_acc_mean": 0.48,
      "test_acc_std": 0.03175605522628343,
      "test_bal_acc_mean": 0.48,
      "test_bal_acc_std": 0.03175605522628344,
      "test_f1_mean": 0.4674655638400759,
      "test_f1_std": 0.03786391045571978,
      "test_kappa_mean": 0.21999999999999997,
      "test_kappa_std": 0.047634082839425156,
      "confusion_matrix": [
        [
          27.666666666666664,
          71.99999999999999,
          0.33333333333333337
        ],
        [
          13.666666666666668,
          37.0,
          49.33333333333333
        ],
        [
          0.0,
          20.666666666666664,
          79.33333333333334
        ]
      ]
    },
    {
      "participant": "3233",
      "n_seeds": 20,
      "test_acc_mean": 0.27999999999999997,
      "test_acc_std": 0.03975231959999626,
      "test_bal_acc_mean": 0.27999999999999997,
      "test_bal_acc_std": 0.03975231959999626,
      "test_f1_mean": 0.29312356710284726,
      "test_f1_std": 0.039035740128408596,
      "test_kappa_mean": -0.08000000000000003,
      "test_kappa_std": 0.059628479399994376,
      "confusion_matrix": [
        [
          41.99999999999999,
          56.333333333333336,
          1.6666666666666667
        ],
        [
          81.66666666666667,
          8.999999999999998,
          9.333333333333332
        ],
        [
          19.666666666666668,
          47.33333333333333,
          33.0
        ]
      ]
    },
    {
      "participant": "3234",
      "n_seeds": 20,
      "test_acc_mean": 0.45777777777777773,
      "test_acc_std": 0.0440921711662586,
      "test_bal_acc_mean": 0.45777777777777784,
      "test_bal_acc_std": 0.04409217116625859,
      "test_f1_mean": 0.4267747489814037,
      "test_f1_std": 0.05213507172079278,
      "test_kappa_mean": 0.18666666666666665,
      "test_kappa_std": 0.0661382567493879,
      "confusion_matrix": [
        [
          29.333333333333332,
          41.00000000000001,
          29.666666666666668
        ],
        [
          0.0,
          84.33333333333334,
          15.666666666666668
        ],
        [
          0.0,
          76.33333333333334,
          23.666666666666664
        ]
      ]
    },
    {
      "participant": "3235",
      "n_seeds": 20,
      "test_acc_mean": 0.27272727272727265,
      "test_acc_std": 0.014747401920978417,
      "test_bal_acc_mean": 0.28349206349206346,
      "test_bal_acc_std": 0.014955965209911824,
      "test_f1_mean": 0.18362722052949895,
      "test_f1_std": 0.018182487851893345,
      "test_kappa_mean": -0.07407321273756574,
      "test_kappa_std": 0.02186022627877795,
      "confusion_matrix": [
        [
          75.7142857142857,
          0.7142857142857142,
          23.571428571428566
        ],
        [
          89.33333333333334,
          9.333333333333332,
          1.3333333333333335
        ],
        [
          72.66666666666666,
          27.333333333333336,
          0.0
        ]
      ]
    },
    {
      "participant": "3236",
      "n_seeds": 20,
      "test_acc_mean": 0.572972972972973,
      "test_acc_std": 0.03112588767364519,
      "test_bal_acc_mean": 0.47111111111111115,
      "test_bal_acc_std": 0.025592396531663817,
      "test_f1_mean": 0.5292012117309904,
      "test_f1_std": 0.028555837753497373,
      "test_kappa_mean": 0.2924888626346739,
      "test_kappa_std": 0.04754579834635531,
      "confusion_matrix": [
        [
          51.0,
          0.33333333333333337,
          48.666666666666664
        ],
        [
          0.0,
          0.0,
          100.0
        ],
        [
          0.0,
          9.666666666666664,
          90.3333333333333
        ]
      ]
    },
    {
      "participant": "3237",
      "n_seeds": 20,
      "test_acc_mean": 0.4333333333333334,
      "test_acc_std": 0.030510632167485112,
      "test_bal_acc_mean": 0.4180555555555556,
      "test_bal_acc_std": 0.030635196582617517,
      "test_f1_mean": 0.40925061344376534,
      "test_f1_std": 0.033866255787344826,
      "test_kappa_mean": 0.13349156108855437,
      "test_kappa_std": 0.04735909787767672,
      "confusion_matrix": [
        [
          68.99999999999999,
          26.333333333333343,
          4.666666666666666
        ],
        [
          40.83333333333333,
          20.41666666666667,
          38.74999999999999
        ],
        [
          62.999999999999986,
          1.0,
          35.99999999999999
        ]
      ]
    },
    {
      "participant": "3238",
      "n_seeds": 20,
      "test_acc_mean": 0.5533333333333333,
      "test_acc_std": 0.032960882164869615,
      "test_bal_acc_mean": 0.5533333333333333,
      "test_bal_acc_std": 0.032960882164869615,
      "test_f1_mean": 0.5096897363186834,
      "test_f1_std": 0.0379572399741344,
      "test_kappa_mean": 0.33000000000000007,
      "test_kappa_std": 0.04944132324730441,
      "confusion_matrix": [
        [
          82.33333333333334,
          17.666666666666664,
          0.0
        ],
        [
          71.99999999999999,
          10.999999999999998,
          17.0
        ],
        [
          16.333333333333332,
          11.000000000000002,
          72.66666666666664
        ]
      ]
    },
    {
      "participant": "3239",
      "n_seeds": 20,
      "test_acc_mean": 0.44659090909090915,
      "test_acc_std": 0.016935450462968047,
      "test_bal_acc_mean": 0.4366666666666667,
      "test_bal_acc_std": 0.016559107119346543,
      "test_f1_mean": 0.3543737026793134,
      "test_f1_std": 0.02311421487712128,
      "test_kappa_mean": 0.16136481858055202,
      "test_kappa_std": 0.02560569052092745,
      "confusion_matrix": [
        [
          100.0,
          0.0,
          0.0
        ],
        [
          100.0,
          0.0,
          0.0
        ],
        [
          58.666666666666664,
          10.333333333333334,
          30.999999999999993
        ]
      ]
    },
    {
      "participant": "3240",
      "n_seeds": 20,
      "test_acc_mean": 0.4279069767441861,
      "test_acc_std": 0.011688946277907774,
      "test_bal_acc_mean": 0.4142857142857143,
      "test_bal_acc_std": 0.011967254522619885,
      "test_f1_mean": 0.33125818182265726,
      "test_f1_std": 0.021063581120382018,
      "test_kappa_mean": 0.12422384846899281,
      "test_kappa_std": 0.01814426372699413,
      "confusion_matrix": [
        [
          9.999999999999996,
          86.7857142857143,
          3.214285714285714
        ],
        [
          0.0,
          100.0,
          0.0
        ],
        [
          0.0,
          85.71428571428572,
          14.285714285714281
        ]
      ]
    },
    {
      "participant": "3241",
      "n_seeds": 20,
      "test_acc_mean": 0.26888888888888884,
      "test_acc_std": 0.0387591821898836,
      "test_bal_acc_mean": 0.26888888888888884,
      "test_bal_acc_std": 0.03875918218988361,
      "test_f1_mean": 0.25800571830080476,
      "test_f1_std": 0.03527855884555741,
      "test_kappa_mean": -0.0966666666666667,
      "test_kappa_std": 0.05813877328482536,
      "confusion_matrix": [
        [
          28.666666666666668,
          30.666666666666668,
          40.666666666666664
        ],
        [
          40.33333333333333,
          14.000000000000004,
          45.666666666666664
        ],
        [
          62.0,
          0.0,
          38.0
        ]
      ]
    },
    {
      "participant": "3242",
      "n_seeds": 20,
      "test_acc_mean": 0.2944444444444444,
      "test_acc_std": 0.023776083450591956,
      "test_bal_acc_mean": 0.2944444444444444,
      "test_bal_acc_std": 0.023776083450591956,
      "test_f1_mean": 0.29089830556028395,
      "test_f1_std": 0.026868436200358076,
      "test_kappa_mean": -0.05833333333333339,
      "test_kappa_std": 0.03566412517588793,
      "confusion_matrix": [
        [
          42.66666666666666,
          1.6666666666666667,
          55.666666666666686
        ],
        [
          71.0,
          27.666666666666668,
          1.3333333333333335
        ],
        [
          51.66666666666667,
          30.333333333333336,
          18.0
        ]
      ]
    },
    {
      "participant": "3243",
      "n_seeds": 20,
      "test_acc_mean": 0.45113636363636367,
      "test_acc_std": 0.023636133602119493,
      "test_bal_acc_mean": 0.44841269841269843,
      "test_bal_acc_std": 0.024064356125498988,
      "test_f1_mean": 0.3538109221335312,
      "test_f1_std": 0.03630709726519904,
      "test_kappa_mean": 0.17059976572731983,
      "test_kappa_std": 0.03620446862686421,
      "confusion_matrix": [
        [
          32.85714285714285,
          1.0714285714285714,
          66.07142857142857
        ],
        [
          4.000000000000001,
          1.6666666666666667,
          94.33333333333333
        ],
        [
          0.0,
          0.0,
          100.0
        ]
      ]
    },
    {
      "participant": "3244",
      "n_seeds": 20,
      "test_acc_mean": 0.4600000000000001,
      "test_acc_std": 0.03311821423869309,
      "test_bal_acc_mean": 0.45999999999999996,
      "test_bal_acc_std": 0.033118214238693086,
      "test_f1_mean": 0.4209211265516637,
      "test_f1_std": 0.04393434329651635,
      "test_kappa_mean": 0.18999999999999997,
      "test_kappa_std": 0.049677321358039664,
      "confusion_matrix": [
        [
          84.66666666666669,
          2.0,
          13.333333333333337
        ],
        [
          67.66666666666666,
          18.333333333333336,
          14.000000000000004
        ],
        [
          62.999999999999986,
          2.0,
          35.0
        ]
      ]
    },
    {
      "participant": "3245",
      "n_seeds": 20,
      "test_acc_mean": 0.47906976744186053,
      "test_acc_std": 0.03147345106413741,
      "test_bal_acc_mean": 0.4647863247863248,
      "test_bal_acc_std": 0.029736763762940523,
      "test_f1_mean": 0.47734132839867627,
      "test_f1_std": 0.024874953818615375,
      "test_kappa_mean": 0.2096381876615312,
      "test_kappa_std": 0.04677366484638631,
      "confusion_matrix": [
        [
          64.33333333333333,
          35.666666666666664,
          0.0
        ],
        [
          5.666666666666668,
          59.33333333333333,
          35.0
        ],
        [
          1.1538461538461537,
          83.07692307692307,
          15.769230769230765
        ]
      ]
    },
    {
      "participant": "3246",
      "n_seeds": 20,
      "test_acc_mean": 0.40777777777777785,
      "test_acc_std": 0.025260179594856255,
      "test_bal_acc_mean": 0.40777777777777785,
      "test_bal_acc_std": 0.025260179594856255,
      "test_f1_mean": 0.3732294664763705,
      "test_f1_std": 0.024338694784887035,
      "test_kappa_mean": 0.11166666666666665,
      "test_kappa_std": 0.03789026939228438,
      "confusion_matrix": [
        [
          75.33333333333334,
          7.333333333333334,
          17.333333333333332
        ],
        [
          13.333333333333337,
          14.333333333333334,
          72.33333333333333
        ],
        [
          60.66666666666667,
          6.666666666666669,
          32.66666666666666
        ]
      ]
    },
    {
      "participant": "3247",
      "n_seeds": 20,
      "test_acc_mean": 0.30999999999999994,
      "test_acc_std": 0.015251838692294665,
      "test_bal_acc_mean": 0.30999999999999994,
      "test_bal_acc_std": 0.015251838692294644,
      "test_f1_mean": 0.1708060349453849,
      "test_f1_std": 0.019746594561760446,
      "test_kappa_mean": -0.03500000000000005,
      "test_kappa_std": 0.022877758038441973,
      "confusion_matrix": [
        [
          1.3333333333333335,
          8.333333333333332,
          90.33333333333333
        ],
        [
          0.6666666666666667,
          0.6666666666666667,
          98.66666666666666
        ],
        [
          8.0,
          1.0,
          90.99999999999999
        ]
      ]
    },
    {
      "participant": "3248",
      "n_seeds": 20,
      "test_acc_mean": 0.30340909090909085,
      "test_acc_std": 0.04501884482896764,
      "test_bal_acc_mean": 0.31206349206349204,
      "test_bal_acc_std": 0.046398732994760924,
      "test_f1_mean": 0.2532657470589997,
      "test_f1_std": 0.038785016737068995,
      "test_kappa_mean": -0.033117748949586884,
      "test_kappa_std": 0.0677882047604089,
      "confusion_matrix": [
        [
          69.28571428571428,
          21.785714285714285,
          8.928571428571425
        ],
        [
          54.666666666666664,
          13.666666666666668,
          31.666666666666675
        ],
        [
          77.00000000000001,
          12.333333333333332,
          10.666666666666668
        ]
      ]
    },
    {
      "participant": "3249",
      "n_seeds": 20,
      "test_acc_mean": 0.6366666666666665,
      "test_acc_std": 0.11129225000996565,
      "test_bal_acc_mean": 0.6366666666666665,
      "test_bal_acc_std": 0.11129225000996565,
      "test_f1_mean": 0.7724870781392521,
      "test_f1_std": 0.08572229186591612,
      "test_kappa_mean": 0.0,
      "test_kappa_std": 0.0,
      "confusion_matrix": [
        [
          0.0,
          0.0,
          0.0
        ],
        [
          0.0,
          0.0,
          0.0
        ],
        [
          1.6666666666666667,
          34.66666666666667,
          63.666666666666664
        ]
      ]
    },
    {
      "participant": "3250",
      "n_seeds": 20,
      "test_acc_mean": 0.3933333333333334,
      "test_acc_std": 0.03539437149411313,
      "test_bal_acc_mean": 0.3933333333333333,
      "test_bal_acc_std": 0.03539437149411311,
      "test_f1_mean": 0.33489303188310293,
      "test_f1_std": 0.047809924067935244,
      "test_kappa_mean": 0.08999999999999996,
      "test_kappa_std": 0.05309155724116969,
      "confusion_matrix": [
        [
          83.00000000000001,
          10.666666666666668,
          6.333333333333334
        ],
        [
          72.0,
          21.666666666666664,
          6.333333333333335
        ],
        [
          60.0,
          26.666666666666668,
          13.333333333333334
        ]
      ]
    }
  ],
  "selected_features": [
    "pct_missing",
    "mean_vel",
    "max_vel",
    "rms_disp",
    "fix_mean_dur",
    "fix_rate",
    "blink_mean_dur",
    "blink_rate",
    "sac_rate",
    "t_end_sec",
    "SCR_Peaks_N",
    "SCR_Peaks_Amplitude_Mean",
    "EDA_Tonic_SD",
    "HRV_MeanNN",
    "HRV_MedianNN",
    "HRV_pNN50",
    "HRV_pNN20",
    "HRV_MinNN",
    "HRV_MaxNN",
    "HRV_VHF",
    "HRV_CVI",
    "HRV_IALS",
    "HRV_PSS",
    "HRV_PAS",
    "HRV_FuzzyEn",
    "HRV_CD"
  ],
  "n_participants": 38,
  "n_seeds": 20,
  "n_features": 26,
  "timestamp": "2025-10-18T16:50:39.976557"
}