{
  "name": "eye",
  "config": {
    "n_seeds": 20,
    "feature_selection": "backward",
    "use_pose_derivatives": true,
    "use_time_features": false,
    "include_order": false,
    "normalize_features": true,
    "class_config": "all",
    "use_pca": false,
    "pca_variance": 0.9,
    "write_cm": true,
    "tune_hyperparameters": false,
    "tune_n_iter": 30,
    "tune_cv_folds": 5,
    "name": "eye",
    "feature_groups": [
      "eye_tracking"
    ],
    "split_strategy": "lopo"
  },
  "metrics": {
    "test_acc_mean": 0.41295607401541395,
    "test_acc_std": 0.09889901997656272,
    "test_bal_acc_mean": 0.4109959033214848,
    "test_bal_acc_std": 0.09723279654646695,
    "test_f1_mean": 0.3762555020547668,
    "test_f1_std": 0.10118154122616257,
    "test_kappa_mean": 0.11008676551348118,
    "test_kappa_std": 0.1609242940053309
  },
  "confusion_matrix": [
    [
      51.467054263565906,
      23.03820598006645,
      23.16915836101882
    ],
    [
      34.974176985804895,
      28.387471056075704,
      36.6383519581194
    ],
    [
      27.25641025641026,
      30.093917710196784,
      42.64967203339297
    ]
  ],
  "participant_results": [
    {
      "participant": "3105",
      "n_seeds": 20,
      "test_acc_mean": 0.24888888888888888,
      "test_acc_std": 0.01546338608752132,
      "test_bal_acc_mean": 0.24888888888888888,
      "test_bal_acc_std": 0.015463386087521317,
      "test_f1_mean": 0.24040344484302284,
      "test_f1_std": 0.016202016872963052,
      "test_kappa_mean": -0.12666666666666665,
      "test_kappa_std": 0.02319507913128196,
      "confusion_matrix": [
        [
          11.000000000000002,
          3.999999999999999,
          85.00000000000001
        ],
        [
          16.999999999999996,
          50.33333333333333,
          32.66666666666667
        ],
        [
          22.0,
          64.66666666666666,
          13.333333333333337
        ]
      ]
    },
    {
      "participant": "3206",
      "n_seeds": 20,
      "test_acc_mean": 0.5195121951219513,
      "test_acc_std": 0.016023089886141147,
      "test_bal_acc_mean": 0.51010101010101,
      "test_bal_acc_std": 0.01805139589161977,
      "test_f1_mean": 0.4737872916800807,
      "test_f1_std": 0.01927317630386433,
      "test_kappa_mean": 0.268497600592202,
      "test_kappa_std": 0.02494726807009995,
      "confusion_matrix": [
        [
          90.66666666666667,
          9.333333333333332,
          0.0
        ],
        [
          46.81818181818183,
          41.363636363636374,
          11.81818181818182
        ],
        [
          55.0,
          24.000000000000004,
          21.0
        ]
      ]
    },
    {
      "participant": "3207",
      "n_seeds": 20,
      "test_acc_mean": 0.524418604651163,
      "test_acc_std": 0.02555913129296674,
      "test_bal_acc_mean": 0.523015873015873,
      "test_bal_acc_std": 0.02575200673997614,
      "test_f1_mean": 0.5125098906307579,
      "test_f1_std": 0.026386397795430908,
      "test_kappa_mean": 0.28283248797800653,
      "test_kappa_std": 0.03859949341476143,
      "confusion_matrix": [
        [
          58.333333333333336,
          20.0,
          21.666666666666668
        ],
        [
          63.57142857142858,
          27.14285714285713,
          9.285714285714281
        ],
        [
          22.857142857142854,
          5.714285714285712,
          71.42857142857142
        ]
      ]
    },
    {
      "participant": "3208",
      "n_seeds": 20,
      "test_acc_mean": 0.38777777777777783,
      "test_acc_std": 0.02098918314196295,
      "test_bal_acc_mean": 0.38777777777777783,
      "test_bal_acc_std": 0.02098918314196294,
      "test_f1_mean": 0.37183577241872323,
      "test_f1_std": 0.022143514076321858,
      "test_kappa_mean": 0.08166666666666664,
      "test_kappa_std": 0.031483774712944425,
      "confusion_matrix": [
        [
          33.33333333333333,
          29.333333333333325,
          37.333333333333336
        ],
        [
          42.66666666666667,
          18.333333333333336,
          39.0
        ],
        [
          0.0,
          35.33333333333333,
          64.66666666666666
        ]
      ]
    },
    {
      "participant": "3209",
      "n_seeds": 20,
      "test_acc_mean": 0.3534090909090909,
      "test_acc_std": 0.02805400093118741,
      "test_bal_acc_mean": 0.3485714285714285,
      "test_bal_acc_std": 0.027925493385716333,
      "test_f1_mean": 0.33741271017244506,
      "test_f1_std": 0.025961051934355734,
      "test_kappa_mean": 0.026953287148560316,
      "test_kappa_std": 0.041714387554360556,
      "confusion_matrix": [
        [
          28.0,
          52.0,
          20.000000000000004
        ],
        [
          0.0,
          62.999999999999986,
          37.0
        ],
        [
          10.71428571428571,
          75.71428571428571,
          13.571428571428566
        ]
      ]
    },
    {
      "participant": "3210",
      "n_seeds": 20,
      "test_acc_mean": 0.3416666666666666,
      "test_acc_std": 0.0303488489333442,
      "test_bal_acc_mean": 0.3416666666666666,
      "test_bal_acc_std": 0.03034884893334419,
      "test_f1_mean": 0.28588320324304306,
      "test_f1_std": 0.027058063945094392,
      "test_kappa_mean": -0.3166666666666666,
      "test_kappa_std": 0.06069769786668839,
      "confusion_matrix": [
        [
          0.0,
          0.0,
          0.0
        ],
        [
          0.0,
          6.333333333333335,
          93.66666666666664
        ],
        [
          0.0,
          38.0,
          61.999999999999986
        ]
      ]
    },
    {
      "participant": "3214",
      "n_seeds": 20,
      "test_acc_mean": 0.42666666666666675,
      "test_acc_std": 0.02937512528832861,
      "test_bal_acc_mean": 0.42666666666666664,
      "test_bal_acc_std": 0.02937512528832861,
      "test_f1_mean": 0.3683534416007964,
      "test_f1_std": 0.04235668921730336,
      "test_kappa_mean": 0.13999999999999999,
      "test_kappa_std": 0.04406268793249291,
      "confusion_matrix": [
        [
          86.66666666666667,
          6.666666666666667,
          6.666666666666669
        ],
        [
          75.33333333333334,
          11.333333333333336,
          13.333333333333337
        ],
        [
          61.0,
          9.0,
          29.999999999999993
        ]
      ]
    },
    {
      "participant": "3215",
      "n_seeds": 20,
      "test_acc_mean": 0.3444444444444444,
      "test_acc_std": 0.01529438225803746,
      "test_bal_acc_mean": 0.3444444444444444,
      "test_bal_acc_std": 0.015294382258037465,
      "test_f1_mean": 0.29487708089959763,
      "test_f1_std": 0.015346718953040229,
      "test_kappa_mean": 0.016666666666666656,
      "test_kappa_std": 0.022941573387056186,
      "confusion_matrix": [
        [
          77.66666666666667,
          22.333333333333336,
          0.0
        ],
        [
          88.0,
          12.0,
          0.0
        ],
        [
          35.66666666666667,
          50.66666666666668,
          13.666666666666668
        ]
      ]
    },
    {
      "participant": "3216",
      "n_seeds": 20,
      "test_acc_mean": 0.4674418604651164,
      "test_acc_std": 0.026028145299407678,
      "test_bal_acc_mean": 0.4603418803418803,
      "test_bal_acc_std": 0.024871338841656224,
      "test_f1_mean": 0.47053536475251817,
      "test_f1_std": 0.02431497717697711,
      "test_kappa_mean": 0.1995361584350161,
      "test_kappa_std": 0.038181155987498584,
      "confusion_matrix": [
        [
          63.66666666666667,
          11.0,
          25.333333333333332
        ],
        [
          21.333333333333336,
          43.666666666666664,
          35.0
        ],
        [
          7.692307692307691,
          61.538461538461526,
          30.769230769230763
        ]
      ]
    },
    {
      "participant": "3217",
      "n_seeds": 20,
      "test_acc_mean": 0.4377777777777778,
      "test_acc_std": 0.02707292872567678,
      "test_bal_acc_mean": 0.4377777777777778,
      "test_bal_acc_std": 0.027072928725676793,
      "test_f1_mean": 0.3870328520086735,
      "test_f1_std": 0.023928395169803517,
      "test_kappa_mean": 0.15666666666666665,
      "test_kappa_std": 0.04060939308851516,
      "confusion_matrix": [
        [
          90.3333333333333,
          1.0,
          8.666666666666663
        ],
        [
          41.33333333333333,
          7.000000000000002,
          51.66666666666667
        ],
        [
          18.33333333333333,
          47.66666666666667,
          34.0
        ]
      ]
    },
    {
      "participant": "3218",
      "n_seeds": 20,
      "test_acc_mean": 0.22777777777777777,
      "test_acc_std": 0.009872481295984874,
      "test_bal_acc_mean": 0.22777777777777777,
      "test_bal_acc_std": 0.009872481295984874,
      "test_f1_mean": 0.15793197784950347,
      "test_f1_std": 0.010458328112725993,
      "test_kappa_mean": -0.15833333333333338,
      "test_kappa_std": 0.014808721943977355,
      "confusion_matrix": [
        [
          0.0,
          39.666666666666664,
          60.333333333333336
        ],
        [
          0.0,
          7.666666666666669,
          92.33333333333331
        ],
        [
          10.000000000000002,
          29.333333333333336,
          60.666666666666664
        ]
      ]
    },
    {
      "participant": "3219",
      "n_seeds": 20,
      "test_acc_mean": 0.4302325581395349,
      "test_acc_std": 0.01600574887469036,
      "test_bal_acc_mean": 0.42039682539682544,
      "test_bal_acc_std": 0.01572424011523614,
      "test_f1_mean": 0.3794180577129333,
      "test_f1_std": 0.01405638724887636,
      "test_kappa_mean": 0.1358775847363708,
      "test_kappa_std": 0.024092626811378526,
      "confusion_matrix": [
        [
          27.49999999999999,
          22.857142857142854,
          49.64285714285715
        ],
        [
          26.785714285714285,
          14.285714285714281,
          58.92857142857142
        ],
        [
          10.666666666666668,
          5.000000000000001,
          84.33333333333334
        ]
      ]
    },
    {
      "participant": "3220",
      "n_seeds": 20,
      "test_acc_mean": 0.41111111111111115,
      "test_acc_std": 0.015294382258037443,
      "test_bal_acc_mean": 0.41111111111111115,
      "test_bal_acc_std": 0.015294382258037462,
      "test_f1_mean": 0.333373839426471,
      "test_f1_std": 0.011092992768364904,
      "test_kappa_mean": 0.11666666666666663,
      "test_kappa_std": 0.02294157338705617,
      "confusion_matrix": [
        [
          51.333333333333336,
          8.666666666666666,
          40.00000000000001
        ],
        [
          60.333333333333336,
          0.0,
          39.66666666666667
        ],
        [
          28.0,
          0.0,
          71.99999999999999
        ]
      ]
    },
    {
      "participant": "3221",
      "n_seeds": 20,
      "test_acc_mean": 0.3833333333333334,
      "test_acc_std": 0.01591889776469732,
      "test_bal_acc_mean": 0.3833333333333334,
      "test_bal_acc_std": 0.015918897764697328,
      "test_f1_mean": 0.39497665743653726,
      "test_f1_std": 0.017756622372491006,
      "test_kappa_mean": 0.075,
      "test_kappa_std": 0.02387834664704595,
      "confusion_matrix": [
        [
          29.000000000000007,
          71.00000000000001,
          0.0
        ],
        [
          39.33333333333333,
          46.66666666666665,
          14.0
        ],
        [
          10.0,
          50.66666666666667,
          39.33333333333333
        ]
      ]
    },
    {
      "participant": "3222",
      "n_seeds": 20,
      "test_acc_mean": 0.4888888888888888,
      "test_acc_std": 5.695323946259567e-17,
      "test_bal_acc_mean": 0.48888888888888893,
      "test_bal_acc_std": 0.0,
      "test_f1_mean": 0.4008004574042309,
      "test_f1_std": 0.0,
      "test_kappa_mean": 0.2333333333333333,
      "test_kappa_std": 2.8476619731297836e-17,
      "confusion_matrix": [
        [
          46.66666666666665,
          0.0,
          53.33333333333335
        ],
        [
          0.0,
          0.0,
          100.0
        ],
        [
          0.0,
          0.0,
          100.0
        ]
      ]
    },
    {
      "participant": "3223",
      "n_seeds": 20,
      "test_acc_mean": 0.2733333333333333,
      "test_acc_std": 0.02051956704170308,
      "test_bal_acc_mean": 0.2733333333333333,
      "test_bal_acc_std": 0.020519567041703084,
      "test_f1_mean": 0.24211094021960275,
      "test_f1_std": 0.02223689405313351,
      "test_kappa_mean": -0.09,
      "test_kappa_std": 0.030779350562554635,
      "confusion_matrix": [
        [
          50.333333333333336,
          9.666666666666666,
          39.99999999999999
        ],
        [
          69.33333333333333,
          28.666666666666668,
          2.0
        ],
        [
          21.000000000000007,
          75.99999999999999,
          2.9999999999999996
        ]
      ]
    },
    {
      "participant": "3224",
      "n_seeds": 20,
      "test_acc_mean": 0.47000000000000003,
      "test_acc_std": 0.021357442517239575,
      "test_bal_acc_mean": 0.48154761904761906,
      "test_bal_acc_std": 0.0404125624021111,
      "test_f1_mean": 0.36880627505532626,
      "test_f1_std": 0.031022883427742367,
      "test_kappa_mean": 0.21908288787828284,
      "test_kappa_std": 0.03200386927552609,
      "confusion_matrix": [
        [
          41.25,
          32.5,
          26.25
        ],
        [
          54.642857142857146,
          3.214285714285713,
          42.142857142857146
        ],
        [
          0.0,
          0.0,
          100.0
        ]
      ]
    },
    {
      "participant": "3225",
      "n_seeds": 20,
      "test_acc_mean": 0.5033333333333333,
      "test_acc_std": 0.021957487425957427,
      "test_bal_acc_mean": 0.5033333333333333,
      "test_bal_acc_std": 0.021957487425957444,
      "test_f1_mean": 0.4776747041719399,
      "test_f1_std": 0.022580287664533353,
      "test_kappa_mean": 0.255,
      "test_kappa_std": 0.032936231138936164,
      "confusion_matrix": [
        [
          40.666666666666664,
          0.0,
          59.333333333333336
        ],
        [
          0.0,
          20.0,
          80.0
        ],
        [
          0.0,
          9.666666666666668,
          90.33333333333333
        ]
      ]
    },
    {
      "participant": "3226",
      "n_seeds": 20,
      "test_acc_mean": 0.13777777777777778,
      "test_acc_std": 0.018522416743699796,
      "test_bal_acc_mean": 0.13777777777777778,
      "test_bal_acc_std": 0.018522416743699796,
      "test_f1_mean": 0.12464545943386338,
      "test_f1_std": 0.016017856777860967,
      "test_kappa_mean": -0.29333333333333333,
      "test_kappa_std": 0.027783625115549725,
      "confusion_matrix": [
        [
          0.0,
          73.33333333333334,
          26.666666666666668
        ],
        [
          35.666666666666664,
          30.0,
          34.333333333333336
        ],
        [
          45.666666666666664,
          43.00000000000001,
          11.333333333333336
        ]
      ]
    },
    {
      "participant": "3227",
      "n_seeds": 20,
      "test_acc_mean": 0.49555555555555547,
      "test_acc_std": 0.021749354885759672,
      "test_bal_acc_mean": 0.49555555555555547,
      "test_bal_acc_std": 0.02174935488575968,
      "test_f1_mean": 0.4176405907452675,
      "test_f1_std": 0.022933195772154,
      "test_kappa_mean": 0.24333333333333332,
      "test_kappa_std": 0.03262403232863954,
      "confusion_matrix": [
        [
          100.0,
          0.0,
          0.0
        ],
        [
          100.0,
          0.0,
          0.0
        ],
        [
          32.99999999999999,
          18.33333333333333,
          48.66666666666667
        ]
      ]
    },
    {
      "participant": "3228",
      "n_seeds": 20,
      "test_acc_mean": 0.5288888888888887,
      "test_acc_std": 0.027548763547017147,
      "test_bal_acc_mean": 0.5288888888888887,
      "test_bal_acc_std": 0.02754876354701714,
      "test_f1_mean": 0.49333254143885574,
      "test_f1_std": 0.031696909384547264,
      "test_kappa_mean": 0.29333333333333333,
      "test_kappa_std": 0.04132314532052573,
      "confusion_matrix": [
        [
          34.33333333333333,
          13.666666666666666,
          52.0
        ],
        [
          30.333333333333336,
          30.333333333333332,
          39.333333333333336
        ],
        [
          1.6666666666666667,
          4.333333333333334,
          94.0
        ]
      ]
    },
    {
      "participant": "3229",
      "n_seeds": 20,
      "test_acc_mean": 0.4333333333333333,
      "test_acc_std": 0.03915945974920048,
      "test_bal_acc_mean": 0.4333333333333333,
      "test_bal_acc_std": 0.03915945974920048,
      "test_f1_mean": 0.44084914479765197,
      "test_f1_std": 0.038973439351880565,
      "test_kappa_mean": 0.14999999999999997,
      "test_kappa_std": 0.05873918962380071,
      "confusion_matrix": [
        [
          35.66666666666667,
          61.0,
          3.333333333333333
        ],
        [
          33.0,
          45.666666666666664,
          21.333333333333336
        ],
        [
          17.999999999999996,
          33.333333333333336,
          48.66666666666667
        ]
      ]
    },
    {
      "participant": "3230",
      "n_seeds": 20,
      "test_acc_mean": 0.3155555555555555,
      "test_acc_std": 0.015463386087521317,
      "test_bal_acc_mean": 0.3155555555555555,
      "test_bal_acc_std": 0.015463386087521304,
      "test_f1_mean": 0.27873316563264544,
      "test_f1_std": 0.018429742781868458,
      "test_kappa_mean": -0.026666666666666717,
      "test_kappa_std": 0.023195079131281993,
      "confusion_matrix": [
        [
          60.0,
          14.333333333333334,
          25.666666666666668
        ],
        [
          92.99999999999999,
          6.000000000000002,
          1.0
        ],
        [
          70.66666666666666,
          0.6666666666666667,
          28.666666666666668
        ]
      ]
    },
    {
      "participant": "3231",
      "n_seeds": 20,
      "test_acc_mean": 0.3788888888888889,
      "test_acc_std": 0.018346176610708823,
      "test_bal_acc_mean": 0.3788888888888889,
      "test_bal_acc_std": 0.0183461766107088,
      "test_f1_mean": 0.3542702283485746,
      "test_f1_std": 0.024752116913895617,
      "test_kappa_mean": 0.06833333333333329,
      "test_kappa_std": 0.027519264916063248,
      "confusion_matrix": [
        [
          66.33333333333333,
          13.666666666666668,
          20.0
        ],
        [
          46.0,
          20.666666666666664,
          33.33333333333333
        ],
        [
          63.33333333333333,
          9.999999999999996,
          26.666666666666675
        ]
      ]
    },
    {
      "participant": "3232",
      "n_seeds": 20,
      "test_acc_mean": 0.2933333333333333,
      "test_acc_std": 0.023473541434951294,
      "test_bal_acc_mean": 0.29333333333333333,
      "test_bal_acc_std": 0.02347354143495129,
      "test_f1_mean": 0.28413332721606893,
      "test_f1_std": 0.023160890458464513,
      "test_kappa_mean": -0.06000000000000002,
      "test_kappa_std": 0.035210312152426974,
      "confusion_matrix": [
        [
          34.666666666666664,
          65.33333333333333,
          0.0
        ],
        [
          14.000000000000004,
          11.333333333333334,
          74.66666666666666
        ],
        [
          56.0,
          2.0,
          42.0
        ]
      ]
    },
    {
      "participant": "3233",
      "n_seeds": 20,
      "test_acc_mean": 0.40888888888888897,
      "test_acc_std": 0.015123489941749344,
      "test_bal_acc_mean": 0.40888888888888897,
      "test_bal_acc_std": 0.015123489941749356,
      "test_f1_mean": 0.33073082969543044,
      "test_f1_std": 0.022877520601368925,
      "test_kappa_mean": 0.11333333333333333,
      "test_kappa_std": 0.022685234912623985,
      "confusion_matrix": [
        [
          93.66666666666664,
          6.333333333333335,
          0.0
        ],
        [
          76.66666666666666,
          16.666666666666664,
          6.666666666666669
        ],
        [
          74.33333333333333,
          13.333333333333337,
          12.333333333333332
        ]
      ]
    },
    {
      "participant": "3234",
      "n_seeds": 20,
      "test_acc_mean": 0.40888888888888897,
      "test_acc_std": 0.015123489941749335,
      "test_bal_acc_mean": 0.40888888888888886,
      "test_bal_acc_std": 0.015123489941749354,
      "test_f1_mean": 0.3919302162220119,
      "test_f1_std": 0.013929127603972228,
      "test_kappa_mean": 0.11333333333333331,
      "test_kappa_std": 0.022685234912624017,
      "confusion_matrix": [
        [
          60.0,
          0.33333333333333337,
          39.666666666666664
        ],
        [
          38.00000000000001,
          20.0,
          41.99999999999999
        ],
        [
          42.33333333333333,
          15.000000000000004,
          42.666666666666664
        ]
      ]
    },
    {
      "participant": "3235",
      "n_seeds": 20,
      "test_acc_mean": 0.35681818181818176,
      "test_acc_std": 0.01665216129693288,
      "test_bal_acc_mean": 0.3624603174603175,
      "test_bal_acc_std": 0.017012367311781386,
      "test_f1_mean": 0.29026081826602507,
      "test_f1_std": 0.013522154682727633,
      "test_kappa_mean": 0.03952843613732271,
      "test_kappa_std": 0.02498185611283466,
      "confusion_matrix": [
        [
          61.07142857142857,
          26.428571428571427,
          12.499999999999995
        ],
        [
          52.33333333333335,
          47.66666666666665,
          0.0
        ],
        [
          27.000000000000007,
          72.99999999999999,
          0.0
        ]
      ]
    },
    {
      "participant": "3236",
      "n_seeds": 20,
      "test_acc_mean": 0.6378378378378378,
      "test_acc_std": 0.03087786867986375,
      "test_bal_acc_mean": 0.6031746031746031,
      "test_bal_acc_std": 0.03266830742977176,
      "test_f1_mean": 0.6374522809115166,
      "test_f1_std": 0.030466465455402353,
      "test_kappa_mean": 0.4386263793651917,
      "test_kappa_std": 0.04388655293376396,
      "confusion_matrix": [
        [
          86.66666666666669,
          0.0,
          13.333333333333337
        ],
        [
          9.999999999999996,
          44.28571428571429,
          45.71428571428571
        ],
        [
          13.333333333333337,
          36.66666666666667,
          50.0
        ]
      ]
    },
    {
      "participant": "3237",
      "n_seeds": 20,
      "test_acc_mean": 0.344047619047619,
      "test_acc_std": 0.018075110821815437,
      "test_bal_acc_mean": 0.3297222222222222,
      "test_bal_acc_std": 0.020414403940333812,
      "test_f1_mean": 0.26393042762606167,
      "test_f1_std": 0.026523779218988065,
      "test_kappa_mean": -0.0056516592429357694,
      "test_kappa_std": 0.029367476408470417,
      "confusion_matrix": [
        [
          80.0,
          20.0,
          0.0
        ],
        [
          61.66666666666667,
          12.916666666666663,
          25.416666666666664
        ],
        [
          87.33333333333336,
          6.666666666666669,
          6.000000000000002
        ]
      ]
    },
    {
      "participant": "3238",
      "n_seeds": 20,
      "test_acc_mean": 0.3511111111111111,
      "test_acc_std": 0.022338875108890432,
      "test_bal_acc_mean": 0.3511111111111111,
      "test_bal_acc_std": 0.022338875108890426,
      "test_f1_mean": 0.28570086646374027,
      "test_f1_std": 0.02869021856364258,
      "test_kappa_mean": 0.026666666666666637,
      "test_kappa_std": 0.03350831266333567,
      "confusion_matrix": [
        [
          77.0,
          15.333333333333332,
          7.666666666666669
        ],
        [
          54.666666666666686,
          25.33333333333334,
          20.0
        ],
        [
          76.99999999999999,
          20.0,
          3.0
        ]
      ]
    },
    {
      "participant": "3239",
      "n_seeds": 20,
      "test_acc_mean": 0.425,
      "test_acc_std": 0.03137074324861338,
      "test_bal_acc_mean": 0.4181746031746032,
      "test_bal_acc_std": 0.030978503639424917,
      "test_f1_mean": 0.41848703369339935,
      "test_f1_std": 0.025183477149988497,
      "test_kappa_mean": 0.13393013305505552,
      "test_kappa_std": 0.04664277128725418,
      "confusion_matrix": [
        [
          59.0,
          13.333333333333334,
          27.666666666666664
        ],
        [
          11.071428571428566,
          11.785714285714281,
          77.14285714285714
        ],
        [
          7.666666666666666,
          37.66666666666667,
          54.66666666666667
        ]
      ]
    },
    {
      "participant": "3240",
      "n_seeds": 20,
      "test_acc_mean": 0.5906976744186044,
      "test_acc_std": 0.027619902487281932,
      "test_bal_acc_mean": 0.5857936507936506,
      "test_bal_acc_std": 0.026642761891650952,
      "test_f1_mean": 0.5426642328560213,
      "test_f1_std": 0.027167690615998354,
      "test_kappa_mean": 0.383494466318122,
      "test_kappa_std": 0.04108889707290862,
      "confusion_matrix": [
        [
          78.5714285714286,
          17.857142857142854,
          3.5714285714285703
        ],
        [
          19.333333333333332,
          79.66666666666667,
          1.0
        ],
        [
          46.42857142857143,
          36.07142857142856,
          17.499999999999996
        ]
      ]
    },
    {
      "participant": "3241",
      "n_seeds": 20,
      "test_acc_mean": 0.35888888888888887,
      "test_acc_std": 0.02908614616334515,
      "test_bal_acc_mean": 0.35888888888888887,
      "test_bal_acc_std": 0.02908614616334514,
      "test_f1_mean": 0.3123273215245052,
      "test_f1_std": 0.025351170860335996,
      "test_kappa_mean": 0.03833333333333331,
      "test_kappa_std": 0.04362921924501774,
      "confusion_matrix": [
        [
          6.666666666666669,
          30.333333333333336,
          62.999999999999986
        ],
        [
          20.0,
          28.666666666666668,
          51.333333333333336
        ],
        [
          19.666666666666668,
          8.0,
          72.33333333333333
        ]
      ]
    },
    {
      "participant": "3242",
      "n_seeds": 20,
      "test_acc_mean": 0.3477777777777777,
      "test_acc_std": 0.02074004454414955,
      "test_bal_acc_mean": 0.3477777777777777,
      "test_bal_acc_std": 0.02074004454414955,
      "test_f1_mean": 0.3285626267586604,
      "test_f1_std": 0.018688230018655487,
      "test_kappa_mean": 0.02166666666666666,
      "test_kappa_std": 0.031110066816224323,
      "confusion_matrix": [
        [
          40.0,
          17.333333333333336,
          42.66666666666667
        ],
        [
          30.0,
          56.333333333333336,
          13.666666666666668
        ],
        [
          5.666666666666668,
          86.33333333333334,
          8.0
        ]
      ]
    },
    {
      "participant": "3243",
      "n_seeds": 20,
      "test_acc_mean": 0.43409090909090897,
      "test_acc_std": 0.03031299676615229,
      "test_bal_acc_mean": 0.43698412698412703,
      "test_bal_acc_std": 0.029718458960489528,
      "test_f1_mean": 0.4356351975338459,
      "test_f1_std": 0.026576007092156958,
      "test_kappa_mean": 0.14865015751485428,
      "test_kappa_std": 0.04563632366855972,
      "confusion_matrix": [
        [
          56.42857142857141,
          13.928571428571422,
          29.64285714285713
        ],
        [
          20.0,
          23.333333333333336,
          56.666666666666664
        ],
        [
          0.0,
          48.666666666666664,
          51.33333333333333
        ]
      ]
    },
    {
      "participant": "3244",
      "n_seeds": 20,
      "test_acc_mean": 0.4655555555555556,
      "test_acc_std": 0.03098973818289813,
      "test_bal_acc_mean": 0.4655555555555556,
      "test_bal_acc_std": 0.03098973818289813,
      "test_f1_mean": 0.4662583787886684,
      "test_f1_std": 0.031173973755364834,
      "test_kappa_mean": 0.1983333333333333,
      "test_kappa_std": 0.04648460727434722,
      "confusion_matrix": [
        [
          59.33333333333333,
          20.0,
          20.666666666666668
        ],
        [
          6.333333333333336,
          40.33333333333334,
          53.333333333333336
        ],
        [
          33.33333333333333,
          26.666666666666675,
          40.0
        ]
      ]
    },
    {
      "participant": "3245",
      "n_seeds": 20,
      "test_acc_mean": 0.41860465116279066,
      "test_acc_std": 0.016871540700232838,
      "test_bal_acc_mean": 0.4022222222222223,
      "test_bal_acc_std": 0.016694383910197202,
      "test_f1_mean": 0.38694052472469564,
      "test_f1_std": 0.017593440933569605,
      "test_kappa_mean": 0.11450460309247937,
      "test_kappa_std": 0.025411868419765404,
      "confusion_matrix": [
        [
          39.666666666666664,
          53.66666666666667,
          6.666666666666669
        ],
        [
          1.6666666666666667,
          75.99999999999999,
          22.333333333333336
        ],
        [
          0.0,
          95.00000000000001,
          5.0
        ]
      ]
    },
    {
      "participant": "3246",
      "n_seeds": 20,
      "test_acc_mean": 0.40888888888888897,
      "test_acc_std": 0.028293458927173915,
      "test_bal_acc_mean": 0.40888888888888897,
      "test_bal_acc_std": 0.028293458927173918,
      "test_f1_mean": 0.3930820940632513,
      "test_f1_std": 0.02543439871274016,
      "test_kappa_mean": 0.11333333333333333,
      "test_kappa_std": 0.042440188390760886,
      "confusion_matrix": [
        [
          66.0,
          18.333333333333336,
          15.666666666666666
        ],
        [
          18.333333333333332,
          36.666666666666664,
          44.99999999999999
        ],
        [
          59.333333333333336,
          20.666666666666668,
          19.999999999999996
        ]
      ]
    },
    {
      "participant": "3247",
      "n_seeds": 20,
      "test_acc_mean": 0.4877777777777778,
      "test_acc_std": 0.023334725661605788,
      "test_bal_acc_mean": 0.4877777777777778,
      "test_bal_acc_std": 0.02333472566160579,
      "test_f1_mean": 0.44228715870930896,
      "test_f1_std": 0.03332454944962781,
      "test_kappa_mean": 0.23166666666666663,
      "test_kappa_std": 0.03500208849240873,
      "confusion_matrix": [
        [
          31.333333333333325,
          35.66666666666667,
          32.99999999999999
        ],
        [
          25.000000000000004,
          22.333333333333336,
          52.666666666666664
        ],
        [
          5.666666666666668,
          1.6666666666666667,
          92.66666666666666
        ]
      ]
    },
    {
      "participant": "3248",
      "n_seeds": 20,
      "test_acc_mean": 0.5999999999999999,
      "test_acc_std": 0.02489647988659845,
      "test_bal_acc_mean": 0.6053174603174603,
      "test_bal_acc_std": 0.02541913702478719,
      "test_f1_mean": 0.5278354042428817,
      "test_f1_std": 0.024296912811936584,
      "test_kappa_mean": 0.3995350607378284,
      "test_kappa_std": 0.03762081943733057,
      "confusion_matrix": [
        [
          83.92857142857144,
          16.071428571428566,
          0.0
        ],
        [
          13.000000000000004,
          5.333333333333334,
          81.66666666666667
        ],
        [
          0.0,
          7.666666666666667,
          92.33333333333333
        ]
      ]
    },
    {
      "participant": "3249",
      "n_seeds": 20,
      "test_acc_mean": 0.47444444444444445,
      "test_acc_std": 0.02526017959485626,
      "test_bal_acc_mean": 0.47444444444444445,
      "test_bal_acc_std": 0.025260179594856273,
      "test_f1_mean": 0.43474308999398403,
      "test_f1_std": 0.02440444127228767,
      "test_kappa_mean": 0.21166666666666667,
      "test_kappa_std": 0.037890269392284404,
      "confusion_matrix": [
        [
          15.0,
          76.66666666666666,
          8.333333333333334
        ],
        [
          3.0,
          87.99999999999999,
          9.0
        ],
        [
          35.666666666666664,
          24.999999999999996,
          39.33333333333333
        ]
      ]
    },
    {
      "participant": "3250",
      "n_seeds": 20,
      "test_acc_mean": 0.4144444444444445,
      "test_acc_std": 0.03165358301581025,
      "test_bal_acc_mean": 0.4144444444444445,
      "test_bal_acc_std": 0.03165358301581024,
      "test_f1_mean": 0.39882966714183526,
      "test_f1_std": 0.030480413217869998,
      "test_kappa_mean": 0.12166666666666667,
      "test_kappa_std": 0.047480374523715375,
      "confusion_matrix": [
        [
          61.333333333333314,
          27.666666666666668,
          11.0
        ],
        [
          44.33333333333333,
          40.333333333333336,
          15.333333333333332
        ],
        [
          35.99999999999999,
          41.33333333333333,
          22.666666666666668
        ]
      ]
    }
  ],
  "selected_features": [
    "pct_missing",
    "mean_vel",
    "max_vel",
    "fix_mean_dur",
    "fix_rate",
    "blink_mean_dur",
    "blink_rate",
    "sac_rate"
  ],
  "n_participants": 43,
  "n_seeds": 20,
  "n_features": 8,
  "timestamp": "2025-10-18T14:15:03.309213"
}