{
  "name": "gsr_ecg",
  "config": {
    "n_seeds": 20,
    "feature_selection": "backward",
    "use_pose_derivatives": true,
    "use_time_features": false,
    "include_order": false,
    "normalize_features": true,
    "class_config": "all",
    "use_pca": false,
    "pca_variance": 0.9,
    "write_cm": true,
    "tune_hyperparameters": false,
    "tune_n_iter": 30,
    "tune_cv_folds": 5,
    "name": "gsr_ecg",
    "feature_groups": [
      "gsr",
      "ecg"
    ],
    "split_strategy": "lopo"
  },
  "metrics": {
    "test_acc_mean": 0.40662646198830416,
    "test_acc_std": 0.1160047130760048,
    "test_bal_acc_mean": 0.40980994152046785,
    "test_bal_acc_std": 0.11088492566020186,
    "test_f1_mean": 0.3577928405066169,
    "test_f1_std": 0.14360994379770503,
    "test_kappa_mean": 0.0988994978658887,
    "test_kappa_std": 0.14844667990193117
  },
  "confusion_matrix": [
    [
      49.68421052631579,
      19.991228070175442,
      27.692982456140356
    ],
    [
      31.096491228070178,
      35.13157894736842,
      31.14035087719298
    ],
    [
      35.08771929824561,
      30.574561403508763,
      34.33771929824562
    ]
  ],
  "participant_results": [
    {
      "participant": "3208",
      "n_seeds": 20,
      "test_acc_mean": 0.35222222222222216,
      "test_acc_std": 0.01087467744287985,
      "test_bal_acc_mean": 0.35222222222222216,
      "test_bal_acc_std": 0.01087467744287985,
      "test_f1_mean": 0.2396018144986153,
      "test_f1_std": 0.01351198233224842,
      "test_kappa_mean": 0.02833333333333333,
      "test_kappa_std": 0.016312016164319758,
      "confusion_matrix": [
        [
          0.0,
          100.0,
          0.0
        ],
        [
          0.0,
          91.99999999999999,
          8.0
        ],
        [
          6.666666666666669,
          79.66666666666667,
          13.666666666666668
        ]
      ]
    },
    {
      "participant": "3209",
      "n_seeds": 20,
      "test_acc_mean": 0.4244444444444445,
      "test_acc_std": 0.024871338841656238,
      "test_bal_acc_mean": 0.4244444444444445,
      "test_bal_acc_std": 0.024871338841656244,
      "test_f1_mean": 0.3484882766267461,
      "test_f1_std": 0.03396196277346115,
      "test_kappa_mean": 0.13666666666666663,
      "test_kappa_std": 0.03730700826248435,
      "confusion_matrix": [
        [
          16.666666666666664,
          44.66666666666665,
          38.66666666666667
        ],
        [
          0.0,
          97.0,
          3.0
        ],
        [
          7.0,
          79.33333333333333,
          13.666666666666666
        ]
      ]
    },
    {
      "participant": "3210",
      "n_seeds": 20,
      "test_acc_mean": 0.5544444444444444,
      "test_acc_std": 0.022192963194098986,
      "test_bal_acc_mean": 0.5544444444444444,
      "test_bal_acc_std": 0.022192963194099004,
      "test_f1_mean": 0.541715104414053,
      "test_f1_std": 0.022581103408487034,
      "test_kappa_mean": 0.3316666666666667,
      "test_kappa_std": 0.03328944479114849,
      "confusion_matrix": [
        [
          63.0,
          14.999999999999996,
          22.0
        ],
        [
          0.33333333333333337,
          23.666666666666668,
          75.99999999999999
        ],
        [
          6.333333333333335,
          14.000000000000004,
          79.66666666666667
        ]
      ]
    },
    {
      "participant": "3214",
      "n_seeds": 20,
      "test_acc_mean": 0.35222222222222216,
      "test_acc_std": 0.016559107119346553,
      "test_bal_acc_mean": 0.35222222222222216,
      "test_bal_acc_std": 0.016559107119346553,
      "test_f1_mean": 0.22820158189965686,
      "test_f1_std": 0.021031189020324723,
      "test_kappa_mean": 0.02833333333333333,
      "test_kappa_std": 0.024838660679019818,
      "confusion_matrix": [
        [
          0.0,
          27.0,
          72.99999999999999
        ],
        [
          0.0,
          100.0,
          0.0
        ],
        [
          0.0,
          94.33333333333333,
          5.666666666666667
        ]
      ]
    },
    {
      "participant": "3215",
      "n_seeds": 20,
      "test_acc_mean": 0.5455555555555556,
      "test_acc_std": 0.03262403232863952,
      "test_bal_acc_mean": 0.5455555555555556,
      "test_bal_acc_std": 0.03262403232863952,
      "test_f1_mean": 0.5530222023181268,
      "test_f1_std": 0.028373961575368065,
      "test_kappa_mean": 0.31833333333333336,
      "test_kappa_std": 0.048936048492959294,
      "confusion_matrix": [
        [
          66.33333333333333,
          19.333333333333332,
          14.333333333333332
        ],
        [
          0.0,
          35.666666666666664,
          64.33333333333334
        ],
        [
          6.333333333333335,
          32.0,
          61.666666666666664
        ]
      ]
    },
    {
      "participant": "3216",
      "n_seeds": 20,
      "test_acc_mean": 0.35444444444444445,
      "test_acc_std": 0.027430578688272134,
      "test_bal_acc_mean": 0.35444444444444445,
      "test_bal_acc_std": 0.02743057868827212,
      "test_f1_mean": 0.3219634263288493,
      "test_f1_std": 0.021505514250115508,
      "test_kappa_mean": 0.03166666666666666,
      "test_kappa_std": 0.0411458680324082,
      "confusion_matrix": [
        [
          40.99999999999999,
          19.333333333333332,
          39.66666666666667
        ],
        [
          4.333333333333334,
          6.666666666666669,
          89.0
        ],
        [
          33.66666666666667,
          7.666666666666666,
          58.666666666666664
        ]
      ]
    },
    {
      "participant": "3217",
      "n_seeds": 20,
      "test_acc_mean": 0.4288888888888889,
      "test_acc_std": 0.03389392158968544,
      "test_bal_acc_mean": 0.4288888888888889,
      "test_bal_acc_std": 0.03389392158968544,
      "test_f1_mean": 0.406214004395735,
      "test_f1_std": 0.040133779672008145,
      "test_kappa_mean": 0.14333333333333326,
      "test_kappa_std": 0.05084088238452818,
      "confusion_matrix": [
        [
          51.333333333333336,
          15.333333333333334,
          33.333333333333336
        ],
        [
          48.66666666666667,
          18.666666666666664,
          32.66666666666667
        ],
        [
          30.999999999999993,
          10.333333333333332,
          58.666666666666664
        ]
      ]
    },
    {
      "participant": "3218",
      "n_seeds": 20,
      "test_acc_mean": 0.5488888888888889,
      "test_acc_std": 0.03150956206652881,
      "test_bal_acc_mean": 0.5488888888888889,
      "test_bal_acc_std": 0.03150956206652883,
      "test_f1_mean": 0.47398855210096846,
      "test_f1_std": 0.044105364709394336,
      "test_kappa_mean": 0.32333333333333336,
      "test_kappa_std": 0.04726434309979322,
      "confusion_matrix": [
        [
          96.0,
          4.000000000000001,
          0.0
        ],
        [
          29.666666666666668,
          60.33333333333333,
          10.0
        ],
        [
          57.0,
          34.666666666666664,
          8.333333333333334
        ]
      ]
    },
    {
      "participant": "3219",
      "n_seeds": 20,
      "test_acc_mean": 0.40625,
      "test_acc_std": 0.02126740773058501,
      "test_bal_acc_mean": 0.3650000000000001,
      "test_bal_acc_std": 0.022877758038441998,
      "test_f1_mean": 0.26860750152146956,
      "test_f1_std": 0.04003728621323484,
      "test_kappa_mean": 0.052318407960199,
      "test_kappa_std": 0.03530310944338413,
      "confusion_matrix": [
        [
          100.0,
          0.0,
          0.0
        ],
        [
          92.99999999999997,
          6.000000000000002,
          1.0
        ],
        [
          88.0,
          8.5,
          3.5
        ]
      ]
    },
    {
      "participant": "3220",
      "n_seeds": 20,
      "test_acc_mean": 0.2955555555555555,
      "test_acc_std": 0.025079470828748212,
      "test_bal_acc_mean": 0.29555555555555557,
      "test_bal_acc_std": 0.02507947082874821,
      "test_f1_mean": 0.2524139876988375,
      "test_f1_std": 0.023453473276762307,
      "test_kappa_mean": -0.05666666666666673,
      "test_kappa_std": 0.03761920624312234,
      "confusion_matrix": [
        [
          46.666666666666664,
          38.66666666666667,
          14.666666666666668
        ],
        [
          53.66666666666667,
          40.99999999999999,
          5.333333333333334
        ],
        [
          77.66666666666666,
          21.333333333333336,
          1.0
        ]
      ]
    },
    {
      "participant": "3221",
      "n_seeds": 20,
      "test_acc_mean": 0.42000000000000004,
      "test_acc_std": 0.01751264279227582,
      "test_bal_acc_mean": 0.42000000000000004,
      "test_bal_acc_std": 0.01751264279227583,
      "test_f1_mean": 0.40935018517582034,
      "test_f1_std": 0.018342060626500782,
      "test_kappa_mean": 0.12999999999999998,
      "test_kappa_std": 0.02626896418841374,
      "confusion_matrix": [
        [
          39.0,
          0.6666666666666667,
          60.33333333333333
        ],
        [
          6.000000000000002,
          20.0,
          73.99999999999999
        ],
        [
          8.0,
          25.000000000000004,
          66.99999999999999
        ]
      ]
    },
    {
      "participant": "3223",
      "n_seeds": 20,
      "test_acc_mean": 0.19,
      "test_acc_std": 0.019712026851622592,
      "test_bal_acc_mean": 0.19,
      "test_bal_acc_std": 0.01971202685162259,
      "test_f1_mean": 0.19836819839439854,
      "test_f1_std": 0.009282096948367324,
      "test_kappa_mean": -0.21500000000000008,
      "test_kappa_std": 0.02956804027743392,
      "confusion_matrix": [
        [
          0.0,
          12.0,
          88.0
        ],
        [
          42.999999999999986,
          57.000000000000014,
          0.0
        ],
        [
          77.66666666666667,
          22.333333333333332,
          0.0
        ]
      ]
    },
    {
      "participant": "3224",
      "n_seeds": 20,
      "test_acc_mean": 0.3844444444444445,
      "test_acc_std": 0.03067361562086642,
      "test_bal_acc_mean": 0.3844444444444445,
      "test_bal_acc_std": 0.030673615620866408,
      "test_f1_mean": 0.35437824965768006,
      "test_f1_std": 0.02575259504414497,
      "test_kappa_mean": 0.07666666666666673,
      "test_kappa_std": 0.04601042343129965,
      "confusion_matrix": [
        [
          37.333333333333336,
          0.0,
          62.666666666666664
        ],
        [
          17.666666666666664,
          13.333333333333337,
          68.99999999999999
        ],
        [
          35.33333333333333,
          0.0,
          64.66666666666666
        ]
      ]
    },
    {
      "participant": "3225",
      "n_seeds": 20,
      "test_acc_mean": 0.5533333333333333,
      "test_acc_std": 0.022685234912624013,
      "test_bal_acc_mean": 0.5533333333333333,
      "test_bal_acc_std": 0.022685234912624034,
      "test_f1_mean": 0.46512858860382067,
      "test_f1_std": 0.012574384371207375,
      "test_kappa_mean": 0.33,
      "test_kappa_std": 0.03402785236893602,
      "confusion_matrix": [
        [
          91.66666666666666,
          0.6666666666666667,
          7.666666666666667
        ],
        [
          13.666666666666668,
          74.33333333333333,
          12.000000000000004
        ],
        [
          20.0,
          80.0,
          0.0
        ]
      ]
    },
    {
      "participant": "3226",
      "n_seeds": 20,
      "test_acc_mean": 0.5422222222222223,
      "test_acc_std": 0.01116943755444523,
      "test_bal_acc_mean": 0.5422222222222222,
      "test_bal_acc_std": 0.011169437554445173,
      "test_f1_mean": 0.4672128738469918,
      "test_f1_std": 0.020918700492207412,
      "test_kappa_mean": 0.3133333333333333,
      "test_kappa_std": 0.016754156331667828,
      "confusion_matrix": [
        [
          100.0,
          0.0,
          0.0
        ],
        [
          54.0,
          9.333333333333332,
          36.666666666666664
        ],
        [
          40.0,
          6.666666666666669,
          53.33333333333335
        ]
      ]
    },
    {
      "participant": "3227",
      "n_seeds": 20,
      "test_acc_mean": 0.46111111111111114,
      "test_acc_std": 0.03214247037113753,
      "test_bal_acc_mean": 0.4611111111111111,
      "test_bal_acc_std": 0.03214247037113753,
      "test_f1_mean": 0.4256121448217722,
      "test_f1_std": 0.04221000595395869,
      "test_kappa_mean": 0.19166666666666662,
      "test_kappa_std": 0.04821370555670629,
      "confusion_matrix": [
        [
          81.0,
          13.000000000000004,
          6.000000000000002
        ],
        [
          52.333333333333336,
          36.66666666666667,
          11.0
        ],
        [
          33.666666666666664,
          45.66666666666667,
          20.666666666666664
        ]
      ]
    },
    {
      "participant": "3228",
      "n_seeds": 20,
      "test_acc_mean": 0.1888888888888889,
      "test_acc_std": 0.01709963920141924,
      "test_bal_acc_mean": 0.35111111111111104,
      "test_bal_acc_std": 0.013679711361135397,
      "test_f1_mean": 0.08932980417307043,
      "test_f1_std": 0.030138799196251835,
      "test_kappa_mean": 0.000862510943572109,
      "test_kappa_std": 0.019994296865474992,
      "confusion_matrix": [
        [
          100.0,
          0.0,
          0.0
        ],
        [
          92.66666666666666,
          4.666666666666667,
          2.6666666666666665
        ],
        [
          86.6666666666667,
          12.66666666666667,
          0.6666666666666667
        ]
      ]
    },
    {
      "participant": "3229",
      "n_seeds": 20,
      "test_acc_mean": 0.5444444444444445,
      "test_acc_std": 0.015294382258037465,
      "test_bal_acc_mean": 0.5444444444444444,
      "test_bal_acc_std": 0.015294382258037437,
      "test_f1_mean": 0.4995560818877166,
      "test_f1_std": 0.023001592700782197,
      "test_kappa_mean": 0.31666666666666665,
      "test_kappa_std": 0.02294157338705617,
      "confusion_matrix": [
        [
          19.000000000000004,
          13.0,
          68.00000000000001
        ],
        [
          0.0,
          44.33333333333333,
          55.666666666666664
        ],
        [
          0.0,
          0.0,
          100.0
        ]
      ]
    },
    {
      "participant": "3230",
      "n_seeds": 20,
      "test_acc_mean": 0.38333333333333336,
      "test_acc_std": 0.035228761361003585,
      "test_bal_acc_mean": 0.38333333333333325,
      "test_bal_acc_std": 0.03522876136100358,
      "test_f1_mean": 0.3229388829702454,
      "test_f1_std": 0.03488974325193252,
      "test_kappa_mean": 0.075,
      "test_kappa_std": 0.052843142041505385,
      "confusion_matrix": [
        [
          0.33333333333333337,
          21.000000000000004,
          78.66666666666666
        ],
        [
          0.33333333333333337,
          47.99999999999999,
          51.66666666666667
        ],
        [
          17.0,
          16.333333333333332,
          66.66666666666666
        ]
      ]
    },
    {
      "participant": "3232",
      "n_seeds": 20,
      "test_acc_mean": 0.3888888888888889,
      "test_acc_std": 0.02649064714130088,
      "test_bal_acc_mean": 0.3888888888888889,
      "test_bal_acc_std": 0.02649064714130087,
      "test_f1_mean": 0.36935351327603405,
      "test_f1_std": 0.0234000226848201,
      "test_kappa_mean": 0.0833333333333333,
      "test_kappa_std": 0.03973597071195129,
      "confusion_matrix": [
        [
          13.000000000000004,
          40.0,
          47.00000000000001
        ],
        [
          32.99999999999999,
          51.333333333333336,
          15.666666666666666
        ],
        [
          16.666666666666668,
          31.000000000000007,
          52.333333333333336
        ]
      ]
    },
    {
      "participant": "3233",
      "n_seeds": 20,
      "test_acc_mean": 0.17222222222222222,
      "test_acc_std": 0.03214247037113753,
      "test_bal_acc_mean": 0.17222222222222222,
      "test_bal_acc_std": 0.03214247037113754,
      "test_f1_mean": 0.16185365172384603,
      "test_f1_std": 0.029889488527303058,
      "test_kappa_mean": -0.24166666666666664,
      "test_kappa_std": 0.04821370555670631,
      "confusion_matrix": [
        [
          5.666666666666668,
          65.33333333333334,
          28.999999999999993
        ],
        [
          10.666666666666668,
          21.999999999999993,
          67.33333333333333
        ],
        [
          41.33333333333333,
          34.66666666666667,
          24.000000000000007
        ]
      ]
    },
    {
      "participant": "3234",
      "n_seeds": 20,
      "test_acc_mean": 0.35666666666666663,
      "test_acc_std": 0.0356686796903278,
      "test_bal_acc_mean": 0.3566666666666666,
      "test_bal_acc_std": 0.03566867969032778,
      "test_f1_mean": 0.2805024417976102,
      "test_f1_std": 0.0291437648550832,
      "test_kappa_mean": 0.03499999999999999,
      "test_kappa_std": 0.05350301953549169,
      "confusion_matrix": [
        [
          0.0,
          46.66666666666667,
          53.33333333333333
        ],
        [
          0.0,
          39.00000000000001,
          61.0
        ],
        [
          1.3333333333333335,
          30.666666666666664,
          68.0
        ]
      ]
    },
    {
      "participant": "3235",
      "n_seeds": 20,
      "test_acc_mean": 0.4244444444444445,
      "test_acc_std": 0.01751264279227582,
      "test_bal_acc_mean": 0.42444444444444446,
      "test_bal_acc_std": 0.017512642792275827,
      "test_f1_mean": 0.3975584284205952,
      "test_f1_std": 0.019479422232334388,
      "test_kappa_mean": 0.13666666666666666,
      "test_kappa_std": 0.02626896418841375,
      "confusion_matrix": [
        [
          57.0,
          0.0,
          43.0
        ],
        [
          12.333333333333337,
          7.000000000000002,
          80.66666666666667
        ],
        [
          5.666666666666667,
          31.0,
          63.33333333333333
        ]
      ]
    },
    {
      "participant": "3236",
      "n_seeds": 20,
      "test_acc_mean": 0.36,
      "test_acc_std": 0.04420990748043023,
      "test_bal_acc_mean": 0.36,
      "test_bal_acc_std": 0.04420990748043023,
      "test_f1_mean": 0.3418709664347859,
      "test_f1_std": 0.033645950822086775,
      "test_kappa_mean": 0.039999999999999966,
      "test_kappa_std": 0.06631486122064534,
      "confusion_matrix": [
        [
          51.00000000000001,
          15.000000000000004,
          34.0
        ],
        [
          39.0,
          14.0,
          46.99999999999999
        ],
        [
          16.0,
          41.0,
          43.00000000000001
        ]
      ]
    },
    {
      "participant": "3237",
      "n_seeds": 20,
      "test_acc_mean": 0.47111111111111115,
      "test_acc_std": 0.027548763547017137,
      "test_bal_acc_mean": 0.47111111111111104,
      "test_bal_acc_std": 0.02754876354701715,
      "test_f1_mean": 0.4106322428705032,
      "test_f1_std": 0.04003488365357153,
      "test_kappa_mean": 0.20666666666666664,
      "test_kappa_std": 0.04132314532052573,
      "confusion_matrix": [
        [
          99.66666666666667,
          0.33333333333333337,
          0.0
        ],
        [
          83.66666666666666,
          16.333333333333332,
          0.0
        ],
        [
          44.33333333333333,
          30.333333333333325,
          25.333333333333336
        ]
      ]
    },
    {
      "participant": "3238",
      "n_seeds": 20,
      "test_acc_mean": 0.4022222222222223,
      "test_acc_std": 0.006839855680567687,
      "test_bal_acc_mean": 0.4022222222222223,
      "test_bal_acc_std": 0.006839855680567704,
      "test_f1_mean": 0.3743689729035155,
      "test_f1_std": 0.005806989867286922,
      "test_kappa_mean": 0.10333333333333332,
      "test_kappa_std": 0.010259783520851539,
      "confusion_matrix": [
        [
          47.33333333333333,
          20.33333333333333,
          32.33333333333333
        ],
        [
          18.333333333333332,
          6.666666666666669,
          74.99999999999999
        ],
        [
          6.666666666666669,
          26.666666666666675,
          66.66666666666666
        ]
      ]
    },
    {
      "participant": "3239",
      "n_seeds": 20,
      "test_acc_mean": 0.33333333333333326,
      "test_acc_std": 5.695323946259567e-17,
      "test_bal_acc_mean": 0.33333333333333326,
      "test_bal_acc_std": 5.695323946259567e-17,
      "test_f1_mean": 0.16666666666666663,
      "test_f1_std": 2.8476619731297836e-17,
      "test_kappa_mean": 0.0,
      "test_kappa_std": 0.0,
      "confusion_matrix": [
        [
          100.0,
          0.0,
          0.0
        ],
        [
          100.0,
          0.0,
          0.0
        ],
        [
          100.0,
          0.0,
          0.0
        ]
      ]
    },
    {
      "participant": "3240",
      "n_seeds": 20,
      "test_acc_mean": 0.4033333333333333,
      "test_acc_std": 0.043423956820986535,
      "test_bal_acc_mean": 0.4033333333333333,
      "test_bal_acc_std": 0.043423956820986535,
      "test_f1_mean": 0.3400196807893454,
      "test_f1_std": 0.056133049743205224,
      "test_kappa_mean": 0.10499999999999998,
      "test_kappa_std": 0.06513593523147979,
      "confusion_matrix": [
        [
          11.333333333333332,
          68.33333333333334,
          20.333333333333336
        ],
        [
          1.6666666666666667,
          84.0,
          14.333333333333332
        ],
        [
          0.0,
          74.33333333333333,
          25.666666666666668
        ]
      ]
    },
    {
      "participant": "3241",
      "n_seeds": 20,
      "test_acc_mean": 0.3655555555555556,
      "test_acc_std": 0.018346176610708805,
      "test_bal_acc_mean": 0.3655555555555556,
      "test_bal_acc_std": 0.018346176610708802,
      "test_f1_mean": 0.29588105256854785,
      "test_f1_std": 0.018476970535918954,
      "test_kappa_mean": 0.048333333333333325,
      "test_kappa_std": 0.027519264916063223,
      "confusion_matrix": [
        [
          69.66666666666666,
          30.0,
          0.33333333333333337
        ],
        [
          54.333333333333336,
          39.0,
          6.666666666666669
        ],
        [
          39.33333333333333,
          59.666666666666664,
          1.0
        ]
      ]
    },
    {
      "participant": "3242",
      "n_seeds": 20,
      "test_acc_mean": 0.45999999999999996,
      "test_acc_std": 0.021749354885759683,
      "test_bal_acc_mean": 0.45999999999999996,
      "test_bal_acc_std": 0.021749354885759693,
      "test_f1_mean": 0.42560380509877416,
      "test_f1_std": 0.030495549016712455,
      "test_kappa_mean": 0.19,
      "test_kappa_std": 0.032624032328639536,
      "confusion_matrix": [
        [
          49.0,
          43.99999999999999,
          7.000000000000002
        ],
        [
          13.333333333333337,
          72.99999999999999,
          13.666666666666668
        ],
        [
          57.66666666666667,
          26.333333333333336,
          16.0
        ]
      ]
    },
    {
      "participant": "3243",
      "n_seeds": 20,
      "test_acc_mean": 0.27111111111111114,
      "test_acc_std": 0.025592396531663814,
      "test_bal_acc_mean": 0.27111111111111114,
      "test_bal_acc_std": 0.025592396531663827,
      "test_f1_mean": 0.2649163033843024,
      "test_f1_std": 0.024705655641191766,
      "test_kappa_mean": -0.09333333333333337,
      "test_kappa_std": 0.03838859479749575,
      "confusion_matrix": [
        [
          48.666666666666664,
          3.6666666666666665,
          47.666666666666664
        ],
        [
          24.333333333333336,
          0.6666666666666667,
          75.0
        ],
        [
          7.666666666666666,
          60.333333333333336,
          31.999999999999993
        ]
      ]
    },
    {
      "participant": "3244",
      "n_seeds": 20,
      "test_acc_mean": 0.45444444444444454,
      "test_acc_std": 0.037097416669988545,
      "test_bal_acc_mean": 0.45444444444444454,
      "test_bal_acc_std": 0.03709741666998853,
      "test_f1_mean": 0.4718587738906062,
      "test_f1_std": 0.035517400449519614,
      "test_kappa_mean": 0.18166666666666664,
      "test_kappa_std": 0.055646125004982845,
      "confusion_matrix": [
        [
          47.99999999999999,
          4.000000000000001,
          48.00000000000001
        ],
        [
          14.333333333333337,
          51.333333333333336,
          34.33333333333333
        ],
        [
          62.66666666666667,
          0.33333333333333337,
          37.00000000000001
        ]
      ]
    },
    {
      "participant": "3245",
      "n_seeds": 20,
      "test_acc_mean": 0.25,
      "test_acc_std": 0.027807002170687104,
      "test_bal_acc_mean": 0.25,
      "test_bal_acc_std": 0.027807002170687118,
      "test_f1_mean": 0.134872512734506,
      "test_f1_std": 0.010634457966997465,
      "test_kappa_mean": -0.12500000000000008,
      "test_kappa_std": 0.04171050325603069,
      "confusion_matrix": [
        [
          74.66666666666666,
          25.000000000000004,
          0.33333333333333337
        ],
        [
          97.66666666666666,
          0.33333333333333337,
          2.0
        ],
        [
          100.0,
          0.0,
          0.0
        ]
      ]
    },
    {
      "participant": "3246",
      "n_seeds": 20,
      "test_acc_mean": 0.3188888888888889,
      "test_acc_std": 0.03552264558809842,
      "test_bal_acc_mean": 0.31888888888888883,
      "test_bal_acc_std": 0.03552264558809841,
      "test_f1_mean": 0.2996057855336486,
      "test_f1_std": 0.03210602824596017,
      "test_kappa_mean": -0.021666666666666678,
      "test_kappa_std": 0.053283968382147634,
      "confusion_matrix": [
        [
          49.333333333333336,
          19.000000000000004,
          31.666666666666664
        ],
        [
          34.0,
          13.000000000000004,
          53.0
        ],
        [
          54.333333333333336,
          12.333333333333337,
          33.333333333333336
        ]
      ]
    },
    {
      "participant": "3247",
      "n_seeds": 20,
      "test_acc_mean": 0.33333333333333326,
      "test_acc_std": 5.695323946259567e-17,
      "test_bal_acc_mean": 0.33333333333333326,
      "test_bal_acc_std": 5.695323946259567e-17,
      "test_f1_mean": 0.16666666666666663,
      "test_f1_std": 2.8476619731297836e-17,
      "test_kappa_mean": 0.0,
      "test_kappa_std": 0.0,
      "confusion_matrix": [
        [
          100.0,
          0.0,
          0.0
        ],
        [
          100.0,
          0.0,
          0.0
        ],
        [
          100.0,
          0.0,
          0.0
        ]
      ]
    },
    {
      "participant": "3248",
      "n_seeds": 20,
      "test_acc_mean": 0.48777777777777775,
      "test_acc_std": 0.034932404791016475,
      "test_bal_acc_mean": 0.4877777777777778,
      "test_bal_acc_std": 0.034932404791016454,
      "test_f1_mean": 0.4681457882195975,
      "test_f1_std": 0.029133783366014087,
      "test_kappa_mean": 0.2316666666666667,
      "test_kappa_std": 0.05239860718652475,
      "confusion_matrix": [
        [
          79.00000000000001,
          10.666666666666664,
          10.333333333333336
        ],
        [
          24.0,
          40.33333333333333,
          35.66666666666667
        ],
        [
          31.999999999999993,
          40.99999999999999,
          27.0
        ]
      ]
    },
    {
      "participant": "3249",
      "n_seeds": 20,
      "test_acc_mean": 0.72,
      "test_acc_std": 0.046390158262563964,
      "test_bal_acc_mean": 0.72,
      "test_bal_acc_std": 0.046390158262563964,
      "test_f1_mean": 0.8363888888888891,
      "test_f1_std": 0.0320458159981448,
      "test_kappa_mean": 0.0,
      "test_kappa_std": 0.0,
      "confusion_matrix": [
        [
          0.0,
          0.0,
          0.0
        ],
        [
          0.0,
          0.0,
          0.0
        ],
        [
          9.0,
          19.0,
          71.99999999999999
        ]
      ]
    },
    {
      "participant": "3250",
      "n_seeds": 20,
      "test_acc_mean": 0.5477777777777777,
      "test_acc_std": 0.035522645588098416,
      "test_bal_acc_mean": 0.5477777777777778,
      "test_bal_acc_std": 0.03552264558809842,
      "test_f1_mean": 0.5232703360484312,
      "test_f1_std": 0.04231790784523326,
      "test_kappa_mean": 0.32166666666666666,
      "test_kappa_std": 0.05328396838214763,
      "confusion_matrix": [
        [
          35.33333333333334,
          23.666666666666668,
          41.00000000000001
        ],
        [
          11.666666666666668,
          88.33333333333334,
          0.0
        ],
        [
          6.666666666666669,
          52.66666666666667,
          40.66666666666667
        ]
      ]
    }
  ],
  "selected_features": [
    "SCR_Peaks_N",
    "SCR_Peaks_Amplitude_Mean",
    "EDA_Tonic_SD",
    "HRV_MeanNN",
    "HRV_MedianNN",
    "HRV_Prc80NN",
    "HRV_pNN50",
    "HRV_pNN20",
    "HRV_MinNN",
    "HRV_MaxNN",
    "HRV_VHF",
    "HRV_S",
    "HRV_CVI",
    "HRV_PSS",
    "HRV_PAS",
    "HRV_C2a",
    "HRV_Ca",
    "HRV_DFA_alpha1",
    "HRV_ApEn"
  ],
  "n_participants": 38,
  "n_seeds": 20,
  "n_features": 19,
  "timestamp": "2025-10-18T15:35:27.525048"
}