{
  "name": "gsr",
  "config": {
    "n_seeds": 20,
    "feature_selection": "backward",
    "use_pose_derivatives": true,
    "use_time_features": false,
    "include_order": false,
    "normalize_features": true,
    "class_config": "all",
    "use_pca": false,
    "pca_variance": 0.9,
    "write_cm": true,
    "tune_hyperparameters": false,
    "tune_n_iter": 30,
    "tune_cv_folds": 5,
    "name": "gsr",
    "feature_groups": [
      "gsr"
    ],
    "split_strategy": "lopo"
  },
  "metrics": {
    "test_acc_mean": 0.35434290311653116,
    "test_acc_std": 0.07942822116965984,
    "test_bal_acc_mean": 0.3562563131313131,
    "test_bal_acc_std": 0.08477929754877596,
    "test_f1_mean": 0.32851504195022846,
    "test_f1_std": 0.08710106245251074,
    "test_kappa_mean": 0.032081240908759655,
    "test_kappa_std": 0.12145858259073605
  },
  "confusion_matrix": [
    [
      46.395833333333336,
      26.175,
      27.429166666666664
    ],
    [
      31.61439393939393,
      29.872727272727268,
      38.51287878787879
    ],
    [
      35.15833333333333,
      34.233333333333334,
      30.60833333333333
    ]
  ],
  "participant_results": [
    {
      "participant": "3208",
      "n_seeds": 20,
      "test_acc_mean": 0.39777777777777784,
      "test_acc_std": 0.021509023145488602,
      "test_bal_acc_mean": 0.39777777777777784,
      "test_bal_acc_std": 0.0215090231454886,
      "test_f1_mean": 0.3484964511786701,
      "test_f1_std": 0.017658273358311688,
      "test_kappa_mean": 0.09666666666666665,
      "test_kappa_std": 0.0322635347182329,
      "confusion_matrix": [
        [
          6.666666666666669,
          61.666666666666664,
          31.666666666666657
        ],
        [
          0.0,
          56.66666666666667,
          43.33333333333333
        ],
        [
          6.666666666666669,
          37.33333333333333,
          55.999999999999986
        ]
      ]
    },
    {
      "participant": "3209",
      "n_seeds": 20,
      "test_acc_mean": 0.47555555555555556,
      "test_acc_std": 0.020896104265850098,
      "test_bal_acc_mean": 0.47555555555555556,
      "test_bal_acc_std": 0.0208961042658501,
      "test_f1_mean": 0.47675478179348224,
      "test_f1_std": 0.020192709558209402,
      "test_kappa_mean": 0.2133333333333333,
      "test_kappa_std": 0.031344156398775164,
      "confusion_matrix": [
        [
          56.333333333333336,
          20.666666666666664,
          23.000000000000004
        ],
        [
          6.666666666666669,
          55.0,
          38.33333333333333
        ],
        [
          19.666666666666668,
          48.999999999999986,
          31.333333333333332
        ]
      ]
    },
    {
      "participant": "3210",
      "n_seeds": 20,
      "test_acc_mean": 0.28888888888888886,
      "test_acc_std": 0.027923593886113034,
      "test_bal_acc_mean": 0.28888888888888886,
      "test_bal_acc_std": 0.027923593886113027,
      "test_f1_mean": 0.28640607101106513,
      "test_f1_std": 0.02488899640074761,
      "test_kappa_mean": -0.06666666666666671,
      "test_kappa_std": 0.041885390829169554,
      "confusion_matrix": [
        [
          50.99999999999999,
          24.000000000000007,
          25.0
        ],
        [
          24.000000000000004,
          12.333333333333334,
          63.666666666666664
        ],
        [
          25.000000000000007,
          51.666666666666664,
          23.33333333333334
        ]
      ]
    },
    {
      "participant": "3214",
      "n_seeds": 20,
      "test_acc_mean": 0.28888888888888886,
      "test_acc_std": 0.022799518935225645,
      "test_bal_acc_mean": 0.28888888888888886,
      "test_bal_acc_std": 0.022799518935225645,
      "test_f1_mean": 0.2407414487735695,
      "test_f1_std": 0.020054520425983272,
      "test_kappa_mean": -0.06666666666666668,
      "test_kappa_std": 0.03419927840283847,
      "confusion_matrix": [
        [
          49.0,
          13.666666666666668,
          37.33333333333333
        ],
        [
          40.66666666666667,
          1.0,
          58.333333333333336
        ],
        [
          61.0,
          2.3333333333333335,
          36.66666666666667
        ]
      ]
    },
    {
      "participant": "3215",
      "n_seeds": 20,
      "test_acc_mean": 0.4177777777777778,
      "test_acc_std": 0.01852241674369978,
      "test_bal_acc_mean": 0.4177777777777778,
      "test_bal_acc_std": 0.018522416743699786,
      "test_f1_mean": 0.4234568712618529,
      "test_f1_std": 0.017949519464118227,
      "test_kappa_mean": 0.12666666666666665,
      "test_kappa_std": 0.027783625115549705,
      "confusion_matrix": [
        [
          32.66666666666667,
          51.0,
          16.333333333333332
        ],
        [
          16.000000000000004,
          45.666666666666664,
          38.33333333333333
        ],
        [
          0.0,
          53.000000000000014,
          46.999999999999986
        ]
      ]
    },
    {
      "participant": "3216",
      "n_seeds": 20,
      "test_acc_mean": 0.3444444444444444,
      "test_acc_std": 0.023362554801682086,
      "test_bal_acc_mean": 0.3444444444444444,
      "test_bal_acc_std": 0.0233625548016821,
      "test_f1_mean": 0.3057764824209449,
      "test_f1_std": 0.022724735203462316,
      "test_kappa_mean": 0.016666666666666653,
      "test_kappa_std": 0.03504383220252314,
      "confusion_matrix": [
        [
          72.66666666666666,
          22.000000000000004,
          5.333333333333334
        ],
        [
          46.999999999999986,
          14.666666666666666,
          38.33333333333333
        ],
        [
          42.666666666666664,
          41.33333333333333,
          16.0
        ]
      ]
    },
    {
      "participant": "3217",
      "n_seeds": 20,
      "test_acc_mean": 0.2922222222222222,
      "test_acc_std": 0.029966409611484144,
      "test_bal_acc_mean": 0.2922222222222222,
      "test_bal_acc_std": 0.029966409611484134,
      "test_f1_mean": 0.26488452750411334,
      "test_f1_std": 0.030633014510494584,
      "test_kappa_mean": -0.06166666666666669,
      "test_kappa_std": 0.044949614417226176,
      "confusion_matrix": [
        [
          45.999999999999986,
          12.000000000000004,
          42.0
        ],
        [
          47.99999999999999,
          2.9999999999999996,
          48.99999999999999
        ],
        [
          25.333333333333336,
          36.0,
          38.66666666666667
        ]
      ]
    },
    {
      "participant": "3218",
      "n_seeds": 20,
      "test_acc_mean": 0.3033333333333333,
      "test_acc_std": 0.039670507783292557,
      "test_bal_acc_mean": 0.3033333333333333,
      "test_bal_acc_std": 0.039670507783292557,
      "test_f1_mean": 0.2877745155016012,
      "test_f1_std": 0.03983156727865789,
      "test_kappa_mean": -0.045000000000000026,
      "test_kappa_std": 0.05950576167493884,
      "confusion_matrix": [
        [
          11.333333333333334,
          16.666666666666664,
          71.99999999999999
        ],
        [
          31.999999999999993,
          31.000000000000007,
          37.0
        ],
        [
          24.333333333333336,
          27.0,
          48.66666666666666
        ]
      ]
    },
    {
      "participant": "3219",
      "n_seeds": 20,
      "test_acc_mean": 0.29875000000000007,
      "test_acc_std": 0.017158318528831488,
      "test_bal_acc_mean": 0.27444444444444444,
      "test_bal_acc_std": 0.018766372535512825,
      "test_f1_mean": 0.27547004933441344,
      "test_f1_std": 0.019328129529296037,
      "test_kappa_mean": -0.07602637890967412,
      "test_kappa_std": 0.027171016497334312,
      "confusion_matrix": [
        [
          55.66666666666667,
          19.333333333333332,
          25.0
        ],
        [
          54.66666666666667,
          18.666666666666664,
          26.666666666666675
        ],
        [
          80.0,
          12.0,
          8.0
        ]
      ]
    },
    {
      "participant": "3220",
      "n_seeds": 20,
      "test_acc_mean": 0.23888888888888887,
      "test_acc_std": 0.031323419276823576,
      "test_bal_acc_mean": 0.23888888888888887,
      "test_bal_acc_std": 0.031323419276823576,
      "test_f1_mean": 0.22093552498714394,
      "test_f1_std": 0.029144467652502195,
      "test_kappa_mean": -0.14166666666666666,
      "test_kappa_std": 0.04698512891523534,
      "confusion_matrix": [
        [
          45.66666666666666,
          7.666666666666667,
          46.66666666666667
        ],
        [
          52.333333333333336,
          9.000000000000002,
          38.66666666666667
        ],
        [
          40.0,
          42.99999999999999,
          17.0
        ]
      ]
    },
    {
      "participant": "3221",
      "n_seeds": 20,
      "test_acc_mean": 0.3177777777777777,
      "test_acc_std": 0.021749354885759686,
      "test_bal_acc_mean": 0.3177777777777777,
      "test_bal_acc_std": 0.02174935488575968,
      "test_f1_mean": 0.29466287884081754,
      "test_f1_std": 0.026601503716834562,
      "test_kappa_mean": -0.023333333333333383,
      "test_kappa_std": 0.03262403232863952,
      "confusion_matrix": [
        [
          53.0,
          21.000000000000004,
          26.0
        ],
        [
          62.99999999999998,
          12.000000000000002,
          25.0
        ],
        [
          69.66666666666666,
          0.0,
          30.33333333333332
        ]
      ]
    },
    {
      "participant": "3222",
      "n_seeds": 20,
      "test_acc_mean": 0.2902439024390245,
      "test_acc_std": 0.02950269847947802,
      "test_bal_acc_mean": 0.2785858585858586,
      "test_bal_acc_std": 0.02897237947447753,
      "test_f1_mean": 0.27068612003987214,
      "test_f1_std": 0.029252405422563126,
      "test_kappa_mean": -0.07304025880463373,
      "test_kappa_std": 0.042283223581011255,
      "confusion_matrix": [
        [
          53.0,
          25.666666666666668,
          21.333333333333332
        ],
        [
          55.90909090909089,
          15.909090909090912,
          28.181818181818176
        ],
        [
          46.33333333333332,
          39.0,
          14.666666666666668
        ]
      ]
    },
    {
      "participant": "3223",
      "n_seeds": 20,
      "test_acc_mean": 0.2988888888888888,
      "test_acc_std": 0.01834617661070882,
      "test_bal_acc_mean": 0.29888888888888887,
      "test_bal_acc_std": 0.0183461766107088,
      "test_f1_mean": 0.2902841363532664,
      "test_f1_std": 0.01984693404049129,
      "test_kappa_mean": -0.05166666666666671,
      "test_kappa_std": 0.027519264916063175,
      "confusion_matrix": [
        [
          21.666666666666664,
          59.333333333333336,
          19.0
        ],
        [
          6.666666666666669,
          47.66666666666667,
          45.666666666666664
        ],
        [
          17.0,
          62.666666666666664,
          20.333333333333336
        ]
      ]
    },
    {
      "participant": "3224",
      "n_seeds": 20,
      "test_acc_mean": 0.368888888888889,
      "test_acc_std": 0.03704483348739959,
      "test_bal_acc_mean": 0.368888888888889,
      "test_bal_acc_std": 0.03704483348739957,
      "test_f1_mean": 0.35377713706322417,
      "test_f1_std": 0.04103733807538471,
      "test_kappa_mean": 0.05333333333333331,
      "test_kappa_std": 0.05556725023109939,
      "confusion_matrix": [
        [
          30.999999999999993,
          24.333333333333332,
          44.66666666666667
        ],
        [
          22.666666666666664,
          22.333333333333336,
          55.0
        ],
        [
          29.333333333333332,
          13.333333333333334,
          57.33333333333333
        ]
      ]
    },
    {
      "participant": "3225",
      "n_seeds": 20,
      "test_acc_mean": 0.39111111111111113,
      "test_acc_std": 0.03092677217504264,
      "test_bal_acc_mean": 0.39111111111111113,
      "test_bal_acc_std": 0.030926772175042635,
      "test_f1_mean": 0.36381548989528995,
      "test_f1_std": 0.025626356396049158,
      "test_kappa_mean": 0.08666666666666667,
      "test_kappa_std": 0.04639015826256395,
      "confusion_matrix": [
        [
          72.99999999999999,
          26.999999999999993,
          0.0
        ],
        [
          37.33333333333333,
          30.333333333333336,
          32.33333333333333
        ],
        [
          22.666666666666664,
          63.33333333333333,
          14.000000000000004
        ]
      ]
    },
    {
      "participant": "3226",
      "n_seeds": 20,
      "test_acc_mean": 0.29666666666666663,
      "test_acc_std": 0.027240416404672212,
      "test_bal_acc_mean": 0.29666666666666663,
      "test_bal_acc_std": 0.02724041640467221,
      "test_f1_mean": 0.27395377510237023,
      "test_f1_std": 0.025122834826473595,
      "test_kappa_mean": -0.05500000000000003,
      "test_kappa_std": 0.04086062460700829,
      "confusion_matrix": [
        [
          53.66666666666667,
          21.333333333333332,
          25.000000000000004
        ],
        [
          46.666666666666664,
          13.333333333333337,
          39.99999999999999
        ],
        [
          60.33333333333333,
          17.666666666666664,
          22.000000000000004
        ]
      ]
    },
    {
      "participant": "3227",
      "n_seeds": 20,
      "test_acc_mean": 0.4644444444444445,
      "test_acc_std": 0.014238295011493061,
      "test_bal_acc_mean": 0.4644444444444445,
      "test_bal_acc_std": 0.01423829501149305,
      "test_f1_mean": 0.4640071817159376,
      "test_f1_std": 0.013215369060624142,
      "test_kappa_mean": 0.19666666666666663,
      "test_kappa_std": 0.021357442517239575,
      "confusion_matrix": [
        [
          53.000000000000014,
          15.999999999999996,
          30.999999999999993
        ],
        [
          41.66666666666667,
          43.33333333333333,
          15.0
        ],
        [
          33.33333333333333,
          23.66666666666667,
          42.99999999999999
        ]
      ]
    },
    {
      "participant": "3228",
      "n_seeds": 20,
      "test_acc_mean": 0.4291666666666667,
      "test_acc_std": 0.029168407077007238,
      "test_bal_acc_mean": 0.5416666666666666,
      "test_bal_acc_std": 0.023604660281489918,
      "test_f1_mean": 0.3781010266224204,
      "test_f1_std": 0.03465637089811732,
      "test_kappa_mean": 0.19898294073136175,
      "test_kappa_std": 0.03701306907673477,
      "confusion_matrix": [
        [
          99.16666666666667,
          0.0,
          0.8333333333333333
        ],
        [
          46.66666666666665,
          10.666666666666664,
          42.66666666666666
        ],
        [
          37.66666666666667,
          9.666666666666666,
          52.66666666666667
        ]
      ]
    },
    {
      "participant": "3229",
      "n_seeds": 20,
      "test_acc_mean": 0.3866666666666667,
      "test_acc_std": 0.013294289813691542,
      "test_bal_acc_mean": 0.3866666666666667,
      "test_bal_acc_std": 0.013294289813691516,
      "test_f1_mean": 0.3558781531540959,
      "test_f1_std": 0.018732254183566333,
      "test_kappa_mean": 0.07999999999999999,
      "test_kappa_std": 0.019941434720537287,
      "confusion_matrix": [
        [
          18.333333333333336,
          15.333333333333334,
          66.33333333333333
        ],
        [
          0.0,
          24.66666666666667,
          75.33333333333331
        ],
        [
          0.0,
          27.000000000000007,
          72.99999999999999
        ]
      ]
    },
    {
      "participant": "3230",
      "n_seeds": 20,
      "test_acc_mean": 0.32444444444444437,
      "test_acc_std": 0.02639235126562496,
      "test_bal_acc_mean": 0.3244444444444444,
      "test_bal_acc_std": 0.02639235126562495,
      "test_f1_mean": 0.30847695956954485,
      "test_f1_std": 0.028792456407547972,
      "test_kappa_mean": -0.013333333333333397,
      "test_kappa_std": 0.03958852689843746,
      "confusion_matrix": [
        [
          50.66666666666667,
          13.333333333333337,
          36.0
        ],
        [
          63.666666666666664,
          16.0,
          20.333333333333336
        ],
        [
          45.999999999999986,
          23.333333333333336,
          30.66666666666665
        ]
      ]
    },
    {
      "participant": "3231",
      "n_seeds": 20,
      "test_acc_mean": 0.2322222222222222,
      "test_acc_std": 0.02546513370155253,
      "test_bal_acc_mean": 0.23222222222222225,
      "test_bal_acc_std": 0.025465133701552536,
      "test_f1_mean": 0.22664576273712433,
      "test_f1_std": 0.02509106203728713,
      "test_kappa_mean": -0.1516666666666667,
      "test_kappa_std": 0.0381977005523288,
      "confusion_matrix": [
        [
          21.666666666666668,
          61.666666666666664,
          16.666666666666664
        ],
        [
          33.333333333333336,
          33.666666666666664,
          32.99999999999999
        ],
        [
          13.333333333333337,
          72.33333333333334,
          14.333333333333334
        ]
      ]
    },
    {
      "participant": "3232",
      "n_seeds": 20,
      "test_acc_mean": 0.3777777777777779,
      "test_acc_std": 0.019075446117310053,
      "test_bal_acc_mean": 0.3777777777777779,
      "test_bal_acc_std": 0.019075446117310033,
      "test_f1_mean": 0.36976396928253635,
      "test_f1_std": 0.01757664703735673,
      "test_kappa_mean": 0.06666666666666665,
      "test_kappa_std": 0.028613169175965066,
      "confusion_matrix": [
        [
          31.333333333333332,
          13.666666666666668,
          55.0
        ],
        [
          14.000000000000004,
          26.333333333333343,
          59.666666666666664
        ],
        [
          24.333333333333336,
          20.0,
          55.66666666666667
        ]
      ]
    },
    {
      "participant": "3233",
      "n_seeds": 20,
      "test_acc_mean": 0.3455555555555555,
      "test_acc_std": 0.0233347256616058,
      "test_bal_acc_mean": 0.3455555555555555,
      "test_bal_acc_std": 0.02333472566160581,
      "test_f1_mean": 0.305011735952817,
      "test_f1_std": 0.027382292301451065,
      "test_kappa_mean": 0.018333333333333306,
      "test_kappa_std": 0.03500208849240872,
      "confusion_matrix": [
        [
          71.66666666666664,
          25.333333333333336,
          2.9999999999999996
        ],
        [
          46.66666666666666,
          17.0,
          36.33333333333333
        ],
        [
          55.0,
          30.0,
          14.999999999999996
        ]
      ]
    },
    {
      "participant": "3234",
      "n_seeds": 20,
      "test_acc_mean": 0.39444444444444454,
      "test_acc_std": 0.020232565955562803,
      "test_bal_acc_mean": 0.39444444444444454,
      "test_bal_acc_std": 0.020232565955562803,
      "test_f1_mean": 0.357011881780451,
      "test_f1_std": 0.025973491561099876,
      "test_kappa_mean": 0.09166666666666665,
      "test_kappa_std": 0.030348848933344195,
      "confusion_matrix": [
        [
          18.666666666666664,
          71.33333333333333,
          10.000000000000002
        ],
        [
          14.333333333333334,
          76.33333333333333,
          9.333333333333332
        ],
        [
          17.666666666666664,
          59.0,
          23.333333333333336
        ]
      ]
    },
    {
      "participant": "3235",
      "n_seeds": 20,
      "test_acc_mean": 0.4166666666666667,
      "test_acc_std": 0.024845199749997663,
      "test_bal_acc_mean": 0.4166666666666667,
      "test_bal_acc_std": 0.024845199749997667,
      "test_f1_mean": 0.38111889171923635,
      "test_f1_std": 0.0249854593030773,
      "test_kappa_mean": 0.12499999999999997,
      "test_kappa_std": 0.03726779962499649,
      "confusion_matrix": [
        [
          74.0,
          6.666666666666667,
          19.333333333333332
        ],
        [
          21.666666666666668,
          14.0,
          64.33333333333333
        ],
        [
          52.333333333333336,
          10.666666666666668,
          37.0
        ]
      ]
    },
    {
      "participant": "3236",
      "n_seeds": 20,
      "test_acc_mean": 0.3788888888888889,
      "test_acc_std": 0.022192963194099007,
      "test_bal_acc_mean": 0.3788888888888889,
      "test_bal_acc_std": 0.02219296319409898,
      "test_f1_mean": 0.3179800885683239,
      "test_f1_std": 0.015822249468432588,
      "test_kappa_mean": 0.06833333333333332,
      "test_kappa_std": 0.033289444791148495,
      "confusion_matrix": [
        [
          49.66666666666667,
          40.0,
          10.333333333333334
        ],
        [
          21.333333333333332,
          64.0,
          14.666666666666668
        ],
        [
          60.0,
          40.0,
          0.0
        ]
      ]
    },
    {
      "participant": "3237",
      "n_seeds": 20,
      "test_acc_mean": 0.44000000000000006,
      "test_acc_std": 0.025592396531663814,
      "test_bal_acc_mean": 0.44000000000000006,
      "test_bal_acc_std": 0.025592396531663793,
      "test_f1_mean": 0.43318775797330406,
      "test_f1_std": 0.02417099589706727,
      "test_kappa_mean": 0.15999999999999998,
      "test_kappa_std": 0.03838859479749571,
      "confusion_matrix": [
        [
          50.33333333333333,
          29.0,
          20.666666666666664
        ],
        [
          22.000000000000004,
          53.0,
          24.999999999999996
        ],
        [
          29.99999999999999,
          41.33333333333333,
          28.666666666666668
        ]
      ]
    },
    {
      "participant": "3238",
      "n_seeds": 20,
      "test_acc_mean": 0.30111111111111105,
      "test_acc_std": 0.02546513370155254,
      "test_bal_acc_mean": 0.30111111111111105,
      "test_bal_acc_std": 0.025465133701552532,
      "test_f1_mean": 0.2586302449500207,
      "test_f1_std": 0.019404300353773808,
      "test_kappa_mean": -0.04833333333333337,
      "test_kappa_std": 0.03819770055232881,
      "confusion_matrix": [
        [
          54.66666666666667,
          16.333333333333332,
          28.999999999999993
        ],
        [
          46.0,
          0.0,
          54.0
        ],
        [
          41.66666666666667,
          22.666666666666664,
          35.666666666666664
        ]
      ]
    },
    {
      "participant": "3239",
      "n_seeds": 20,
      "test_acc_mean": 0.33999999999999997,
      "test_acc_std": 0.020519567041703084,
      "test_bal_acc_mean": 0.33999999999999997,
      "test_bal_acc_std": 0.020519567041703084,
      "test_f1_mean": 0.3071924053191556,
      "test_f1_std": 0.02143385687036985,
      "test_kappa_mean": 0.009999999999999992,
      "test_kappa_std": 0.030779350562554656,
      "confusion_matrix": [
        [
          56.333333333333336,
          23.666666666666668,
          20.000000000000004
        ],
        [
          64.33333333333334,
          5.666666666666668,
          29.999999999999993
        ],
        [
          46.33333333333333,
          13.666666666666666,
          40.00000000000001
        ]
      ]
    },
    {
      "participant": "3240",
      "n_seeds": 20,
      "test_acc_mean": 0.5477777777777778,
      "test_acc_std": 0.02195748742595742,
      "test_bal_acc_mean": 0.5477777777777778,
      "test_bal_acc_std": 0.02195748742595745,
      "test_f1_mean": 0.5397293702677953,
      "test_f1_std": 0.022386154461532668,
      "test_kappa_mean": 0.32166666666666666,
      "test_kappa_std": 0.03293623113893614,
      "confusion_matrix": [
        [
          67.66666666666666,
          32.333333333333336,
          0.0
        ],
        [
          6.000000000000002,
          60.666666666666664,
          33.33333333333333
        ],
        [
          34.99999999999999,
          29.0,
          35.99999999999999
        ]
      ]
    },
    {
      "participant": "3241",
      "n_seeds": 20,
      "test_acc_mean": 0.5433333333333333,
      "test_acc_std": 0.019712026851622596,
      "test_bal_acc_mean": 0.5433333333333333,
      "test_bal_acc_std": 0.01971202685162261,
      "test_f1_mean": 0.5143057765836739,
      "test_f1_std": 0.026315762158508428,
      "test_kappa_mean": 0.31500000000000006,
      "test_kappa_std": 0.029568040277433892,
      "confusion_matrix": [
        [
          93.3333333333333,
          0.6666666666666667,
          6.000000000000002
        ],
        [
          44.999999999999986,
          42.0,
          13.000000000000004
        ],
        [
          59.666666666666664,
          12.666666666666668,
          27.666666666666668
        ]
      ]
    },
    {
      "participant": "3242",
      "n_seeds": 20,
      "test_acc_mean": 0.21333333333333332,
      "test_acc_std": 0.01961288778129083,
      "test_bal_acc_mean": 0.21333333333333337,
      "test_bal_acc_std": 0.01961288778129083,
      "test_f1_mean": 0.2129052979011266,
      "test_f1_std": 0.019723650910760306,
      "test_kappa_mean": -0.18000000000000005,
      "test_kappa_std": 0.02941933167193625,
      "confusion_matrix": [
        [
          21.000000000000004,
          43.33333333333334,
          35.666666666666664
        ],
        [
          38.00000000000001,
          22.333333333333336,
          39.666666666666664
        ],
        [
          47.333333333333314,
          31.999999999999993,
          20.666666666666668
        ]
      ]
    },
    {
      "participant": "3243",
      "n_seeds": 20,
      "test_acc_mean": 0.3455555555555555,
      "test_acc_std": 0.03980132597110089,
      "test_bal_acc_mean": 0.3455555555555555,
      "test_bal_acc_std": 0.039801325971100886,
      "test_f1_mean": 0.32352623572574124,
      "test_f1_std": 0.03836933736706916,
      "test_kappa_mean": 0.018333333333333313,
      "test_kappa_std": 0.05970198895665132,
      "confusion_matrix": [
        [
          67.0,
          19.000000000000004,
          14.0
        ],
        [
          57.333333333333336,
          12.66666666666667,
          29.999999999999993
        ],
        [
          17.999999999999996,
          58.0,
          24.000000000000004
        ]
      ]
    },
    {
      "participant": "3244",
      "n_seeds": 20,
      "test_acc_mean": 0.23222222222222225,
      "test_acc_std": 0.018346176610708816,
      "test_bal_acc_mean": 0.2322222222222222,
      "test_bal_acc_std": 0.018346176610708816,
      "test_f1_mean": 0.13744368226245507,
      "test_f1_std": 0.008900969739556244,
      "test_kappa_mean": -0.1516666666666667,
      "test_kappa_std": 0.027519264916063203,
      "confusion_matrix": [
        [
          69.66666666666667,
          23.66666666666667,
          6.666666666666667
        ],
        [
          78.66666666666666,
          0.0,
          21.333333333333336
        ],
        [
          89.33333333333334,
          10.666666666666668,
          0.0
        ]
      ]
    },
    {
      "participant": "3245",
      "n_seeds": 20,
      "test_acc_mean": 0.27444444444444444,
      "test_acc_std": 0.010874677442879831,
      "test_bal_acc_mean": 0.27444444444444444,
      "test_bal_acc_std": 0.010874677442879859,
      "test_f1_mean": 0.22190796348691086,
      "test_f1_std": 0.00898699326757415,
      "test_kappa_mean": -0.08833333333333337,
      "test_kappa_std": 0.016312016164319806,
      "confusion_matrix": [
        [
          0.0,
          3.0,
          97.0
        ],
        [
          0.0,
          66.66666666666666,
          33.33333333333333
        ],
        [
          6.333333333333335,
          78.0,
          15.666666666666668
        ]
      ]
    },
    {
      "participant": "3246",
      "n_seeds": 20,
      "test_acc_mean": 0.3822222222222223,
      "test_acc_std": 0.023473541434951298,
      "test_bal_acc_mean": 0.3822222222222223,
      "test_bal_acc_std": 0.02347354143495128,
      "test_f1_mean": 0.38511467811636596,
      "test_f1_std": 0.024628537958386813,
      "test_kappa_mean": 0.07333333333333333,
      "test_kappa_std": 0.035210312152426926,
      "confusion_matrix": [
        [
          37.666666666666664,
          33.33333333333333,
          29.0
        ],
        [
          13.333333333333334,
          26.0,
          60.666666666666664
        ],
        [
          7.999999999999998,
          41.0,
          51.000000000000014
        ]
      ]
    },
    {
      "participant": "3247",
      "n_seeds": 20,
      "test_acc_mean": 0.2911111111111111,
      "test_acc_std": 0.020264655691755368,
      "test_bal_acc_mean": 0.2911111111111111,
      "test_bal_acc_std": 0.020264655691755364,
      "test_f1_mean": 0.26786541359388577,
      "test_f1_std": 0.01730880265045121,
      "test_kappa_mean": -0.06333333333333334,
      "test_kappa_std": 0.030396983537633072,
      "confusion_matrix": [
        [
          41.00000000000001,
          13.666666666666668,
          45.33333333333333
        ],
        [
          17.666666666666664,
          7.333333333333333,
          75.0
        ],
        [
          50.333333333333336,
          10.666666666666668,
          39.00000000000001
        ]
      ]
    },
    {
      "participant": "3248",
      "n_seeds": 20,
      "test_acc_mean": 0.4366666666666667,
      "test_acc_std": 0.019446532887009343,
      "test_bal_acc_mean": 0.4366666666666667,
      "test_bal_acc_std": 0.019446532887009333,
      "test_f1_mean": 0.4397779084188553,
      "test_f1_std": 0.023360881881227626,
      "test_kappa_mean": 0.15499999999999997,
      "test_kappa_std": 0.02916979933051401,
      "confusion_matrix": [
        [
          52.0,
          3.6666666666666665,
          44.33333333333333
        ],
        [
          10.666666666666668,
          30.99999999999999,
          58.33333333333333
        ],
        [
          25.000000000000004,
          27.000000000000007,
          47.99999999999999
        ]
      ]
    },
    {
      "participant": "3249",
      "n_seeds": 20,
      "test_acc_mean": 0.35777777777777775,
      "test_acc_std": 0.020264655691755368,
      "test_bal_acc_mean": 0.35777777777777775,
      "test_bal_acc_std": 0.02026465569175536,
      "test_f1_mean": 0.26020684470512145,
      "test_f1_std": 0.025309316533411334,
      "test_kappa_mean": 0.03666666666666665,
      "test_kappa_std": 0.030396983537633055,
      "confusion_matrix": [
        [
          0.6666666666666667,
          89.99999999999997,
          9.333333333333332
        ],
        [
          7.333333333333334,
          89.99999999999997,
          2.6666666666666665
        ],
        [
          12.0,
          71.33333333333333,
          16.666666666666668
        ]
      ]
    },
    {
      "participant": "3250",
      "n_seeds": 20,
      "test_acc_mean": 0.40777777777777774,
      "test_acc_std": 0.02724041640467221,
      "test_bal_acc_mean": 0.40777777777777774,
      "test_bal_acc_std": 0.027240416404672226,
      "test_f1_mean": 0.3969361865405422,
      "test_f1_std": 0.027830612270966275,
      "test_kappa_mean": 0.11166666666666665,
      "test_kappa_std": 0.04086062460700832,
      "confusion_matrix": [
        [
          43.99999999999999,
          24.666666666666668,
          31.333333333333325
        ],
        [
          1.3333333333333335,
          62.999999999999986,
          35.66666666666667
        ],
        [
          27.666666666666668,
          56.999999999999986,
          15.333333333333334
        ]
      ]
    }
  ],
  "selected_features": [
    "t_end_sec",
    "SCR_Peaks_N",
    "SCR_Peaks_Amplitude_Mean",
    "EDA_Tonic_SD",
    "EDA_Autocorrelation"
  ],
  "n_participants": 40,
  "n_seeds": 20,
  "n_features": 5,
  "timestamp": "2025-10-18T14:19:43.056806"
}