{
  "name": "pose_gsr",
  "config": {
    "n_seeds": 20,
    "feature_selection": "backward",
    "use_pose_derivatives": true,
    "use_time_features": false,
    "include_order": false,
    "normalize_features": true,
    "class_config": "all",
    "use_pca": false,
    "pca_variance": 0.9,
    "write_cm": true,
    "tune_hyperparameters": false,
    "tune_n_iter": 30,
    "tune_cv_folds": 5,
    "name": "pose_gsr",
    "feature_groups": [
      "pose",
      "gsr"
    ],
    "split_strategy": "lopo"
  },
  "metrics": {
    "test_acc_mean": 0.3907339092140921,
    "test_acc_std": 0.11519627091715555,
    "test_bal_acc_mean": 0.38752020202020193,
    "test_bal_acc_std": 0.11505264809282939,
    "test_f1_mean": 0.3271558276875678,
    "test_f1_std": 0.12985881863773913,
    "test_kappa_mean": 0.08221372827968403,
    "test_kappa_std": 0.17371269670270933
  },
  "confusion_matrix": [
    [
      52.61666666666666,
      25.200000000000003,
      22.183333333333334
    ],
    [
      35.03030303030304,
      35.871212121212125,
      29.098484848484844
    ],
    [
      37.78030303030303,
      34.45151515151515,
      27.76818181818182
    ]
  ],
  "participant_results": [
    {
      "participant": "3208",
      "n_seeds": 20,
      "test_acc_mean": 0.34555555555555556,
      "test_acc_std": 0.05370000659452578,
      "test_bal_acc_mean": 0.34555555555555556,
      "test_bal_acc_std": 0.05370000659452577,
      "test_f1_mean": 0.27532341679339567,
      "test_f1_std": 0.04227519761343914,
      "test_kappa_mean": 0.018333333333333302,
      "test_kappa_std": 0.08055000989178865,
      "confusion_matrix": [
        [
          0.0,
          77.0,
          23.0
        ],
        [
          0.0,
          49.33333333333333,
          50.66666666666667
        ],
        [
          0.0,
          45.66666666666667,
          54.333333333333336
        ]
      ]
    },
    {
      "participant": "3209",
      "n_seeds": 20,
      "test_acc_mean": 0.3833333333333334,
      "test_acc_std": 0.04070528317028037,
      "test_bal_acc_mean": 0.3833333333333334,
      "test_bal_acc_std": 0.040705283170280354,
      "test_f1_mean": 0.3142436677277391,
      "test_f1_std": 0.042753070412078514,
      "test_kappa_mean": 0.075,
      "test_kappa_std": 0.061057924755420545,
      "confusion_matrix": [
        [
          2.666666666666667,
          33.0,
          64.33333333333334
        ],
        [
          16.000000000000004,
          40.33333333333333,
          43.66666666666667
        ],
        [
          0.6666666666666667,
          27.333333333333336,
          72.0
        ]
      ]
    },
    {
      "participant": "3210",
      "n_seeds": 20,
      "test_acc_mean": 0.07888888888888887,
      "test_acc_std": 0.02836227165692587,
      "test_bal_acc_mean": 0.07888888888888887,
      "test_bal_acc_std": 0.02836227165692587,
      "test_f1_mean": 0.06751694183173945,
      "test_f1_std": 0.028619776955934196,
      "test_kappa_mean": -0.3816666666666667,
      "test_kappa_std": 0.04254340748538879,
      "confusion_matrix": [
        [
          0.6666666666666667,
          0.0,
          99.33333333333333
        ],
        [
          38.66666666666667,
          5.333333333333334,
          56.000000000000014
        ],
        [
          38.333333333333336,
          43.99999999999999,
          17.666666666666668
        ]
      ]
    },
    {
      "participant": "3214",
      "n_seeds": 20,
      "test_acc_mean": 0.5522222222222222,
      "test_acc_std": 0.04032035458861997,
      "test_bal_acc_mean": 0.5522222222222222,
      "test_bal_acc_std": 0.040320354588619975,
      "test_f1_mean": 0.5063598026141582,
      "test_f1_std": 0.04569381194159324,
      "test_kappa_mean": 0.32833333333333337,
      "test_kappa_std": 0.06048053188292995,
      "confusion_matrix": [
        [
          100.0,
          0.0,
          0.0
        ],
        [
          57.666666666666664,
          39.33333333333334,
          2.9999999999999996
        ],
        [
          23.0,
          50.66666666666666,
          26.333333333333332
        ]
      ]
    },
    {
      "participant": "3215",
      "n_seeds": 20,
      "test_acc_mean": 0.4633333333333334,
      "test_acc_std": 0.04742902772106236,
      "test_bal_acc_mean": 0.4633333333333334,
      "test_bal_acc_std": 0.04742902772106236,
      "test_f1_mean": 0.4439960829341155,
      "test_f1_std": 0.05683469699559315,
      "test_kappa_mean": 0.19499999999999995,
      "test_kappa_std": 0.07114354158159357,
      "confusion_matrix": [
        [
          33.99999999999999,
          1.6666666666666667,
          64.33333333333333
        ],
        [
          27.333333333333332,
          30.999999999999993,
          41.66666666666667
        ],
        [
          19.333333333333336,
          6.666666666666667,
          73.99999999999999
        ]
      ]
    },
    {
      "participant": "3216",
      "n_seeds": 20,
      "test_acc_mean": 0.3166666666666666,
      "test_acc_std": 0.026856052639076103,
      "test_bal_acc_mean": 0.3166666666666666,
      "test_bal_acc_std": 0.026856052639076092,
      "test_f1_mean": 0.1602727413214509,
      "test_f1_std": 0.010745372438061234,
      "test_kappa_mean": -0.025,
      "test_kappa_std": 0.04028407895861415,
      "confusion_matrix": [
        [
          95.0,
          5.0,
          0.0
        ],
        [
          100.0,
          0.0,
          0.0
        ],
        [
          99.66666666666667,
          0.33333333333333337,
          0.0
        ]
      ]
    },
    {
      "participant": "3217",
      "n_seeds": 20,
      "test_acc_mean": 0.5755555555555555,
      "test_acc_std": 0.05390531491382288,
      "test_bal_acc_mean": 0.5755555555555555,
      "test_bal_acc_std": 0.05390531491382288,
      "test_f1_mean": 0.5278139045708017,
      "test_f1_std": 0.06148637402436737,
      "test_kappa_mean": 0.3633333333333334,
      "test_kappa_std": 0.0808579723707343,
      "confusion_matrix": [
        [
          71.66666666666667,
          28.0,
          0.33333333333333337
        ],
        [
          15.333333333333332,
          84.66666666666667,
          0.0
        ],
        [
          12.333333333333332,
          71.33333333333334,
          16.333333333333332
        ]
      ]
    },
    {
      "participant": "3218",
      "n_seeds": 20,
      "test_acc_mean": 0.5388888888888888,
      "test_acc_std": 0.07693782034948712,
      "test_bal_acc_mean": 0.5388888888888888,
      "test_bal_acc_std": 0.07693782034948712,
      "test_f1_mean": 0.5205622419204584,
      "test_f1_std": 0.08872179805419358,
      "test_kappa_mean": 0.3083333333333333,
      "test_kappa_std": 0.11540673052423071,
      "confusion_matrix": [
        [
          31.333333333333336,
          61.66666666666667,
          7.0
        ],
        [
          0.33333333333333337,
          79.33333333333333,
          20.333333333333336
        ],
        [
          0.0,
          49.0,
          50.999999999999986
        ]
      ]
    },
    {
      "participant": "3219",
      "n_seeds": 20,
      "test_acc_mean": 0.475,
      "test_acc_std": 0.028097574347450815,
      "test_bal_acc_mean": 0.45,
      "test_bal_acc_std": 0.03485792196684497,
      "test_f1_mean": 0.38445225450180254,
      "test_f1_std": 0.03920612742906265,
      "test_kappa_mean": 0.19559369410285354,
      "test_kappa_std": 0.04614037438457228,
      "confusion_matrix": [
        [
          100.0,
          0.0,
          0.0
        ],
        [
          47.33333333333332,
          10.0,
          42.666666666666664
        ],
        [
          71.0,
          4.0,
          25.0
        ]
      ]
    },
    {
      "participant": "3220",
      "n_seeds": 20,
      "test_acc_mean": 0.4133333333333334,
      "test_acc_std": 0.0521904843211022,
      "test_bal_acc_mean": 0.4133333333333334,
      "test_bal_acc_std": 0.0521904843211022,
      "test_f1_mean": 0.31358588986072594,
      "test_f1_std": 0.06894470380643529,
      "test_kappa_mean": 0.12000000000000002,
      "test_kappa_std": 0.07828572648165326,
      "confusion_matrix": [
        [
          97.66666666666666,
          2.333333333333333,
          0.0
        ],
        [
          100.0,
          0.0,
          0.0
        ],
        [
          62.0,
          11.666666666666666,
          26.333333333333336
        ]
      ]
    },
    {
      "participant": "3221",
      "n_seeds": 20,
      "test_acc_mean": 0.3177777777777777,
      "test_acc_std": 0.05400166050439533,
      "test_bal_acc_mean": 0.3177777777777777,
      "test_bal_acc_std": 0.0540016605043953,
      "test_f1_mean": 0.28469470475707176,
      "test_f1_std": 0.04010929525368685,
      "test_kappa_mean": -0.023333333333333338,
      "test_kappa_std": 0.08100249075659297,
      "confusion_matrix": [
        [
          63.666666666666664,
          36.33333333333333,
          0.0
        ],
        [
          44.0,
          1.6666666666666667,
          54.333333333333336
        ],
        [
          39.33333333333334,
          30.666666666666664,
          29.999999999999993
        ]
      ]
    },
    {
      "participant": "3222",
      "n_seeds": 20,
      "test_acc_mean": 0.525609756097561,
      "test_acc_std": 0.05946788055272553,
      "test_bal_acc_mean": 0.5128282828282827,
      "test_bal_acc_std": 0.05788049965320267,
      "test_f1_mean": 0.49743323620954794,
      "test_f1_std": 0.06910546483009533,
      "test_kappa_mean": 0.27550258463293664,
      "test_kappa_std": 0.08715748298942187,
      "confusion_matrix": [
        [
          82.33333333333334,
          4.999999999999999,
          12.666666666666668
        ],
        [
          44.54545454545455,
          38.18181818181819,
          17.27272727272727
        ],
        [
          42.666666666666664,
          24.0,
          33.333333333333336
        ]
      ]
    },
    {
      "participant": "3223",
      "n_seeds": 20,
      "test_acc_mean": 0.24666666666666665,
      "test_acc_std": 0.039424053703245185,
      "test_bal_acc_mean": 0.24666666666666665,
      "test_bal_acc_std": 0.039424053703245206,
      "test_f1_mean": 0.20728418734286,
      "test_f1_std": 0.02853229841197626,
      "test_kappa_mean": -0.13000000000000003,
      "test_kappa_std": 0.05913608055486779,
      "confusion_matrix": [
        [
          58.666666666666664,
          39.66666666666667,
          1.6666666666666667
        ],
        [
          88.33333333333333,
          9.666666666666666,
          2.0
        ],
        [
          21.333333333333336,
          73.0,
          5.666666666666667
        ]
      ]
    },
    {
      "participant": "3224",
      "n_seeds": 20,
      "test_acc_mean": 0.5088888888888888,
      "test_acc_std": 0.0337402068673888,
      "test_bal_acc_mean": 0.5088888888888888,
      "test_bal_acc_std": 0.033740206867388815,
      "test_f1_mean": 0.4397572129276246,
      "test_f1_std": 0.05690262416208587,
      "test_kappa_mean": 0.26333333333333336,
      "test_kappa_std": 0.05061031030108325,
      "confusion_matrix": [
        [
          45.66666666666666,
          54.333333333333336,
          0.0
        ],
        [
          0.0,
          97.33333333333331,
          2.6666666666666665
        ],
        [
          13.333333333333337,
          77.00000000000001,
          9.666666666666666
        ]
      ]
    },
    {
      "participant": "3225",
      "n_seeds": 20,
      "test_acc_mean": 0.23555555555555557,
      "test_acc_std": 0.04409217116625859,
      "test_bal_acc_mean": 0.23555555555555557,
      "test_bal_acc_std": 0.044092171166258604,
      "test_f1_mean": 0.20862552514286295,
      "test_f1_std": 0.04161968269885589,
      "test_kappa_mean": -0.1466666666666667,
      "test_kappa_std": 0.0661382567493879,
      "confusion_matrix": [
        [
          4.333333333333334,
          25.0,
          70.66666666666667
        ],
        [
          30.0,
          37.999999999999986,
          31.999999999999993
        ],
        [
          0.6666666666666667,
          71.00000000000001,
          28.333333333333336
        ]
      ]
    },
    {
      "participant": "3226",
      "n_seeds": 20,
      "test_acc_mean": 0.4644444444444444,
      "test_acc_std": 0.03669235322141761,
      "test_bal_acc_mean": 0.4644444444444444,
      "test_bal_acc_std": 0.03669235322141763,
      "test_f1_mean": 0.38609617886359915,
      "test_f1_std": 0.03123546375133294,
      "test_kappa_mean": 0.19666666666666666,
      "test_kappa_std": 0.05503852983212643,
      "confusion_matrix": [
        [
          50.666666666666664,
          42.66666666666667,
          6.666666666666669
        ],
        [
          11.0,
          88.66666666666666,
          0.33333333333333337
        ],
        [
          1.0,
          99.0,
          0.0
        ]
      ]
    },
    {
      "participant": "3227",
      "n_seeds": 20,
      "test_acc_mean": 0.3455555555555555,
      "test_acc_std": 0.020989183141962953,
      "test_bal_acc_mean": 0.3455555555555555,
      "test_bal_acc_std": 0.020989183141962946,
      "test_f1_mean": 0.2777753333435205,
      "test_f1_std": 0.017179120001020686,
      "test_kappa_mean": 0.01833333333333332,
      "test_kappa_std": 0.0314837747129444,
      "confusion_matrix": [
        [
          58.666666666666664,
          39.666666666666664,
          1.6666666666666667
        ],
        [
          55.0,
          44.99999999999999,
          0.0
        ],
        [
          65.99999999999999,
          34.0,
          0.0
        ]
      ]
    },
    {
      "participant": "3228",
      "n_seeds": 20,
      "test_acc_mean": 0.38194444444444453,
      "test_acc_std": 0.032337713977477596,
      "test_bal_acc_mean": 0.3055555555555555,
      "test_bal_acc_std": 0.025870171181982052,
      "test_f1_mean": 0.23000200080032013,
      "test_f1_std": 0.014228682497541306,
      "test_kappa_mean": -0.05952380952380949,
      "test_kappa_std": 0.05543608110424728,
      "confusion_matrix": [
        [
          0.0,
          0.0,
          100.0
        ],
        [
          0.0,
          0.0,
          100.0
        ],
        [
          0.0,
          8.333333333333332,
          91.66666666666667
        ]
      ]
    },
    {
      "participant": "3229",
      "n_seeds": 20,
      "test_acc_mean": 0.13333333333333333,
      "test_acc_std": 0.033039641852223474,
      "test_bal_acc_mean": 0.13333333333333333,
      "test_bal_acc_std": 0.03303964185222348,
      "test_f1_mean": 0.14407324521307624,
      "test_f1_std": 0.037747332460768265,
      "test_kappa_mean": -0.30000000000000004,
      "test_kappa_std": 0.04955946277833521,
      "confusion_matrix": [
        [
          13.0,
          34.99999999999999,
          51.999999999999986
        ],
        [
          0.0,
          6.666666666666666,
          93.33333333333334
        ],
        [
          0.33333333333333337,
          79.33333333333334,
          20.33333333333333
        ]
      ]
    },
    {
      "participant": "3230",
      "n_seeds": 20,
      "test_acc_mean": 0.5544444444444444,
      "test_acc_std": 0.024423169902168213,
      "test_bal_acc_mean": 0.5544444444444444,
      "test_bal_acc_std": 0.024423169902168234,
      "test_f1_mean": 0.4622169346480061,
      "test_f1_std": 0.03361141224445401,
      "test_kappa_mean": 0.33166666666666667,
      "test_kappa_std": 0.03663475485325232,
      "confusion_matrix": [
        [
          98.66666666666666,
          0.33333333333333337,
          1.0
        ],
        [
          30.0,
          66.33333333333334,
          3.666666666666667
        ],
        [
          84.66666666666666,
          14.000000000000004,
          1.3333333333333335
        ]
      ]
    },
    {
      "participant": "3231",
      "n_seeds": 20,
      "test_acc_mean": 0.4166666666666668,
      "test_acc_std": 0.03806563873760198,
      "test_bal_acc_mean": 0.4166666666666667,
      "test_bal_acc_std": 0.038065638737601985,
      "test_f1_mean": 0.4049690048466344,
      "test_f1_std": 0.039199672463779776,
      "test_kappa_mean": 0.125,
      "test_kappa_std": 0.057098458106402954,
      "confusion_matrix": [
        [
          16.333333333333336,
          2.0,
          81.66666666666666
        ],
        [
          20.0,
          43.0,
          37.0
        ],
        [
          24.0,
          10.333333333333336,
          65.66666666666667
        ]
      ]
    },
    {
      "participant": "3232",
      "n_seeds": 20,
      "test_acc_mean": 0.38777777777777783,
      "test_acc_std": 0.0398013259711009,
      "test_bal_acc_mean": 0.38777777777777783,
      "test_bal_acc_std": 0.039801325971100886,
      "test_f1_mean": 0.2945367948031826,
      "test_f1_std": 0.03589127910246995,
      "test_kappa_mean": 0.08166666666666664,
      "test_kappa_std": 0.059701988956651304,
      "confusion_matrix": [
        [
          90.33333333333333,
          0.6666666666666667,
          8.999999999999998
        ],
        [
          53.0,
          1.3333333333333335,
          45.66666666666667
        ],
        [
          63.000000000000014,
          12.333333333333334,
          24.666666666666668
        ]
      ]
    },
    {
      "participant": "3233",
      "n_seeds": 20,
      "test_acc_mean": 0.2933333333333333,
      "test_acc_std": 0.042409556709837065,
      "test_bal_acc_mean": 0.2933333333333333,
      "test_bal_acc_std": 0.042409556709837065,
      "test_f1_mean": 0.23766825913760972,
      "test_f1_std": 0.04443543477791094,
      "test_kappa_mean": -0.06000000000000002,
      "test_kappa_std": 0.0636143350647556,
      "confusion_matrix": [
        [
          62.999999999999986,
          25.33333333333334,
          11.666666666666668
        ],
        [
          51.666666666666664,
          24.33333333333333,
          23.999999999999993
        ],
        [
          82.66666666666667,
          16.666666666666664,
          0.6666666666666667
        ]
      ]
    },
    {
      "participant": "3234",
      "n_seeds": 20,
      "test_acc_mean": 0.5411111111111111,
      "test_acc_std": 0.054085822110293634,
      "test_bal_acc_mean": 0.5411111111111111,
      "test_bal_acc_std": 0.054085822110293634,
      "test_f1_mean": 0.525010826176581,
      "test_f1_std": 0.058893610951150394,
      "test_kappa_mean": 0.31166666666666665,
      "test_kappa_std": 0.08112873316544048,
      "confusion_matrix": [
        [
          55.999999999999986,
          25.666666666666664,
          18.333333333333336
        ],
        [
          9.333333333333334,
          76.66666666666667,
          14.0
        ],
        [
          12.333333333333332,
          58.0,
          29.666666666666664
        ]
      ]
    },
    {
      "participant": "3235",
      "n_seeds": 20,
      "test_acc_mean": 0.33888888888888885,
      "test_acc_std": 0.01747550034793444,
      "test_bal_acc_mean": 0.33888888888888885,
      "test_bal_acc_std": 0.01747550034793443,
      "test_f1_mean": 0.19849348762704627,
      "test_f1_std": 0.018181051961201823,
      "test_kappa_mean": 0.008333333333333326,
      "test_kappa_std": 0.026213250521901647,
      "confusion_matrix": [
        [
          98.33333333333334,
          0.0,
          1.6666666666666667
        ],
        [
          63.333333333333336,
          0.0,
          36.66666666666667
        ],
        [
          96.66666666666666,
          0.0,
          3.333333333333333
        ]
      ]
    },
    {
      "participant": "3236",
      "n_seeds": 20,
      "test_acc_mean": 0.4922222222222222,
      "test_acc_std": 0.0511212804528574,
      "test_bal_acc_mean": 0.4922222222222222,
      "test_bal_acc_std": 0.051121280452857416,
      "test_f1_mean": 0.45721432063126394,
      "test_f1_std": 0.04774046192109197,
      "test_kappa_mean": 0.23833333333333329,
      "test_kappa_std": 0.07668192067928614,
      "confusion_matrix": [
        [
          17.666666666666668,
          58.333333333333336,
          24.000000000000004
        ],
        [
          2.333333333333333,
          68.00000000000001,
          29.666666666666664
        ],
        [
          6.666666666666669,
          31.333333333333332,
          62.0
        ]
      ]
    },
    {
      "participant": "3237",
      "n_seeds": 20,
      "test_acc_mean": 0.3088888888888889,
      "test_acc_std": 0.023803396593946563,
      "test_bal_acc_mean": 0.3088888888888889,
      "test_bal_acc_std": 0.023803396593946556,
      "test_f1_mean": 0.19125076498534135,
      "test_f1_std": 0.02310348823666004,
      "test_kappa_mean": -0.03666666666666667,
      "test_kappa_std": 0.03570509489091987,
      "confusion_matrix": [
        [
          84.99999999999997,
          14.999999999999996,
          0.0
        ],
        [
          92.33333333333331,
          7.666666666666664,
          0.0
        ],
        [
          93.3333333333333,
          6.666666666666669,
          0.0
        ]
      ]
    },
    {
      "participant": "3238",
      "n_seeds": 20,
      "test_acc_mean": 0.5077777777777778,
      "test_acc_std": 0.04575551607688398,
      "test_bal_acc_mean": 0.5077777777777778,
      "test_bal_acc_std": 0.04575551607688396,
      "test_f1_mean": 0.4921998077222763,
      "test_f1_std": 0.04680948696133112,
      "test_kappa_mean": 0.26166666666666666,
      "test_kappa_std": 0.06863327411532598,
      "confusion_matrix": [
        [
          72.66666666666667,
          0.0,
          27.333333333333325
        ],
        [
          60.33333333333333,
          28.333333333333332,
          11.333333333333332
        ],
        [
          42.333333333333336,
          6.333333333333334,
          51.333333333333336
        ]
      ]
    },
    {
      "participant": "3239",
      "n_seeds": 20,
      "test_acc_mean": 0.4390243902439025,
      "test_acc_std": 0.04187293050141231,
      "test_bal_acc_mean": 0.42464646464646466,
      "test_bal_acc_std": 0.0415137350988694,
      "test_f1_mean": 0.4271685282297665,
      "test_f1_std": 0.05823414342932576,
      "test_kappa_mean": 0.16530999530871385,
      "test_kappa_std": 0.06018344768803681,
      "confusion_matrix": [
        [
          73.99999999999997,
          0.0,
          26.000000000000007
        ],
        [
          14.666666666666666,
          25.666666666666657,
          59.666666666666664
        ],
        [
          59.54545454545454,
          12.72727272727273,
          27.727272727272727
        ]
      ]
    },
    {
      "participant": "3240",
      "n_seeds": 20,
      "test_acc_mean": 0.57,
      "test_acc_std": 0.08165761576133522,
      "test_bal_acc_mean": 0.57,
      "test_bal_acc_std": 0.08165761576133522,
      "test_f1_mean": 0.5466572642222574,
      "test_f1_std": 0.08777137537174436,
      "test_kappa_mean": 0.35500000000000004,
      "test_kappa_std": 0.12248642364200282,
      "confusion_matrix": [
        [
          35.66666666666667,
          27.666666666666664,
          36.666666666666664
        ],
        [
          13.333333333333332,
          45.66666666666667,
          41.0
        ],
        [
          0.6666666666666667,
          9.666666666666668,
          89.66666666666667
        ]
      ]
    },
    {
      "participant": "3241",
      "n_seeds": 20,
      "test_acc_mean": 0.3244444444444444,
      "test_acc_std": 0.018239615148180514,
      "test_bal_acc_mean": 0.3244444444444444,
      "test_bal_acc_std": 0.018239615148180514,
      "test_f1_mean": 0.1805006285841005,
      "test_f1_std": 0.031919293316816644,
      "test_kappa_mean": -0.013333333333333409,
      "test_kappa_std": 0.027359422722270772,
      "confusion_matrix": [
        [
          93.99999999999997,
          0.0,
          6.000000000000001
        ],
        [
          96.66666666666666,
          3.333333333333333,
          0.0
        ],
        [
          100.0,
          0.0,
          0.0
        ]
      ]
    },
    {
      "participant": "3242",
      "n_seeds": 20,
      "test_acc_mean": 0.2833333333333333,
      "test_acc_std": 0.0373766109503504,
      "test_bal_acc_mean": 0.2833333333333333,
      "test_bal_acc_std": 0.03737661095035039,
      "test_f1_mean": 0.279434234210716,
      "test_f1_std": 0.03906790871547689,
      "test_kappa_mean": -0.07500000000000004,
      "test_kappa_std": 0.0560649164255256,
      "confusion_matrix": [
        [
          30.0,
          14.333333333333337,
          55.66666666666665
        ],
        [
          0.0,
          4.0,
          96.0
        ],
        [
          0.0,
          49.00000000000001,
          50.99999999999999
        ]
      ]
    },
    {
      "participant": "3243",
      "n_seeds": 20,
      "test_acc_mean": 0.3255555555555555,
      "test_acc_std": 0.013047621080275545,
      "test_bal_acc_mean": 0.3255555555555555,
      "test_bal_acc_std": 0.013047621080275539,
      "test_f1_mean": 0.16368595363335275,
      "test_f1_std": 0.0050192491138176445,
      "test_kappa_mean": -0.011666666666666691,
      "test_kappa_std": 0.019571431620413356,
      "confusion_matrix": [
        [
          0.0,
          100.0,
          0.0
        ],
        [
          0.0,
          97.66666666666666,
          2.333333333333333
        ],
        [
          0.0,
          100.0,
          0.0
        ]
      ]
    },
    {
      "participant": "3244",
      "n_seeds": 20,
      "test_acc_mean": 0.42777777777777776,
      "test_acc_std": 0.0720533337950518,
      "test_bal_acc_mean": 0.42777777777777776,
      "test_bal_acc_std": 0.07205333379505181,
      "test_f1_mean": 0.4061457387976818,
      "test_f1_std": 0.0733537403930852,
      "test_kappa_mean": 0.14166666666666666,
      "test_kappa_std": 0.10808000069257775,
      "confusion_matrix": [
        [
          70.33333333333333,
          22.333333333333332,
          7.333333333333333
        ],
        [
          62.66666666666665,
          19.333333333333336,
          18.000000000000004
        ],
        [
          35.33333333333333,
          26.0,
          38.66666666666667
        ]
      ]
    },
    {
      "participant": "3245",
      "n_seeds": 20,
      "test_acc_mean": 0.35111111111111104,
      "test_acc_std": 0.06432535881652425,
      "test_bal_acc_mean": 0.35111111111111104,
      "test_bal_acc_std": 0.06432535881652425,
      "test_f1_mean": 0.32609495830487345,
      "test_f1_std": 0.07318489472872429,
      "test_kappa_mean": 0.026666666666666634,
      "test_kappa_std": 0.09648803822478638,
      "confusion_matrix": [
        [
          46.33333333333333,
          7.0,
          46.66666666666667
        ],
        [
          0.0,
          8.666666666666666,
          91.33333333333333
        ],
        [
          26.333333333333336,
          23.333333333333336,
          50.33333333333333
        ]
      ]
    },
    {
      "participant": "3246",
      "n_seeds": 20,
      "test_acc_mean": 0.3611111111111111,
      "test_acc_std": 0.04318387781850763,
      "test_bal_acc_mean": 0.3611111111111111,
      "test_bal_acc_std": 0.04318387781850762,
      "test_f1_mean": 0.35168623004245375,
      "test_f1_std": 0.048633734530034355,
      "test_kappa_mean": 0.041666666666666644,
      "test_kappa_std": 0.06477581672776143,
      "confusion_matrix": [
        [
          71.66666666666666,
          0.0,
          28.333333333333332
        ],
        [
          0.0,
          33.0,
          66.99999999999999
        ],
        [
          94.66666666666664,
          1.6666666666666667,
          3.666666666666667
        ]
      ]
    },
    {
      "participant": "3247",
      "n_seeds": 20,
      "test_acc_mean": 0.4,
      "test_acc_std": 0.03815089223462009,
      "test_bal_acc_mean": 0.4,
      "test_bal_acc_std": 0.0381508922346201,
      "test_f1_mean": 0.30903327572101646,
      "test_f1_std": 0.04431867522637843,
      "test_kappa_mean": 0.10000000000000002,
      "test_kappa_std": 0.057226338351930105,
      "confusion_matrix": [
        [
          91.99999999999999,
          6.333333333333334,
          1.6666666666666667
        ],
        [
          57.999999999999986,
          28.0,
          14.0
        ],
        [
          96.66666666666666,
          3.333333333333333,
          0.0
        ]
      ]
    },
    {
      "participant": "3248",
      "n_seeds": 20,
      "test_acc_mean": 0.3466666666666667,
      "test_acc_std": 0.04103913408340617,
      "test_bal_acc_mean": 0.3466666666666667,
      "test_bal_acc_std": 0.04103913408340617,
      "test_f1_mean": 0.27642260513827877,
      "test_f1_std": 0.04945930031321709,
      "test_kappa_mean": 0.020000000000000007,
      "test_kappa_std": 0.06155870112510923,
      "confusion_matrix": [
        [
          78.33333333333333,
          21.000000000000004,
          0.6666666666666667
        ],
        [
          95.99999999999997,
          0.0,
          4.000000000000001
        ],
        [
          74.33333333333334,
          0.0,
          25.666666666666664
        ]
      ]
    },
    {
      "participant": "3249",
      "n_seeds": 20,
      "test_acc_mean": 0.33999999999999997,
      "test_acc_std": 0.02051956704170309,
      "test_bal_acc_mean": 0.33999999999999997,
      "test_bal_acc_std": 0.02051956704170308,
      "test_f1_mean": 0.1926601964928998,
      "test_f1_std": 0.030472153072520314,
      "test_kappa_mean": 0.009999999999999981,
      "test_kappa_std": 0.03077935056255464,
      "confusion_matrix": [
        [
          4.000000000000001,
          95.99999999999997,
          0.0
        ],
        [
          2.0,
          97.66666666666666,
          0.33333333333333337
        ],
        [
          7.000000000000002,
          92.66666666666664,
          0.33333333333333337
        ]
      ]
    },
    {
      "participant": "3250",
      "n_seeds": 20,
      "test_acc_mean": 0.3166666666666666,
      "test_acc_std": 0.0202325659555628,
      "test_bal_acc_mean": 0.3166666666666666,
      "test_bal_acc_std": 0.020232565955562786,
      "test_f1_mean": 0.1733147248705023,
      "test_f1_std": 0.024657169196654487,
      "test_kappa_mean": -0.025000000000000033,
      "test_kappa_std": 0.030348848933344212,
      "confusion_matrix": [
        [
          0.33333333333333337,
          99.66666666666666,
          0.0
        ],
        [
          0.0,
          91.66666666666666,
          8.333333333333334
        ],
        [
          0.0,
          97.0,
          3.0
        ]
      ]
    }
  ],
  "selected_features": [
    "head_rotation_rad_min",
    "head_rotation_rad_rms",
    "head_rotation_rad_median",
    "head_rotation_rad_p75",
    "head_tx_max",
    "head_tx_std",
    "head_tx_median",
    "head_tx_p25",
    "head_tx_p75",
    "head_ty_max",
    "head_ty_rms",
    "head_ty_p75",
    "head_ty_autocorr1",
    "head_scalex_min",
    "head_scalex_p75",
    "head_scalex_autocorr1",
    "head_scaley_min",
    "head_scaley_p75",
    "head_motion_mag_min",
    "head_motion_mag_rms",
    "head_motion_mag_p75",
    "blink_aperture_min",
    "blink_aperture_max",
    "blink_aperture_std",
    "blink_aperture_p25",
    "blink_aperture_p75",
    "mouth_aperture_min",
    "mouth_aperture_max",
    "mouth_aperture_p25",
    "mouth_aperture_p75",
    "mouth_aperture_autocorr1",
    "pupil_dx_mean",
    "pupil_dx_p25",
    "pupil_dx_p75",
    "pupil_dy_max",
    "pupil_dy_mean",
    "pupil_dy_p25",
    "pupil_metric_min",
    "pupil_metric_std",
    "pupil_metric_p25",
    "pupil_metric_p75",
    "head_rotation_rad_vel_min",
    "head_rotation_rad_vel_mean",
    "head_rotation_rad_vel_p75",
    "head_rotation_rad_vel_autocorr1",
    "head_rotation_rad_acc_max",
    "head_rotation_rad_acc_median",
    "head_rotation_rad_acc_autocorr1",
    "head_tx_vel_autocorr1",
    "head_ty_vel_median",
    "head_ty_acc_max",
    "head_ty_acc_median",
    "head_scalex_acc_mean",
    "head_scalex_acc_p75",
    "head_scalex_acc_autocorr1",
    "head_scaley_vel_min",
    "head_scaley_vel_p25",
    "head_scaley_vel_autocorr1",
    "head_scaley_acc_mean",
    "head_scaley_acc_autocorr1",
    "head_motion_mag_vel_median",
    "head_motion_mag_vel_autocorr1",
    "head_motion_mag_acc_mean",
    "head_motion_mag_acc_std",
    "head_motion_mag_acc_median",
    "blink_aperture_vel_max",
    "blink_aperture_vel_autocorr1",
    "blink_aperture_acc_min",
    "blink_aperture_acc_max",
    "blink_aperture_acc_mean",
    "blink_aperture_acc_median",
    "mouth_aperture_vel_mean",
    "mouth_aperture_acc_max",
    "mouth_aperture_acc_median",
    "mouth_aperture_acc_p75",
    "mouth_aperture_acc_autocorr1",
    "pupil_dx_acc_min",
    "pupil_dx_acc_median",
    "pupil_dx_acc_p75",
    "pupil_dy_acc_p75",
    "pupil_dy_acc_autocorr1",
    "pupil_metric_vel_min",
    "pupil_metric_vel_std",
    "pupil_metric_vel_median",
    "pupil_metric_acc_min",
    "pupil_metric_acc_std",
    "pupil_metric_acc_p75",
    "pupil_metric_acc_autocorr1",
    "SCR_Peaks_N",
    "SCR_Peaks_Amplitude_Mean",
    "EDA_Tonic_SD"
  ],
  "n_participants": 40,
  "n_seeds": 20,
  "n_features": 91,
  "timestamp": "2025-10-18T14:51:29.749129"
}