{
  "name": "pose_eye_ecg",
  "config": {
    "n_seeds": 20,
    "feature_selection": "backward",
    "use_pose_derivatives": true,
    "use_time_features": false,
    "include_order": false,
    "normalize_features": true,
    "class_config": "all",
    "use_pca": false,
    "pca_variance": 0.9,
    "write_cm": true,
    "tune_hyperparameters": false,
    "tune_n_iter": 30,
    "tune_cv_folds": 5,
    "name": "pose_eye_ecg",
    "feature_groups": [
      "pose",
      "eye_tracking",
      "ecg"
    ],
    "split_strategy": "lopo"
  },
  "metrics": {
    "test_acc_mean": 0.3929391828940482,
    "test_acc_std": 0.13109841164624528,
    "test_bal_acc_mean": 0.390603942840785,
    "test_bal_acc_std": 0.12968123716918736,
    "test_f1_mean": 0.32116522575512624,
    "test_f1_std": 0.12935329410926005,
    "test_kappa_mean": 0.08573087675063526,
    "test_kappa_std": 0.18350711310889037
  },
  "confusion_matrix": [
    [
      49.676691729323295,
      19.551691729323306,
      25.508458646616543
    ],
    [
      32.86466165413535,
      23.770050125313283,
      40.73370927318295
    ],
    [
      36.73684210526316,
      21.581348476085314,
      41.68180941865152
    ]
  ],
  "participant_results": [
    {
      "participant": "3208",
      "n_seeds": 20,
      "test_acc_mean": 0.37000000000000005,
      "test_acc_std": 0.03552264558809841,
      "test_bal_acc_mean": 0.37000000000000005,
      "test_bal_acc_std": 0.0355226455880984,
      "test_f1_mean": 0.25703072553425754,
      "test_f1_std": 0.05432391081121037,
      "test_kappa_mean": 0.05499999999999998,
      "test_kappa_std": 0.053283968382147634,
      "confusion_matrix": [
        [
          11.666666666666666,
          42.66666666666667,
          45.66666666666667
        ],
        [
          0.33333333333333337,
          0.0,
          99.66666666666666
        ],
        [
          0.0,
          0.6666666666666667,
          99.33333333333333
        ]
      ]
    },
    {
      "participant": "3209",
      "n_seeds": 20,
      "test_acc_mean": 0.38977272727272727,
      "test_acc_std": 0.030647464375381506,
      "test_bal_acc_mean": 0.4003174603174603,
      "test_bal_acc_std": 0.03059569995761421,
      "test_f1_mean": 0.3248949398391333,
      "test_f1_std": 0.0401632072660996,
      "test_kappa_mean": 0.10028056339020339,
      "test_kappa_std": 0.04481226077757948,
      "confusion_matrix": [
        [
          30.999999999999993,
          0.0,
          69.0
        ],
        [
          0.0,
          2.666666666666667,
          97.33333333333333
        ],
        [
          0.0,
          13.571428571428566,
          86.42857142857144
        ]
      ]
    },
    {
      "participant": "3210",
      "n_seeds": 20,
      "test_acc_mean": 0.5,
      "test_acc_std": 0.0,
      "test_bal_acc_mean": 0.5,
      "test_bal_acc_std": 0.0,
      "test_f1_mean": 0.33333333333333326,
      "test_f1_std": 5.695323946259567e-17,
      "test_kappa_mean": 0.0,
      "test_kappa_std": 0.0,
      "confusion_matrix": [
        [
          0.0,
          0.0,
          0.0
        ],
        [
          0.0,
          0.0,
          100.0
        ],
        [
          0.0,
          0.0,
          100.0
        ]
      ]
    },
    {
      "participant": "3214",
      "n_seeds": 20,
      "test_acc_mean": 0.8111111111111112,
      "test_acc_std": 0.04755216690118391,
      "test_bal_acc_mean": 0.8111111111111112,
      "test_bal_acc_std": 0.047552166901183926,
      "test_f1_mean": 0.8104317685912686,
      "test_f1_std": 0.0463703400277901,
      "test_kappa_mean": 0.7166666666666666,
      "test_kappa_std": 0.07132825035177588,
      "confusion_matrix": [
        [
          90.0,
          4.0,
          6.000000000000002
        ],
        [
          1.3333333333333335,
          83.33333333333333,
          15.333333333333334
        ],
        [
          4.666666666666666,
          25.333333333333336,
          69.99999999999999
        ]
      ]
    },
    {
      "participant": "3215",
      "n_seeds": 20,
      "test_acc_mean": 0.38777777777777783,
      "test_acc_std": 0.011342617456312026,
      "test_bal_acc_mean": 0.38777777777777783,
      "test_bal_acc_std": 0.011342617456311994,
      "test_f1_mean": 0.26691220952990996,
      "test_f1_std": 0.018224233235560574,
      "test_kappa_mean": 0.08166666666666664,
      "test_kappa_std": 0.017013926184468012,
      "confusion_matrix": [
        [
          100.0,
          0.0,
          0.0
        ],
        [
          100.0,
          0.0,
          0.0
        ],
        [
          83.66666666666669,
          0.0,
          16.333333333333332
        ]
      ]
    },
    {
      "participant": "3216",
      "n_seeds": 20,
      "test_acc_mean": 0.4104651162790697,
      "test_acc_std": 0.03225510311356306,
      "test_bal_acc_mean": 0.40367521367521375,
      "test_bal_acc_std": 0.03291967980590231,
      "test_f1_mean": 0.29890254667508753,
      "test_f1_std": 0.030532465564503654,
      "test_kappa_mean": 0.10569521006538647,
      "test_kappa_std": 0.05044784355609571,
      "confusion_matrix": [
        [
          95.0,
          2.333333333333333,
          2.666666666666667
        ],
        [
          74.66666666666666,
          0.33333333333333337,
          25.0
        ],
        [
          73.46153846153847,
          0.7692307692307693,
          25.769230769230774
        ]
      ]
    },
    {
      "participant": "3217",
      "n_seeds": 20,
      "test_acc_mean": 0.5244444444444445,
      "test_acc_std": 0.05785869277891154,
      "test_bal_acc_mean": 0.5244444444444445,
      "test_bal_acc_std": 0.05785869277891154,
      "test_f1_mean": 0.4858234577476514,
      "test_f1_std": 0.0784334029882079,
      "test_kappa_mean": 0.2866666666666666,
      "test_kappa_std": 0.08678803916836733,
      "confusion_matrix": [
        [
          77.33333333333333,
          8.666666666666668,
          13.999999999999996
        ],
        [
          48.0,
          23.333333333333332,
          28.666666666666668
        ],
        [
          15.333333333333332,
          28.0,
          56.666666666666664
        ]
      ]
    },
    {
      "participant": "3218",
      "n_seeds": 20,
      "test_acc_mean": 0.5633333333333332,
      "test_acc_std": 0.058250428416074945,
      "test_bal_acc_mean": 0.5633333333333332,
      "test_bal_acc_std": 0.058250428416074945,
      "test_f1_mean": 0.4573588319052003,
      "test_f1_std": 0.05193584084158193,
      "test_kappa_mean": 0.34500000000000003,
      "test_kappa_std": 0.08737564262411238,
      "confusion_matrix": [
        [
          0.0,
          19.666666666666664,
          80.33333333333334
        ],
        [
          0.0,
          75.33333333333334,
          24.666666666666664
        ],
        [
          0.0,
          6.333333333333335,
          93.66666666666666
        ]
      ]
    },
    {
      "participant": "3219",
      "n_seeds": 20,
      "test_acc_mean": 0.49302325581395345,
      "test_acc_std": 0.03506683883372335,
      "test_bal_acc_mean": 0.4982539682539683,
      "test_bal_acc_std": 0.03454994257657163,
      "test_f1_mean": 0.438410572642855,
      "test_f1_std": 0.04782584878385115,
      "test_kappa_mean": 0.24390731780861508,
      "test_kappa_std": 0.05191305962086234,
      "confusion_matrix": [
        [
          100.0,
          0.0,
          0.0
        ],
        [
          55.357142857142854,
          22.142857142857146,
          22.500000000000004
        ],
        [
          68.33333333333331,
          4.333333333333334,
          27.333333333333336
        ]
      ]
    },
    {
      "participant": "3220",
      "n_seeds": 20,
      "test_acc_mean": 0.45555555555555555,
      "test_acc_std": 0.029286512340465292,
      "test_bal_acc_mean": 0.45555555555555555,
      "test_bal_acc_std": 0.0292865123404653,
      "test_f1_mean": 0.35435007746146374,
      "test_f1_std": 0.02814092507036423,
      "test_kappa_mean": 0.18333333333333332,
      "test_kappa_std": 0.04392976851069795,
      "confusion_matrix": [
        [
          46.66666666666667,
          0.0,
          53.33333333333333
        ],
        [
          48.33333333333334,
          0.0,
          51.666666666666664
        ],
        [
          9.999999999999996,
          0.0,
          89.99999999999997
        ]
      ]
    },
    {
      "participant": "3221",
      "n_seeds": 20,
      "test_acc_mean": 0.15555555555555556,
      "test_acc_std": 0.0514885630480822,
      "test_bal_acc_mean": 0.15555555555555556,
      "test_bal_acc_std": 0.0514885630480822,
      "test_f1_mean": 0.17090274123031737,
      "test_f1_std": 0.04994369187190433,
      "test_kappa_mean": -0.2666666666666666,
      "test_kappa_std": 0.07723284457212326,
      "confusion_matrix": [
        [
          21.666666666666668,
          76.66666666666666,
          1.6666666666666667
        ],
        [
          29.666666666666664,
          0.0,
          70.33333333333333
        ],
        [
          10.666666666666668,
          64.33333333333334,
          25.0
        ]
      ]
    },
    {
      "participant": "3223",
      "n_seeds": 20,
      "test_acc_mean": 0.024444444444444442,
      "test_acc_std": 0.012277916698957388,
      "test_bal_acc_mean": 0.024444444444444442,
      "test_bal_acc_std": 0.012277916698957388,
      "test_f1_mean": 0.018351616796808964,
      "test_f1_std": 0.01080055577771385,
      "test_kappa_mean": -0.46333333333333326,
      "test_kappa_std": 0.018416875048436063,
      "confusion_matrix": [
        [
          6.333333333333336,
          0.33333333333333337,
          93.33333333333329
        ],
        [
          100.0,
          0.0,
          0.0
        ],
        [
          73.0,
          26.0,
          1.0
        ]
      ]
    },
    {
      "participant": "3224",
      "n_seeds": 20,
      "test_acc_mean": 0.51,
      "test_acc_std": 0.01904135235258264,
      "test_bal_acc_mean": 0.4416666666666666,
      "test_bal_acc_std": 0.0476033808814566,
      "test_f1_mean": 0.36955347003787165,
      "test_f1_std": 0.027246944969216303,
      "test_kappa_mean": 0.1051469225140255,
      "test_kappa_std": 0.0453821727247997,
      "confusion_matrix": [
        [
          32.5,
          66.25,
          1.25
        ],
        [
          0.0,
          100.0,
          0.0
        ],
        [
          0.0,
          100.0,
          0.0
        ]
      ]
    },
    {
      "participant": "3225",
      "n_seeds": 20,
      "test_acc_mean": 0.34777777777777785,
      "test_acc_std": 0.020740044544149554,
      "test_bal_acc_mean": 0.34777777777777785,
      "test_bal_acc_std": 0.020740044544149547,
      "test_f1_mean": 0.2274722214896067,
      "test_f1_std": 0.0267417973085372,
      "test_kappa_mean": 0.021666666666666657,
      "test_kappa_std": 0.031110066816224302,
      "confusion_matrix": [
        [
          9.666666666666668,
          2.6666666666666665,
          87.66666666666667
        ],
        [
          1.3333333333333335,
          1.0,
          97.66666666666666
        ],
        [
          0.0,
          6.333333333333335,
          93.66666666666666
        ]
      ]
    },
    {
      "participant": "3226",
      "n_seeds": 20,
      "test_acc_mean": 0.4522222222222222,
      "test_acc_std": 0.039009836982695834,
      "test_bal_acc_mean": 0.4522222222222222,
      "test_bal_acc_std": 0.03900983698269583,
      "test_f1_mean": 0.3730802741838876,
      "test_f1_std": 0.032254497867721985,
      "test_kappa_mean": 0.1783333333333333,
      "test_kappa_std": 0.05851475547404377,
      "confusion_matrix": [
        [
          49.66666666666667,
          42.33333333333333,
          7.999999999999998
        ],
        [
          13.333333333333332,
          86.00000000000001,
          0.6666666666666667
        ],
        [
          7.0,
          92.99999999999997,
          0.0
        ]
      ]
    },
    {
      "participant": "3227",
      "n_seeds": 20,
      "test_acc_mean": 0.3222222222222222,
      "test_acc_std": 0.02102011784282039,
      "test_bal_acc_mean": 0.3222222222222222,
      "test_bal_acc_std": 0.021020117842820377,
      "test_f1_mean": 0.17245432570340333,
      "test_f1_std": 0.023863498132461563,
      "test_kappa_mean": -0.016666666666666725,
      "test_kappa_std": 0.03153017676423053,
      "confusion_matrix": [
        [
          94.99999999999997,
          0.0,
          5.000000000000001
        ],
        [
          100.0,
          0.0,
          0.0
        ],
        [
          94.33333333333331,
          3.999999999999999,
          1.6666666666666667
        ]
      ]
    },
    {
      "participant": "3228",
      "n_seeds": 20,
      "test_acc_mean": 0.2811111111111111,
      "test_acc_std": 0.04032035458861996,
      "test_bal_acc_mean": 0.2811111111111111,
      "test_bal_acc_std": 0.04032035458861996,
      "test_f1_mean": 0.14592216820676632,
      "test_f1_std": 0.016569240620225457,
      "test_kappa_mean": -0.07833333333333337,
      "test_kappa_std": 0.06048053188292995,
      "confusion_matrix": [
        [
          0.0,
          0.0,
          100.0
        ],
        [
          0.33333333333333337,
          0.0,
          99.66666666666666
        ],
        [
          5.0,
          10.666666666666668,
          84.33333333333333
        ]
      ]
    },
    {
      "participant": "3229",
      "n_seeds": 20,
      "test_acc_mean": 0.33444444444444443,
      "test_acc_std": 0.053213803678033966,
      "test_bal_acc_mean": 0.33444444444444443,
      "test_bal_acc_std": 0.05321380367803394,
      "test_f1_mean": 0.3340361433986618,
      "test_f1_std": 0.050437439353080926,
      "test_kappa_mean": 0.001666666666666633,
      "test_kappa_std": 0.07982070551705096,
      "confusion_matrix": [
        [
          59.0,
          17.666666666666664,
          23.333333333333332
        ],
        [
          26.0,
          17.0,
          57.0
        ],
        [
          5.666666666666668,
          70.0,
          24.333333333333336
        ]
      ]
    },
    {
      "participant": "3230",
      "n_seeds": 20,
      "test_acc_mean": 0.3522222222222222,
      "test_acc_std": 0.03478327964999674,
      "test_bal_acc_mean": 0.3522222222222222,
      "test_bal_acc_std": 0.03478327964999673,
      "test_f1_mean": 0.3040662440956504,
      "test_f1_std": 0.03586905272285824,
      "test_kappa_mean": 0.0283333333333333,
      "test_kappa_std": 0.05217491947499511,
      "confusion_matrix": [
        [
          74.0,
          8.666666666666666,
          17.333333333333332
        ],
        [
          44.333333333333336,
          23.333333333333336,
          32.33333333333333
        ],
        [
          69.66666666666666,
          22.0,
          8.333333333333332
        ]
      ]
    },
    {
      "participant": "3232",
      "n_seeds": 20,
      "test_acc_mean": 0.37111111111111106,
      "test_acc_std": 0.025079470828748212,
      "test_bal_acc_mean": 0.37111111111111106,
      "test_bal_acc_std": 0.02507947082874821,
      "test_f1_mean": 0.25942310005556846,
      "test_f1_std": 0.03824482098830307,
      "test_kappa_mean": 0.056666666666666664,
      "test_kappa_std": 0.037619206243122295,
      "confusion_matrix": [
        [
          96.33333333333331,
          3.6666666666666665,
          0.0
        ],
        [
          99.66666666666666,
          0.0,
          0.33333333333333337
        ],
        [
          71.66666666666666,
          13.333333333333334,
          15.0
        ]
      ]
    },
    {
      "participant": "3233",
      "n_seeds": 20,
      "test_acc_mean": 0.36,
      "test_acc_std": 0.019876159799998138,
      "test_bal_acc_mean": 0.36,
      "test_bal_acc_std": 0.019876159799998128,
      "test_f1_mean": 0.23211556898294927,
      "test_f1_std": 0.029215082464382907,
      "test_kappa_mean": 0.03999999999999994,
      "test_kappa_std": 0.029814239699997195,
      "confusion_matrix": [
        [
          96.33333333333333,
          3.6666666666666665,
          0.0
        ],
        [
          88.33333333333331,
          11.666666666666666,
          0.0
        ],
        [
          95.0,
          5.0,
          0.0
        ]
      ]
    },
    {
      "participant": "3234",
      "n_seeds": 20,
      "test_acc_mean": 0.37888888888888894,
      "test_acc_std": 0.04861967343138371,
      "test_bal_acc_mean": 0.37888888888888894,
      "test_bal_acc_std": 0.048619673431383716,
      "test_f1_mean": 0.30476255749983694,
      "test_f1_std": 0.03763300517787201,
      "test_kappa_mean": 0.06833333333333332,
      "test_kappa_std": 0.07292951014707558,
      "confusion_matrix": [
        [
          68.66666666666666,
          10.333333333333334,
          20.999999999999996
        ],
        [
          46.0,
          0.0,
          54.0
        ],
        [
          54.999999999999986,
          0.0,
          45.00000000000001
        ]
      ]
    },
    {
      "participant": "3235",
      "n_seeds": 20,
      "test_acc_mean": 0.4159090909090909,
      "test_acc_std": 0.047272267204239,
      "test_bal_acc_mean": 0.42706349206349203,
      "test_bal_acc_std": 0.046238624220882076,
      "test_f1_mean": 0.33563922427614884,
      "test_f1_std": 0.06076002219948087,
      "test_kappa_mean": 0.13522186694041707,
      "test_kappa_std": 0.06856077819799279,
      "confusion_matrix": [
        [
          91.78571428571429,
          0.0,
          8.214285714285714
        ],
        [
          50.66666666666667,
          9.666666666666668,
          39.66666666666667
        ],
        [
          73.33333333333333,
          0.0,
          26.666666666666668
        ]
      ]
    },
    {
      "participant": "3236",
      "n_seeds": 20,
      "test_acc_mean": 0.4621621621621621,
      "test_acc_std": 0.07739362736906137,
      "test_bal_acc_mean": 0.4714285714285714,
      "test_bal_acc_std": 0.10229235284807035,
      "test_f1_mean": 0.47222342755768265,
      "test_f1_std": 0.0779080868507317,
      "test_kappa_mean": 0.21559151940089133,
      "test_kappa_std": 0.11550533372720981,
      "confusion_matrix": [
        [
          30.333333333333336,
          40.33333333333333,
          29.333333333333332
        ],
        [
          0.0,
          51.42857142857143,
          48.57142857142857
        ],
        [
          0.0,
          40.33333333333333,
          59.666666666666664
        ]
      ]
    },
    {
      "participant": "3237",
      "n_seeds": 20,
      "test_acc_mean": 0.38095238095238093,
      "test_acc_std": 0.03539961627023943,
      "test_bal_acc_mean": 0.36444444444444446,
      "test_bal_acc_std": 0.03888471155508997,
      "test_f1_mean": 0.2593426298580503,
      "test_f1_std": 0.045585861049235135,
      "test_kappa_mean": 0.04329895017280932,
      "test_kappa_std": 0.05574410190864002,
      "confusion_matrix": [
        [
          95.33333333333331,
          4.666666666666668,
          0.0
        ],
        [
          70.0,
          13.333333333333332,
          16.666666666666664
        ],
        [
          97.99999999999999,
          1.3333333333333335,
          0.6666666666666667
        ]
      ]
    },
    {
      "participant": "3238",
      "n_seeds": 20,
      "test_acc_mean": 0.47888888888888886,
      "test_acc_std": 0.05272311727806474,
      "test_bal_acc_mean": 0.47888888888888886,
      "test_bal_acc_std": 0.05272311727806476,
      "test_f1_mean": 0.4459095005857492,
      "test_f1_std": 0.07015717254951867,
      "test_kappa_mean": 0.21833333333333335,
      "test_kappa_std": 0.07908467591709713,
      "confusion_matrix": [
        [
          55.0,
          0.0,
          45.0
        ],
        [
          62.66666666666667,
          18.666666666666664,
          18.666666666666664
        ],
        [
          26.333333333333332,
          3.666666666666667,
          70.00000000000001
        ]
      ]
    },
    {
      "participant": "3239",
      "n_seeds": 20,
      "test_acc_mean": 0.49124999999999996,
      "test_acc_std": 0.030645468455256255,
      "test_bal_acc_mean": 0.46937229437229433,
      "test_bal_acc_std": 0.035665231402545405,
      "test_f1_mean": 0.39552799616324774,
      "test_f1_std": 0.04406605818057168,
      "test_kappa_mean": 0.20505522734618795,
      "test_kappa_std": 0.050806638022239746,
      "confusion_matrix": [
        [
          100.0,
          0.0,
          0.0
        ],
        [
          82.50000000000003,
          5.357142857142856,
          12.142857142857139
        ],
        [
          54.999999999999986,
          9.545454545454547,
          35.45454545454545
        ]
      ]
    },
    {
      "participant": "3240",
      "n_seeds": 20,
      "test_acc_mean": 0.41860465116279066,
      "test_acc_std": 0.09240923421384027,
      "test_bal_acc_mean": 0.4157936507936508,
      "test_bal_acc_std": 0.09108528068756151,
      "test_f1_mean": 0.35923908384983017,
      "test_f1_std": 0.09180973745917481,
      "test_kappa_mean": 0.12261145602956824,
      "test_kappa_std": 0.13957706893798147,
      "confusion_matrix": [
        [
          6.07142857142857,
          62.85714285714287,
          31.071428571428573
        ],
        [
          6.000000000000001,
          53.666666666666664,
          40.333333333333336
        ],
        [
          0.0,
          34.99999999999999,
          65.0
        ]
      ]
    },
    {
      "participant": "3241",
      "n_seeds": 20,
      "test_acc_mean": 0.3433333333333333,
      "test_acc_std": 0.037097416669988566,
      "test_bal_acc_mean": 0.3433333333333333,
      "test_bal_acc_std": 0.03709741666998856,
      "test_f1_mean": 0.3334309639495814,
      "test_f1_std": 0.041642069262025745,
      "test_kappa_mean": 0.01499999999999998,
      "test_kappa_std": 0.05564612500498284,
      "confusion_matrix": [
        [
          23.333333333333336,
          30.333333333333332,
          46.33333333333334
        ],
        [
          24.666666666666664,
          69.33333333333333,
          6.000000000000001
        ],
        [
          88.66666666666666,
          1.0,
          10.333333333333334
        ]
      ]
    },
    {
      "participant": "3242",
      "n_seeds": 20,
      "test_acc_mean": 0.3044444444444444,
      "test_acc_std": 0.0414800890882991,
      "test_bal_acc_mean": 0.3044444444444444,
      "test_bal_acc_std": 0.0414800890882991,
      "test_f1_mean": 0.21978012812443545,
      "test_f1_std": 0.044515335349537256,
      "test_kappa_mean": -0.04333333333333337,
      "test_kappa_std": 0.062220133632448625,
      "confusion_matrix": [
        [
          0.0,
          42.33333333333333,
          57.666666666666664
        ],
        [
          0.0,
          19.666666666666675,
          80.3333333333333
        ],
        [
          0.0,
          28.333333333333325,
          71.66666666666666
        ]
      ]
    },
    {
      "participant": "3243",
      "n_seeds": 20,
      "test_acc_mean": 0.49886363636363634,
      "test_acc_std": 0.06573562389453552,
      "test_bal_acc_mean": 0.48777777777777775,
      "test_bal_acc_std": 0.06427483225243472,
      "test_f1_mean": 0.4109869525383587,
      "test_f1_std": 0.06899468990006555,
      "test_kappa_mean": 0.23965517241379314,
      "test_kappa_std": 0.09973680866757112,
      "confusion_matrix": [
        [
          0.0,
          98.21428571428572,
          1.7857142857142854
        ],
        [
          0.0,
          88.99999999999999,
          10.999999999999998
        ],
        [
          0.0,
          42.66666666666667,
          57.333333333333336
        ]
      ]
    },
    {
      "participant": "3244",
      "n_seeds": 20,
      "test_acc_mean": 0.29555555555555546,
      "test_acc_std": 0.03821895810895913,
      "test_bal_acc_mean": 0.29555555555555546,
      "test_bal_acc_std": 0.03821895810895913,
      "test_f1_mean": 0.19435227708256253,
      "test_f1_std": 0.03891042711329273,
      "test_kappa_mean": -0.056666666666666685,
      "test_kappa_std": 0.05732843716343872,
      "confusion_matrix": [
        [
          3.3333333333333335,
          25.666666666666668,
          71.00000000000001
        ],
        [
          3.333333333333333,
          4.0,
          92.66666666666666
        ],
        [
          8.666666666666668,
          10.0,
          81.33333333333334
        ]
      ]
    },
    {
      "participant": "3245",
      "n_seeds": 20,
      "test_acc_mean": 0.47906976744186053,
      "test_acc_std": 0.042947931017518065,
      "test_bal_acc_mean": 0.471965811965812,
      "test_bal_acc_std": 0.04211297129270496,
      "test_f1_mean": 0.4240850878950516,
      "test_f1_std": 0.06466469699461125,
      "test_kappa_mean": 0.22219851721456313,
      "test_kappa_std": 0.06281240210780567,
      "confusion_matrix": [
        [
          97.99999999999997,
          1.3333333333333335,
          0.6666666666666667
        ],
        [
          2.666666666666667,
          11.666666666666666,
          85.66666666666666
        ],
        [
          46.53846153846153,
          21.53846153846154,
          31.923076923076916
        ]
      ]
    },
    {
      "participant": "3246",
      "n_seeds": 20,
      "test_acc_mean": 0.26666666666666666,
      "test_acc_std": 0.03457718245402217,
      "test_bal_acc_mean": 0.26666666666666666,
      "test_bal_acc_std": 0.03457718245402219,
      "test_f1_mean": 0.22811803508510287,
      "test_f1_std": 0.032293103227544834,
      "test_kappa_mean": -0.10000000000000005,
      "test_kappa_std": 0.05186577368103326,
      "confusion_matrix": [
        [
          63.666666666666664,
          6.666666666666669,
          29.666666666666664
        ],
        [
          0.0,
          0.0,
          100.0
        ],
        [
          65.99999999999999,
          17.666666666666664,
          16.333333333333332
        ]
      ]
    },
    {
      "participant": "3247",
      "n_seeds": 20,
      "test_acc_mean": 0.3466666666666666,
      "test_acc_std": 0.047497477789470825,
      "test_bal_acc_mean": 0.3466666666666666,
      "test_bal_acc_std": 0.047497477789470825,
      "test_f1_mean": 0.321402188191494,
      "test_f1_std": 0.05131510312718051,
      "test_kappa_mean": 0.019999999999999983,
      "test_kappa_std": 0.07124621668420622,
      "confusion_matrix": [
        [
          62.33333333333333,
          18.666666666666664,
          18.999999999999996
        ],
        [
          26.0,
          26.333333333333336,
          47.66666666666667
        ],
        [
          64.0,
          20.666666666666664,
          15.333333333333332
        ]
      ]
    },
    {
      "participant": "3248",
      "n_seeds": 20,
      "test_acc_mean": 0.4727272727272728,
      "test_acc_std": 0.04924395777271042,
      "test_bal_acc_mean": 0.4823015873015873,
      "test_bal_acc_std": 0.04833292522321678,
      "test_f1_mean": 0.3761824982657619,
      "test_f1_std": 0.04488052593002946,
      "test_kappa_mean": 0.21577725989434668,
      "test_kappa_std": 0.07187762238473108,
      "confusion_matrix": [
        [
          90.35714285714289,
          9.642857142857139,
          0.0
        ],
        [
          39.66666666666667,
          0.0,
          60.333333333333336
        ],
        [
          45.66666666666667,
          0.0,
          54.333333333333336
        ]
      ]
    },
    {
      "participant": "3249",
      "n_seeds": 20,
      "test_acc_mean": 0.14,
      "test_acc_std": 0.060793967075266096,
      "test_bal_acc_mean": 0.14,
      "test_bal_acc_std": 0.060793967075266096,
      "test_f1_mean": 0.24090557275541796,
      "test_f1_std": 0.09305780267323939,
      "test_kappa_mean": 0.0,
      "test_kappa_std": 0.0,
      "confusion_matrix": [
        [
          0.0,
          0.0,
          0.0
        ],
        [
          0.0,
          0.0,
          0.0
        ],
        [
          81.33333333333334,
          4.666666666666667,
          14.0
        ]
      ]
    },
    {
      "participant": "3250",
      "n_seeds": 20,
      "test_acc_mean": 0.34111111111111103,
      "test_acc_std": 0.037653735122573986,
      "test_bal_acc_mean": 0.34111111111111103,
      "test_bal_acc_std": 0.037653735122573986,
      "test_f1_mean": 0.24756411757483382,
      "test_f1_std": 0.046069813456683005,
      "test_kappa_mean": 0.011666666666666641,
      "test_kappa_std": 0.05648060268386098,
      "confusion_matrix": [
        [
          7.333333333333334,
          92.66666666666666,
          0.0
        ],
        [
          3.666666666666667,
          84.99999999999999,
          11.333333333333332
        ],
        [
          0.0,
          89.99999999999999,
          9.999999999999998
        ]
      ]
    }
  ],
  "selected_features": [
    "head_rotation_rad_min",
    "head_rotation_rad_max",
    "head_rotation_rad_rms",
    "head_rotation_rad_std",
    "head_rotation_rad_median",
    "head_rotation_rad_p75",
    "head_tx_median",
    "head_tx_p75",
    "head_ty_max",
    "head_ty_rms",
    "head_ty_p75",
    "head_ty_autocorr1",
    "head_scalex_min",
    "head_scalex_rms",
    "head_scalex_p75",
    "head_scalex_autocorr1",
    "head_scaley_min",
    "head_scaley_p75",
    "head_scaley_autocorr1",
    "head_motion_mag_min",
    "head_motion_mag_rms",
    "head_motion_mag_p75",
    "head_motion_mag_autocorr1",
    "blink_aperture_max",
    "blink_aperture_p25",
    "mouth_aperture_min",
    "mouth_aperture_max",
    "mouth_aperture_mean",
    "mouth_aperture_std",
    "mouth_aperture_median",
    "mouth_aperture_p75",
    "pupil_dx_mean",
    "pupil_dx_p25",
    "pupil_dx_p75",
    "pupil_dy_max",
    "pupil_dy_mean",
    "pupil_dy_p25",
    "pupil_metric_min",
    "pupil_metric_mean",
    "pupil_metric_p25",
    "pupil_metric_p75",
    "head_rotation_rad_vel_max",
    "head_rotation_rad_acc_autocorr1",
    "head_tx_vel_mean",
    "head_tx_vel_median",
    "head_tx_acc_p75",
    "head_ty_acc_mean",
    "head_ty_acc_median",
    "head_ty_acc_p75",
    "head_scalex_vel_median",
    "head_scalex_acc_mean",
    "head_scalex_acc_p75",
    "head_scalex_acc_autocorr1",
    "head_scaley_vel_median",
    "head_scaley_vel_autocorr1",
    "head_scaley_acc_std",
    "head_scaley_acc_median",
    "head_scaley_acc_p75",
    "head_motion_mag_vel_mean",
    "head_motion_mag_vel_autocorr1",
    "head_motion_mag_acc_std",
    "head_motion_mag_acc_median",
    "blink_aperture_vel_median",
    "blink_aperture_vel_autocorr1",
    "blink_aperture_acc_max",
    "blink_aperture_acc_mean",
    "blink_aperture_acc_std",
    "blink_aperture_acc_autocorr1",
    "mouth_aperture_vel_min",
    "mouth_aperture_acc_min",
    "mouth_aperture_acc_max",
    "mouth_aperture_acc_autocorr1",
    "pupil_dx_vel_median",
    "pupil_dx_acc_std",
    "pupil_dx_acc_p75",
    "pupil_dy_acc_min",
    "pupil_dy_acc_std",
    "pupil_dy_acc_autocorr1",
    "pupil_metric_vel_std",
    "pupil_metric_acc_min",
    "pupil_metric_acc_mean",
    "pupil_metric_acc_std",
    "pct_missing",
    "mean_vel",
    "rms_disp",
    "fix_mean_dur",
    "fix_rate",
    "blink_mean_dur",
    "blink_rate",
    "sac_rate",
    "HRV_MeanNN",
    "HRV_MedianNN",
    "HRV_Prc80NN",
    "HRV_MinNN",
    "HRV_MaxNN",
    "HRV_TP",
    "HRV_PSS",
    "HRV_C2a",
    "HRV_DFA_alpha1",
    "HRV_MFDFA_alpha1_Peak"
  ],
  "n_participants": 38,
  "n_seeds": 20,
  "n_features": 100,
  "timestamp": "2025-10-18T16:16:52.212641"
}