{
  "name": "pose_eye_gsr_ecg",
  "config": {
    "n_seeds": 20,
    "feature_selection": "backward",
    "use_pose_derivatives": true,
    "use_time_features": false,
    "include_order": false,
    "normalize_features": true,
    "class_config": "all",
    "use_pca": false,
    "pca_variance": 0.9,
    "write_cm": true,
    "tune_hyperparameters": false,
    "tune_n_iter": 30,
    "tune_cv_folds": 5,
    "name": "pose_eye_gsr_ecg",
    "feature_groups": [
      "pose",
      "eye_tracking",
      "gsr",
      "ecg"
    ],
    "split_strategy": "lopo"
  },
  "metrics": {
    "test_acc_mean": 0.41515414378818677,
    "test_acc_std": 0.13498173338433664,
    "test_bal_acc_mean": 0.4131021682995367,
    "test_bal_acc_std": 0.13711178955758627,
    "test_f1_mean": 0.342903914192525,
    "test_f1_std": 0.13928325344055334,
    "test_kappa_mean": 0.12001977592869029,
    "test_kappa_std": 0.18406846863960466
  },
  "confusion_matrix": [
    [
      51.130012531328305,
      17.057957393483708,
      26.548872180451127
    ],
    [
      33.698621553884706,
      28.3483709273183,
      35.32142857142858
    ],
    [
      34.49043719438456,
      22.58361156387472,
      42.925951241740705
    ]
  ],
  "participant_results": [
    {
      "participant": "3208",
      "n_seeds": 20,
      "test_acc_mean": 0.37222222222222223,
      "test_acc_std": 0.05939920123379166,
      "test_bal_acc_mean": 0.3722222222222223,
      "test_bal_acc_std": 0.059399201233791644,
      "test_f1_mean": 0.282039027255624,
      "test_f1_std": 0.05567314942117795,
      "test_kappa_mean": 0.05833333333333335,
      "test_kappa_std": 0.08909880185068743,
      "confusion_matrix": [
        [
          0.0,
          73.33333333333334,
          26.666666666666664
        ],
        [
          0.0,
          29.333333333333332,
          70.66666666666666
        ],
        [
          0.0,
          17.666666666666664,
          82.33333333333333
        ]
      ]
    },
    {
      "participant": "3209",
      "n_seeds": 20,
      "test_acc_mean": 0.4045454545454545,
      "test_acc_std": 0.0271928655280054,
      "test_bal_acc_mean": 0.4161904761904762,
      "test_bal_acc_std": 0.027534319186718174,
      "test_f1_mean": 0.32158007369784153,
      "test_f1_std": 0.02982080427431007,
      "test_kappa_mean": 0.12281224285456019,
      "test_kappa_std": 0.04004853900421709,
      "confusion_matrix": [
        [
          31.999999999999993,
          0.0,
          68.0
        ],
        [
          0.0,
          0.0,
          100.0
        ],
        [
          0.3571428571428571,
          6.785714285714285,
          92.85714285714288
        ]
      ]
    },
    {
      "participant": "3210",
      "n_seeds": 20,
      "test_acc_mean": 0.49333333333333335,
      "test_acc_std": 0.013679711361135384,
      "test_bal_acc_mean": 0.49333333333333335,
      "test_bal_acc_std": 0.013679711361135384,
      "test_f1_mean": 0.3321793516560958,
      "test_f1_std": 0.006176631436377461,
      "test_kappa_mean": 0.00161290322580645,
      "test_kappa_std": 0.016465089855936768,
      "confusion_matrix": [
        [
          0.0,
          0.0,
          0.0
        ],
        [
          1.6666666666666667,
          0.0,
          98.33333333333333
        ],
        [
          1.3333333333333335,
          0.0,
          98.66666666666666
        ]
      ]
    },
    {
      "participant": "3214",
      "n_seeds": 20,
      "test_acc_mean": 0.7088888888888887,
      "test_acc_std": 0.06322500225133736,
      "test_bal_acc_mean": 0.7088888888888889,
      "test_bal_acc_std": 0.06322500225133734,
      "test_f1_mean": 0.7034524507734278,
      "test_f1_std": 0.06726479903636673,
      "test_kappa_mean": 0.5633333333333332,
      "test_kappa_std": 0.09483750337700601,
      "confusion_matrix": [
        [
          65.33333333333334,
          14.666666666666666,
          20.0
        ],
        [
          3.333333333333333,
          87.66666666666667,
          8.999999999999998
        ],
        [
          14.333333333333334,
          26.0,
          59.66666666666667
        ]
      ]
    },
    {
      "participant": "3215",
      "n_seeds": 20,
      "test_acc_mean": 0.4000000000000001,
      "test_acc_std": 0.007209840939145003,
      "test_bal_acc_mean": 0.4,
      "test_bal_acc_std": 0.0072098409391450026,
      "test_f1_mean": 0.2863831104129493,
      "test_f1_std": 0.011055468604276779,
      "test_kappa_mean": 0.1,
      "test_kappa_std": 0.0108147614087175,
      "confusion_matrix": [
        [
          100.0,
          0.0,
          0.0
        ],
        [
          100.0,
          0.0,
          0.0
        ],
        [
          80.00000000000001,
          0.0,
          19.999999999999996
        ]
      ]
    },
    {
      "participant": "3216",
      "n_seeds": 20,
      "test_acc_mean": 0.38953488372093015,
      "test_acc_std": 0.04259855215494456,
      "test_bal_acc_mean": 0.38418803418803427,
      "test_bal_acc_std": 0.04669835909472891,
      "test_f1_mean": 0.28373882993025445,
      "test_f1_std": 0.05046676130376061,
      "test_kappa_mean": 0.0734297213827583,
      "test_kappa_std": 0.06880601218705748,
      "confusion_matrix": [
        [
          88.00000000000003,
          0.6666666666666667,
          11.333333333333334
        ],
        [
          85.66666666666666,
          0.33333333333333337,
          14.0
        ],
        [
          73.07692307692307,
          0.0,
          26.923076923076923
        ]
      ]
    },
    {
      "participant": "3217",
      "n_seeds": 20,
      "test_acc_mean": 0.47333333333333333,
      "test_acc_std": 0.06611860491215436,
      "test_bal_acc_mean": 0.47333333333333333,
      "test_bal_acc_std": 0.06611860491215438,
      "test_f1_mean": 0.42171827150874225,
      "test_f1_std": 0.08695208348697182,
      "test_kappa_mean": 0.21000000000000002,
      "test_kappa_std": 0.09917790736823158,
      "confusion_matrix": [
        [
          82.33333333333334,
          16.999999999999996,
          0.6666666666666667
        ],
        [
          52.0,
          45.66666666666666,
          2.333333333333333
        ],
        [
          16.666666666666668,
          69.33333333333334,
          14.0
        ]
      ]
    },
    {
      "participant": "3218",
      "n_seeds": 20,
      "test_acc_mean": 0.5555555555555556,
      "test_acc_std": 0.04559903787045129,
      "test_bal_acc_mean": 0.5555555555555556,
      "test_bal_acc_std": 0.0455990378704513,
      "test_f1_mean": 0.4637402651855198,
      "test_f1_std": 0.041111325300226466,
      "test_kappa_mean": 0.33333333333333337,
      "test_kappa_std": 0.06839855680567694,
      "confusion_matrix": [
        [
          0.0,
          0.33333333333333337,
          99.66666666666666
        ],
        [
          0.33333333333333337,
          69.33333333333334,
          30.333333333333343
        ],
        [
          0.0,
          2.6666666666666665,
          97.33333333333333
        ]
      ]
    },
    {
      "participant": "3219",
      "n_seeds": 20,
      "test_acc_mean": 0.6342105263157896,
      "test_acc_std": 0.030665458032983137,
      "test_bal_acc_mean": 0.618095238095238,
      "test_bal_acc_std": 0.033444140923629434,
      "test_f1_mean": 0.6093496199443731,
      "test_f1_std": 0.03670488543506138,
      "test_kappa_mean": 0.4442534071527139,
      "test_kappa_std": 0.04609935490514247,
      "confusion_matrix": [
        [
          99.64285714285714,
          0.0,
          0.3571428571428571
        ],
        [
          25.714285714285715,
          39.285714285714285,
          34.999999999999986
        ],
        [
          51.5,
          2.0,
          46.5
        ]
      ]
    },
    {
      "participant": "3220",
      "n_seeds": 20,
      "test_acc_mean": 0.40444444444444444,
      "test_acc_std": 0.047606793187893126,
      "test_bal_acc_mean": 0.40444444444444444,
      "test_bal_acc_std": 0.04760679318789311,
      "test_f1_mean": 0.3300492541459107,
      "test_f1_std": 0.04017730653266585,
      "test_kappa_mean": 0.10666666666666665,
      "test_kappa_std": 0.07141018978183969,
      "confusion_matrix": [
        [
          64.66666666666666,
          2.0,
          33.33333333333333
        ],
        [
          75.0,
          0.0,
          24.999999999999996
        ],
        [
          38.33333333333333,
          5.0,
          56.666666666666664
        ]
      ]
    },
    {
      "participant": "3221",
      "n_seeds": 20,
      "test_acc_mean": 0.31999999999999995,
      "test_acc_std": 0.03335282081429254,
      "test_bal_acc_mean": 0.31999999999999995,
      "test_bal_acc_std": 0.033352820814292534,
      "test_f1_mean": 0.29123814975572015,
      "test_f1_std": 0.036447521711520284,
      "test_kappa_mean": -0.02000000000000004,
      "test_kappa_std": 0.05002923122143884,
      "confusion_matrix": [
        [
          23.0,
          67.33333333333334,
          9.666666666666664
        ],
        [
          21.0,
          0.33333333333333337,
          78.66666666666666
        ],
        [
          0.0,
          27.333333333333332,
          72.66666666666666
        ]
      ]
    },
    {
      "participant": "3223",
      "n_seeds": 20,
      "test_acc_mean": 0.06666666666666668,
      "test_acc_std": 0.05098127419345818,
      "test_bal_acc_mean": 0.06666666666666668,
      "test_bal_acc_std": 0.05098127419345818,
      "test_f1_mean": 0.06591296308448832,
      "test_f1_std": 0.041693457983395105,
      "test_kappa_mean": -0.4,
      "test_kappa_std": 0.07647191129018722,
      "confusion_matrix": [
        [
          0.0,
          0.33333333333333337,
          99.66666666666666
        ],
        [
          80.0,
          19.999999999999996,
          0.0
        ],
        [
          33.333333333333336,
          66.66666666666666,
          0.0
        ]
      ]
    },
    {
      "participant": "3224",
      "n_seeds": 20,
      "test_acc_mean": 0.5616666666666666,
      "test_acc_std": 0.05543554288725489,
      "test_bal_acc_mean": 0.5890873015873017,
      "test_bal_acc_std": 0.042554296016113415,
      "test_f1_mean": 0.5189788582336594,
      "test_f1_std": 0.05963628590913171,
      "test_kappa_mean": 0.26484307215607494,
      "test_kappa_std": 0.07774037945706938,
      "confusion_matrix": [
        [
          73.75,
          26.25,
          0.0
        ],
        [
          9.999999999999996,
          77.14285714285715,
          12.857142857142856
        ],
        [
          2.083333333333333,
          72.08333333333334,
          25.833333333333325
        ]
      ]
    },
    {
      "participant": "3225",
      "n_seeds": 20,
      "test_acc_mean": 0.28888888888888886,
      "test_acc_std": 0.04502544223373136,
      "test_bal_acc_mean": 0.28888888888888886,
      "test_bal_acc_std": 0.04502544223373136,
      "test_f1_mean": 0.2140784318200752,
      "test_f1_std": 0.04743060392268365,
      "test_kappa_mean": -0.06666666666666672,
      "test_kappa_std": 0.06753816335059705,
      "confusion_matrix": [
        [
          1.3333333333333335,
          12.333333333333334,
          86.33333333333334
        ],
        [
          1.6666666666666667,
          17.666666666666668,
          80.66666666666666
        ],
        [
          0.0,
          32.33333333333333,
          67.66666666666666
        ]
      ]
    },
    {
      "participant": "3226",
      "n_seeds": 20,
      "test_acc_mean": 0.5066666666666666,
      "test_acc_std": 0.009119807574090248,
      "test_bal_acc_mean": 0.5066666666666666,
      "test_bal_acc_std": 0.009119807574090226,
      "test_f1_mean": 0.42056819249438904,
      "test_f1_std": 0.005724785155319251,
      "test_kappa_mean": 0.25999999999999995,
      "test_kappa_std": 0.013679711361135358,
      "confusion_matrix": [
        [
          53.33333333333335,
          39.33333333333333,
          7.333333333333334
        ],
        [
          0.33333333333333337,
          98.66666666666667,
          1.0
        ],
        [
          6.333333333333335,
          93.66666666666664,
          0.0
        ]
      ]
    },
    {
      "participant": "3227",
      "n_seeds": 20,
      "test_acc_mean": 0.3444444444444444,
      "test_acc_std": 0.02222222222222223,
      "test_bal_acc_mean": 0.3444444444444444,
      "test_bal_acc_std": 0.02222222222222223,
      "test_f1_mean": 0.21955225669145925,
      "test_f1_std": 0.01769580199089872,
      "test_kappa_mean": 0.016666666666666673,
      "test_kappa_std": 0.03333333333333335,
      "confusion_matrix": [
        [
          94.66666666666666,
          0.0,
          5.333333333333334
        ],
        [
          97.33333333333333,
          0.0,
          2.666666666666667
        ],
        [
          77.33333333333334,
          13.999999999999996,
          8.666666666666668
        ]
      ]
    },
    {
      "participant": "3228",
      "n_seeds": 20,
      "test_acc_mean": 0.3013888888888889,
      "test_acc_std": 0.07112013374777564,
      "test_bal_acc_mean": 0.2411111111111111,
      "test_bal_acc_std": 0.05689610699822051,
      "test_f1_mean": 0.19109622221340747,
      "test_f1_std": 0.0365986956908323,
      "test_kappa_mean": -0.19470588235294112,
      "test_kappa_std": 0.1209763848576434,
      "confusion_matrix": [
        [
          0.0,
          0.0,
          100.0
        ],
        [
          0.0,
          0.0,
          100.0
        ],
        [
          1.3333333333333335,
          26.333333333333332,
          72.33333333333331
        ]
      ]
    },
    {
      "participant": "3229",
      "n_seeds": 20,
      "test_acc_mean": 0.29777777777777775,
      "test_acc_std": 0.04639015826256395,
      "test_bal_acc_mean": 0.2977777777777778,
      "test_bal_acc_std": 0.046390158262563944,
      "test_f1_mean": 0.29909598155602934,
      "test_f1_std": 0.032022181970705305,
      "test_kappa_mean": -0.05333333333333336,
      "test_kappa_std": 0.06958523739384594,
      "confusion_matrix": [
        [
          50.66666666666667,
          22.333333333333336,
          27.0
        ],
        [
          21.0,
          1.6666666666666667,
          77.33333333333334
        ],
        [
          3.0,
          60.0,
          37.00000000000001
        ]
      ]
    },
    {
      "participant": "3230",
      "n_seeds": 20,
      "test_acc_mean": 0.3677777777777777,
      "test_acc_std": 0.042942456623913425,
      "test_bal_acc_mean": 0.3677777777777777,
      "test_bal_acc_std": 0.042942456623913425,
      "test_f1_mean": 0.3093545449877013,
      "test_f1_std": 0.05605850889395363,
      "test_kappa_mean": 0.05166666666666664,
      "test_kappa_std": 0.06441368493587014,
      "confusion_matrix": [
        [
          79.66666666666666,
          2.9999999999999996,
          17.333333333333336
        ],
        [
          57.0,
          22.666666666666668,
          20.333333333333336
        ],
        [
          78.33333333333333,
          13.666666666666668,
          7.999999999999998
        ]
      ]
    },
    {
      "participant": "3232",
      "n_seeds": 20,
      "test_acc_mean": 0.5,
      "test_acc_std": 0.039817648024676494,
      "test_bal_acc_mean": 0.5,
      "test_bal_acc_std": 0.039817648024676494,
      "test_f1_mean": 0.40157406891645986,
      "test_f1_std": 0.037485024015829094,
      "test_kappa_mean": 0.25,
      "test_kappa_std": 0.059726472037014755,
      "confusion_matrix": [
        [
          98.33333333333334,
          1.6666666666666667,
          0.0
        ],
        [
          74.99999999999999,
          1.0,
          24.000000000000004
        ],
        [
          47.66666666666667,
          1.6666666666666667,
          50.66666666666666
        ]
      ]
    },
    {
      "participant": "3233",
      "n_seeds": 20,
      "test_acc_mean": 0.3444444444444444,
      "test_acc_std": 0.018381559819300255,
      "test_bal_acc_mean": 0.3444444444444444,
      "test_bal_acc_std": 0.018381559819300255,
      "test_f1_mean": 0.20820022731770926,
      "test_f1_std": 0.027480532278239236,
      "test_kappa_mean": 0.016666666666666656,
      "test_kappa_std": 0.02757233972895038,
      "confusion_matrix": [
        [
          96.66666666666666,
          3.333333333333333,
          0.0
        ],
        [
          89.00000000000001,
          6.666666666666669,
          4.333333333333334
        ],
        [
          84.33333333333334,
          15.666666666666663,
          0.0
        ]
      ]
    },
    {
      "participant": "3234",
      "n_seeds": 20,
      "test_acc_mean": 0.39,
      "test_acc_std": 0.04643215931984333,
      "test_bal_acc_mean": 0.39,
      "test_bal_acc_std": 0.046432159319843326,
      "test_f1_mean": 0.31337480646754295,
      "test_f1_std": 0.039549745811052146,
      "test_kappa_mean": 0.08499999999999998,
      "test_kappa_std": 0.06964823897976499,
      "confusion_matrix": [
        [
          56.333333333333336,
          0.0,
          43.66666666666667
        ],
        [
          36.33333333333333,
          0.33333333333333337,
          63.333333333333336
        ],
        [
          38.66666666666667,
          1.0,
          60.333333333333336
        ]
      ]
    },
    {
      "participant": "3235",
      "n_seeds": 20,
      "test_acc_mean": 0.3397727272727272,
      "test_acc_std": 0.027067609838926393,
      "test_bal_acc_mean": 0.3542857142857142,
      "test_bal_acc_std": 0.026608521563455355,
      "test_f1_mean": 0.19739859446498015,
      "test_f1_std": 0.046744923812222644,
      "test_kappa_mean": 0.03044542451538194,
      "test_kappa_std": 0.03905978860949949,
      "confusion_matrix": [
        [
          99.28571428571429,
          0.0,
          0.7142857142857142
        ],
        [
          96.0,
          0.33333333333333337,
          3.666666666666667
        ],
        [
          93.33333333333333,
          0.0,
          6.666666666666667
        ]
      ]
    },
    {
      "participant": "3236",
      "n_seeds": 20,
      "test_acc_mean": 0.5567567567567566,
      "test_acc_std": 0.07409443303206706,
      "test_bal_acc_mean": 0.5771428571428572,
      "test_bal_acc_std": 0.09008975205002011,
      "test_f1_mean": 0.5334204198589123,
      "test_f1_std": 0.08143982844506471,
      "test_kappa_mean": 0.33157517051934693,
      "test_kappa_std": 0.11181908211288152,
      "confusion_matrix": [
        [
          29.0,
          25.0,
          46.000000000000014
        ],
        [
          0.7142857142857142,
          67.14285714285714,
          32.14285714285714
        ],
        [
          1.0,
          21.999999999999996,
          77.00000000000003
        ]
      ]
    },
    {
      "participant": "3237",
      "n_seeds": 20,
      "test_acc_mean": 0.425,
      "test_acc_std": 0.028145318773300444,
      "test_bal_acc_mean": 0.41222222222222227,
      "test_bal_acc_std": 0.03282259796195389,
      "test_f1_mean": 0.3133093736819964,
      "test_f1_std": 0.03900902777272224,
      "test_kappa_mean": 0.11211261818569491,
      "test_kappa_std": 0.0462241099384285,
      "confusion_matrix": [
        [
          100.0,
          0.0,
          0.0
        ],
        [
          58.333333333333336,
          23.333333333333332,
          18.33333333333333
        ],
        [
          99.33333333333334,
          0.33333333333333337,
          0.33333333333333337
        ]
      ]
    },
    {
      "participant": "3238",
      "n_seeds": 20,
      "test_acc_mean": 0.6055555555555555,
      "test_acc_std": 0.05484931215188358,
      "test_bal_acc_mean": 0.6055555555555555,
      "test_bal_acc_std": 0.05484931215188358,
      "test_f1_mean": 0.5908496779761381,
      "test_f1_std": 0.06328692984476066,
      "test_kappa_mean": 0.4083333333333334,
      "test_kappa_std": 0.08227396822782534,
      "confusion_matrix": [
        [
          42.00000000000001,
          3.3333333333333335,
          54.666666666666686
        ],
        [
          22.999999999999996,
          50.33333333333333,
          26.666666666666668
        ],
        [
          5.333333333333334,
          5.333333333333333,
          89.33333333333334
        ]
      ]
    },
    {
      "participant": "3239",
      "n_seeds": 20,
      "test_acc_mean": 0.4175,
      "test_acc_std": 0.03151858265581716,
      "test_bal_acc_mean": 0.3803030303030302,
      "test_bal_acc_std": 0.03368712654770697,
      "test_f1_mean": 0.28824658326958347,
      "test_f1_std": 0.05719129050695448,
      "test_kappa_mean": 0.0746620569424395,
      "test_kappa_std": 0.05332588193597455,
      "confusion_matrix": [
        [
          100.0,
          0.0,
          0.0
        ],
        [
          91.7857142857143,
          4.999999999999998,
          3.214285714285713
        ],
        [
          82.72727272727273,
          8.181818181818183,
          9.090909090909092
        ]
      ]
    },
    {
      "participant": "3240",
      "n_seeds": 20,
      "test_acc_mean": 0.5999999999999999,
      "test_acc_std": 0.05775885160932013,
      "test_bal_acc_mean": 0.5946825396825396,
      "test_bal_acc_std": 0.05696918516857395,
      "test_f1_mean": 0.559239453870741,
      "test_f1_std": 0.06104823123907775,
      "test_kappa_mean": 0.3961415303444725,
      "test_kappa_std": 0.08679377267290142,
      "confusion_matrix": [
        [
          22.5,
          50.714285714285715,
          26.78571428571429
        ],
        [
          7.999999999999998,
          82.33333333333334,
          9.666666666666668
        ],
        [
          6.071428571428569,
          20.357142857142858,
          73.57142857142857
        ]
      ]
    },
    {
      "participant": "3241",
      "n_seeds": 20,
      "test_acc_mean": 0.42666666666666675,
      "test_acc_std": 0.03988286944107458,
      "test_bal_acc_mean": 0.42666666666666664,
      "test_bal_acc_std": 0.03988286944107458,
      "test_f1_mean": 0.40006587755147915,
      "test_f1_std": 0.04205160123633346,
      "test_kappa_mean": 0.13999999999999996,
      "test_kappa_std": 0.059824304161611885,
      "confusion_matrix": [
        [
          64.00000000000001,
          11.0,
          25.0
        ],
        [
          41.33333333333334,
          57.66666666666667,
          1.0
        ],
        [
          93.0,
          0.6666666666666667,
          6.333333333333333
        ]
      ]
    },
    {
      "participant": "3242",
      "n_seeds": 20,
      "test_acc_mean": 0.30666666666666664,
      "test_acc_std": 0.05026246899500347,
      "test_bal_acc_mean": 0.30666666666666664,
      "test_bal_acc_std": 0.05026246899500344,
      "test_f1_mean": 0.24192848813895235,
      "test_f1_std": 0.03614962332335498,
      "test_kappa_mean": -0.039999999999999966,
      "test_kappa_std": 0.07539370349250518,
      "confusion_matrix": [
        [
          0.33333333333333337,
          42.33333333333333,
          57.333333333333336
        ],
        [
          0.33333333333333337,
          50.33333333333333,
          49.333333333333336
        ],
        [
          0.33333333333333337,
          58.33333333333335,
          41.33333333333333
        ]
      ]
    },
    {
      "participant": "3243",
      "n_seeds": 20,
      "test_acc_mean": 0.5352272727272727,
      "test_acc_std": 0.053414816958652994,
      "test_bal_acc_mean": 0.5233333333333333,
      "test_bal_acc_std": 0.05222782102623848,
      "test_f1_mean": 0.44759716447716374,
      "test_f1_std": 0.053638080130012124,
      "test_kappa_mean": 0.2948275862068966,
      "test_kappa_std": 0.08104317055795628,
      "confusion_matrix": [
        [
          0.0,
          100.0,
          0.0
        ],
        [
          0.0,
          96.99999999999999,
          2.9999999999999996
        ],
        [
          0.0,
          40.0,
          60.0
        ]
      ]
    },
    {
      "participant": "3244",
      "n_seeds": 20,
      "test_acc_mean": 0.35,
      "test_acc_std": 0.03737661095035041,
      "test_bal_acc_mean": 0.35,
      "test_bal_acc_std": 0.0373766109503504,
      "test_f1_mean": 0.2838638943398472,
      "test_f1_std": 0.049523954376386514,
      "test_kappa_mean": 0.024999999999999946,
      "test_kappa_std": 0.05606491642552561,
      "confusion_matrix": [
        [
          11.333333333333334,
          7.0,
          81.66666666666667
        ],
        [
          11.000000000000002,
          13.999999999999996,
          75.0
        ],
        [
          13.000000000000004,
          7.333333333333334,
          79.66666666666667
        ]
      ]
    },
    {
      "participant": "3245",
      "n_seeds": 20,
      "test_acc_mean": 0.42674418604651165,
      "test_acc_std": 0.040824248005146814,
      "test_bal_acc_mean": 0.41581196581196583,
      "test_bal_acc_std": 0.0399270936676802,
      "test_f1_mean": 0.3231842395354828,
      "test_f1_std": 0.06776596366499942,
      "test_kappa_mean": 0.1342814029318146,
      "test_kappa_std": 0.06207639080838116,
      "confusion_matrix": [
        [
          100.0,
          0.0,
          0.0
        ],
        [
          41.00000000000001,
          6.666666666666666,
          52.33333333333333
        ],
        [
          81.15384615384615,
          0.7692307692307693,
          18.076923076923073
        ]
      ]
    },
    {
      "participant": "3246",
      "n_seeds": 20,
      "test_acc_mean": 0.42333333333333345,
      "test_acc_std": 0.03709741666998855,
      "test_bal_acc_mean": 0.42333333333333334,
      "test_bal_acc_std": 0.03709741666998854,
      "test_f1_mean": 0.3551320684987125,
      "test_f1_std": 0.02909592156357376,
      "test_kappa_mean": 0.13499999999999998,
      "test_kappa_std": 0.05564612500498282,
      "confusion_matrix": [
        [
          49.999999999999986,
          6.000000000000002,
          44.00000000000001
        ],
        [
          0.0,
          0.0,
          100.0
        ],
        [
          19.666666666666664,
          3.3333333333333335,
          76.99999999999999
        ]
      ]
    },
    {
      "participant": "3247",
      "n_seeds": 20,
      "test_acc_mean": 0.331111111111111,
      "test_acc_std": 0.04072124289768062,
      "test_bal_acc_mean": 0.331111111111111,
      "test_bal_acc_std": 0.040721242897680615,
      "test_f1_mean": 0.28064765045916984,
      "test_f1_std": 0.048827874812899956,
      "test_kappa_mean": -0.003333333333333355,
      "test_kappa_std": 0.06108186434652094,
      "confusion_matrix": [
        [
          71.33333333333334,
          14.666666666666668,
          14.000000000000004
        ],
        [
          42.33333333333333,
          12.000000000000002,
          45.66666666666667
        ],
        [
          67.33333333333334,
          16.666666666666664,
          15.999999999999995
        ]
      ]
    },
    {
      "participant": "3248",
      "n_seeds": 20,
      "test_acc_mean": 0.5079545454545455,
      "test_acc_std": 0.03320213050700868,
      "test_bal_acc_mean": 0.5158730158730158,
      "test_bal_acc_std": 0.033434623524198355,
      "test_f1_mean": 0.41236814233741104,
      "test_f1_std": 0.025785076115715275,
      "test_kappa_mean": 0.2661268978918788,
      "test_kappa_std": 0.049135778032772096,
      "confusion_matrix": [
        [
          86.42857142857143,
          13.57142857142857,
          0.0
        ],
        [
          34.33333333333333,
          0.0,
          65.66666666666666
        ],
        [
          31.666666666666657,
          0.0,
          68.33333333333331
        ]
      ]
    },
    {
      "participant": "3249",
      "n_seeds": 20,
      "test_acc_mean": 0.043333333333333335,
      "test_acc_std": 0.058339598661028044,
      "test_bal_acc_mean": 0.043333333333333335,
      "test_bal_acc_std": 0.058339598661028044,
      "test_f1_mean": 0.07769607843137254,
      "test_f1_std": 0.101269349713744,
      "test_kappa_mean": 0.0,
      "test_kappa_std": 0.0,
      "confusion_matrix": [
        [
          0.0,
          0.0,
          0.0
        ],
        [
          0.0,
          0.0,
          0.0
        ],
        [
          68.66666666666667,
          27.0,
          4.333333333333334
        ]
      ]
    },
    {
      "participant": "3250",
      "n_seeds": 20,
      "test_acc_mean": 0.35444444444444445,
      "test_acc_std": 0.02646610739806136,
      "test_bal_acc_mean": 0.35444444444444445,
      "test_bal_acc_std": 0.026466107398061347,
      "test_f1_mean": 0.23814607437462842,
      "test_f1_std": 0.04455424468829253,
      "test_kappa_mean": 0.031666666666666655,
      "test_kappa_std": 0.03969916109709203,
      "confusion_matrix": [
        [
          7.000000000000002,
          90.66666666666664,
          2.333333333333333
        ],
        [
          0.0,
          93.33333333333333,
          6.666666666666667
        ],
        [
          0.0,
          94.0,
          6.000000000000001
        ]
      ]
    }
  ],
  "selected_features": [
    "head_rotation_rad_min",
    "head_rotation_rad_max",
    "head_rotation_rad_median",
    "head_rotation_rad_p75",
    "head_rotation_rad_autocorr1",
    "head_tx_std",
    "head_tx_median",
    "head_tx_p25",
    "head_tx_p75",
    "head_tx_autocorr1",
    "head_ty_min",
    "head_ty_max",
    "head_ty_rms",
    "head_ty_p75",
    "head_ty_autocorr1",
    "head_scalex_min",
    "head_scalex_rms",
    "head_scalex_autocorr1",
    "head_scaley_min",
    "head_scaley_autocorr1",
    "head_motion_mag_min",
    "head_motion_mag_rms",
    "head_motion_mag_p75",
    "head_motion_mag_autocorr1",
    "blink_aperture_min",
    "blink_aperture_max",
    "blink_aperture_p75",
    "mouth_aperture_min",
    "mouth_aperture_std",
    "mouth_aperture_median",
    "mouth_aperture_p75",
    "pupil_dx_max",
    "pupil_dx_p25",
    "pupil_dx_p75",
    "pupil_dy_max",
    "pupil_metric_min",
    "head_rotation_rad_vel_std",
    "head_rotation_rad_vel_autocorr1",
    "head_rotation_rad_acc_std",
    "head_tx_vel_median",
    "head_tx_vel_p25",
    "head_ty_vel_autocorr1",
    "head_scalex_acc_autocorr1",
    "head_scaley_vel_min",
    "head_scaley_vel_mean",
    "head_scaley_vel_std",
    "head_scaley_vel_p25",
    "head_scaley_vel_autocorr1",
    "head_scaley_acc_std",
    "head_scaley_acc_autocorr1",
    "head_motion_mag_vel_autocorr1",
    "head_motion_mag_acc_mean",
    "head_motion_mag_acc_autocorr1",
    "blink_aperture_vel_median",
    "blink_aperture_vel_autocorr1",
    "blink_aperture_acc_median",
    "mouth_aperture_acc_p75",
    "pupil_dx_acc_max",
    "pupil_dx_acc_p75",
    "pupil_dy_vel_median",
    "pupil_dy_acc_p75",
    "pupil_dy_acc_autocorr1",
    "pupil_metric_vel_max",
    "pupil_metric_acc_max",
    "pupil_metric_acc_p75",
    "mean_vel",
    "fix_mean_dur",
    "blink_mean_dur",
    "blink_rate",
    "sac_rate",
    "SCR_Peaks_Amplitude_Mean",
    "EDA_Tonic_SD",
    "HRV_MeanNN",
    "HRV_MedianNN",
    "HRV_Prc80NN",
    "HRV_pNN50",
    "HRV_MinNN",
    "HRV_MaxNN",
    "HRV_VHF",
    "HRV_CVI",
    "HRV_Ca",
    "HRV_CMSEn"
  ],
  "n_participants": 38,
  "n_seeds": 20,
  "n_features": 82,
  "timestamp": "2025-10-18T17:24:27.761999"
}