{
  "name": "pose_eye_gsr",
  "config": {
    "n_seeds": 20,
    "feature_selection": "backward",
    "use_pose_derivatives": true,
    "use_time_features": false,
    "include_order": false,
    "normalize_features": true,
    "class_config": "all",
    "use_pca": false,
    "pca_variance": 0.9,
    "write_cm": true,
    "tune_hyperparameters": false,
    "tune_n_iter": 30,
    "tune_cv_folds": 5,
    "name": "pose_eye_gsr",
    "feature_groups": [
      "pose",
      "eye_tracking",
      "gsr"
    ],
    "split_strategy": "lopo"
  },
  "metrics": {
    "test_acc_mean": 0.4160497365709753,
    "test_acc_std": 0.1282668561094029,
    "test_bal_acc_mean": 0.408994560994561,
    "test_bal_acc_std": 0.1256335936095736,
    "test_f1_mean": 0.34801874413498046,
    "test_f1_std": 0.14638194504051824,
    "test_kappa_mean": 0.11034868205909483,
    "test_kappa_std": 0.19177998961531706
  },
  "confusion_matrix": [
    [
      54.23869047619047,
      18.92976190476191,
      24.331547619047623
    ],
    [
      37.615773809523816,
      26.201488095238098,
      36.18273809523809
    ],
    [
      34.91380286380287,
      23.94884074259075,
      41.137356393606396
    ]
  ],
  "participant_results": [
    {
      "participant": "3208",
      "n_seeds": 20,
      "test_acc_mean": 0.2177777777777778,
      "test_acc_std": 0.03109439818424768,
      "test_bal_acc_mean": 0.2177777777777778,
      "test_bal_acc_std": 0.031094398184247692,
      "test_f1_mean": 0.1701769858261057,
      "test_f1_std": 0.025357070391802444,
      "test_kappa_mean": -0.17333333333333334,
      "test_kappa_std": 0.04664159727637152,
      "confusion_matrix": [
        [
          0.0,
          64.66666666666666,
          35.33333333333333
        ],
        [
          0.0,
          22.666666666666664,
          77.33333333333334
        ],
        [
          0.0,
          57.333333333333336,
          42.666666666666664
        ]
      ]
    },
    {
      "participant": "3209",
      "n_seeds": 20,
      "test_acc_mean": 0.4102272727272728,
      "test_acc_std": 0.07572866274421153,
      "test_bal_acc_mean": 0.41753968253968254,
      "test_bal_acc_std": 0.07496839980875294,
      "test_f1_mean": 0.38424091423323137,
      "test_f1_std": 0.09166583925796644,
      "test_kappa_mean": 0.1276719535485406,
      "test_kappa_std": 0.11070067269243287,
      "confusion_matrix": [
        [
          28.333333333333332,
          0.0,
          71.66666666666666
        ],
        [
          0.0,
          23.0,
          77.0
        ],
        [
          13.214285714285708,
          12.857142857142852,
          73.92857142857143
        ]
      ]
    },
    {
      "participant": "3210",
      "n_seeds": 20,
      "test_acc_mean": 0.44833333333333336,
      "test_acc_std": 0.031483774712944425,
      "test_bal_acc_mean": 0.44833333333333336,
      "test_bal_acc_std": 0.031483774712944425,
      "test_f1_mean": 0.3121549442238608,
      "test_f1_std": 0.015896496491072696,
      "test_kappa_mean": -0.04396383186705766,
      "test_kappa_std": 0.04821336785292897,
      "confusion_matrix": [
        [
          0.0,
          0.0,
          0.0
        ],
        [
          2.6666666666666665,
          0.0,
          97.33333333333333
        ],
        [
          8.666666666666664,
          1.6666666666666667,
          89.66666666666666
        ]
      ]
    },
    {
      "participant": "3214",
      "n_seeds": 20,
      "test_acc_mean": 0.8277777777777778,
      "test_acc_std": 0.02147879259907247,
      "test_bal_acc_mean": 0.8277777777777778,
      "test_bal_acc_std": 0.02147879259907243,
      "test_f1_mean": 0.8245928403017462,
      "test_f1_std": 0.021562655031985106,
      "test_kappa_mean": 0.7416666666666666,
      "test_kappa_std": 0.032218188898608696,
      "confusion_matrix": [
        [
          96.99999999999999,
          0.0,
          2.9999999999999996
        ],
        [
          15.333333333333332,
          84.00000000000001,
          0.6666666666666667
        ],
        [
          16.0,
          16.666666666666668,
          67.33333333333334
        ]
      ]
    },
    {
      "participant": "3215",
      "n_seeds": 20,
      "test_acc_mean": 0.4055555555555556,
      "test_acc_std": 0.014192586081300106,
      "test_bal_acc_mean": 0.4055555555555556,
      "test_bal_acc_std": 0.014192586081300121,
      "test_f1_mean": 0.2989941257264846,
      "test_f1_std": 0.026753779035060418,
      "test_kappa_mean": 0.10833333333333331,
      "test_kappa_std": 0.021288879121950134,
      "confusion_matrix": [
        [
          100.0,
          0.0,
          0.0
        ],
        [
          98.0,
          2.0,
          0.0
        ],
        [
          76.00000000000001,
          4.333333333333333,
          19.666666666666664
        ]
      ]
    },
    {
      "participant": "3216",
      "n_seeds": 20,
      "test_acc_mean": 0.39767441860465114,
      "test_acc_std": 0.043278050640543554,
      "test_bal_acc_mean": 0.4001709401709402,
      "test_bal_acc_std": 0.045897892439285465,
      "test_f1_mean": 0.3203489864149621,
      "test_f1_std": 0.0393243591249716,
      "test_kappa_mean": 0.09319324089898567,
      "test_kappa_std": 0.06767626110086965,
      "confusion_matrix": [
        [
          74.66666666666666,
          4.333333333333333,
          21.0
        ],
        [
          78.99999999999999,
          0.0,
          21.0
        ],
        [
          40.76923076923077,
          13.846153846153845,
          45.38461538461539
        ]
      ]
    },
    {
      "participant": "3217",
      "n_seeds": 20,
      "test_acc_mean": 0.5955555555555554,
      "test_acc_std": 0.04420990748043023,
      "test_bal_acc_mean": 0.5955555555555556,
      "test_bal_acc_std": 0.044209907480430216,
      "test_f1_mean": 0.5873127743593805,
      "test_f1_std": 0.057148028061411775,
      "test_kappa_mean": 0.3933333333333334,
      "test_kappa_std": 0.06631486122064532,
      "confusion_matrix": [
        [
          78.33333333333333,
          20.666666666666668,
          1.0
        ],
        [
          34.66666666666667,
          57.33333333333333,
          8.0
        ],
        [
          1.3333333333333335,
          55.666666666666664,
          43.0
        ]
      ]
    },
    {
      "participant": "3218",
      "n_seeds": 20,
      "test_acc_mean": 0.5511111111111111,
      "test_acc_std": 0.04537046982524803,
      "test_bal_acc_mean": 0.5511111111111111,
      "test_bal_acc_std": 0.04537046982524805,
      "test_f1_mean": 0.4442683304952994,
      "test_f1_std": 0.04399679437871212,
      "test_kappa_mean": 0.32666666666666666,
      "test_kappa_std": 0.06805570473787208,
      "confusion_matrix": [
        [
          0.33333333333333337,
          13.999999999999996,
          85.66666666666667
        ],
        [
          0.0,
          99.33333333333333,
          0.6666666666666667
        ],
        [
          0.6666666666666667,
          33.66666666666667,
          65.66666666666667
        ]
      ]
    },
    {
      "participant": "3219",
      "n_seeds": 20,
      "test_acc_mean": 0.5473684210526317,
      "test_acc_std": 0.034786332578283896,
      "test_bal_acc_mean": 0.5547619047619046,
      "test_bal_acc_std": 0.03677213617409981,
      "test_f1_mean": 0.4942232930740292,
      "test_f1_std": 0.03205250612338489,
      "test_kappa_mean": 0.3232800335713062,
      "test_kappa_std": 0.053467393807680924,
      "confusion_matrix": [
        [
          88.21428571428574,
          8.214285714285712,
          3.5714285714285703
        ],
        [
          36.07142857142856,
          15.714285714285708,
          48.21428571428571
        ],
        [
          27.5,
          10.0,
          62.5
        ]
      ]
    },
    {
      "participant": "3220",
      "n_seeds": 20,
      "test_acc_mean": 0.40888888888888897,
      "test_acc_std": 0.03842243226091634,
      "test_bal_acc_mean": 0.40888888888888897,
      "test_bal_acc_std": 0.03842243226091632,
      "test_f1_mean": 0.3292862989009445,
      "test_f1_std": 0.046000145981479224,
      "test_kappa_mean": 0.11333333333333333,
      "test_kappa_std": 0.05763364839137447,
      "confusion_matrix": [
        [
          87.00000000000001,
          5.666666666666668,
          7.333333333333333
        ],
        [
          100.0,
          0.0,
          0.0
        ],
        [
          62.33333333333335,
          2.0,
          35.66666666666667
        ]
      ]
    },
    {
      "participant": "3221",
      "n_seeds": 20,
      "test_acc_mean": 0.22666666666666666,
      "test_acc_std": 0.04537046982524803,
      "test_bal_acc_mean": 0.22666666666666666,
      "test_bal_acc_std": 0.04537046982524803,
      "test_f1_mean": 0.20644068983616698,
      "test_f1_std": 0.04597862236723991,
      "test_kappa_mean": -0.16000000000000003,
      "test_kappa_std": 0.06805570473787205,
      "confusion_matrix": [
        [
          10.666666666666668,
          85.66666666666667,
          3.6666666666666665
        ],
        [
          15.333333333333332,
          0.0,
          84.66666666666669
        ],
        [
          5.333333333333334,
          37.33333333333333,
          57.333333333333336
        ]
      ]
    },
    {
      "participant": "3222",
      "n_seeds": 20,
      "test_acc_mean": 0.45975609756097563,
      "test_acc_std": 0.04207805407837931,
      "test_bal_acc_mean": 0.4188888888888888,
      "test_bal_acc_std": 0.038337782604745574,
      "test_f1_mean": 0.3812488940528259,
      "test_f1_std": 0.03940535215844141,
      "test_kappa_mean": 0.14826383896477355,
      "test_kappa_std": 0.06591861219502039,
      "confusion_matrix": [
        [
          36.66666666666667,
          0.0,
          63.333333333333336
        ],
        [
          0.0,
          0.0,
          100.0
        ],
        [
          10.666666666666666,
          0.33333333333333337,
          88.99999999999999
        ]
      ]
    },
    {
      "participant": "3223",
      "n_seeds": 20,
      "test_acc_mean": 0.17777777777777776,
      "test_acc_std": 0.014419681878290002,
      "test_bal_acc_mean": 0.17777777777777776,
      "test_bal_acc_std": 0.014419681878289998,
      "test_f1_mean": 0.12081861237601821,
      "test_f1_std": 0.017524513198847742,
      "test_kappa_mean": -0.2333333333333334,
      "test_kappa_std": 0.021629522817434983,
      "confusion_matrix": [
        [
          52.000000000000014,
          31.333333333333332,
          16.666666666666668
        ],
        [
          100.0,
          0.0,
          0.0
        ],
        [
          52.0,
          46.666666666666664,
          1.3333333333333335
        ]
      ]
    },
    {
      "participant": "3224",
      "n_seeds": 20,
      "test_acc_mean": 0.5183333333333333,
      "test_acc_std": 0.01701392618446801,
      "test_bal_acc_mean": 0.4097222222222222,
      "test_bal_acc_std": 0.03915427409602946,
      "test_f1_mean": 0.3999621690466841,
      "test_f1_std": 0.030715481827278585,
      "test_kappa_mean": 0.11380164686349828,
      "test_kappa_std": 0.03713953353704687,
      "confusion_matrix": [
        [
          15.0,
          67.5,
          17.5
        ],
        [
          0.0,
          100.0,
          0.0
        ],
        [
          0.0,
          92.08333333333334,
          7.916666666666664
        ]
      ]
    },
    {
      "participant": "3225",
      "n_seeds": 20,
      "test_acc_mean": 0.32222222222222213,
      "test_acc_std": 0.011399759467612814,
      "test_bal_acc_mean": 0.32222222222222213,
      "test_bal_acc_std": 0.011399759467612814,
      "test_f1_mean": 0.16769476054594837,
      "test_f1_std": 0.015213595248871966,
      "test_kappa_mean": -0.01666666666666671,
      "test_kappa_std": 0.017099639201419294,
      "confusion_matrix": [
        [
          0.6666666666666667,
          0.0,
          99.33333333333333
        ],
        [
          0.0,
          0.33333333333333337,
          99.66666666666667
        ],
        [
          0.0,
          4.333333333333334,
          95.66666666666666
        ]
      ]
    },
    {
      "participant": "3226",
      "n_seeds": 20,
      "test_acc_mean": 0.4688888888888889,
      "test_acc_std": 0.022685234912624017,
      "test_bal_acc_mean": 0.4688888888888889,
      "test_bal_acc_std": 0.02268523491262402,
      "test_f1_mean": 0.39250476025669334,
      "test_f1_std": 0.017942302550921014,
      "test_kappa_mean": 0.2033333333333333,
      "test_kappa_std": 0.03402785236893603,
      "confusion_matrix": [
        [
          52.33333333333335,
          39.66666666666667,
          8.0
        ],
        [
          6.333333333333334,
          88.33333333333333,
          5.333333333333333
        ],
        [
          9.333333333333332,
          90.66666666666666,
          0.0
        ]
      ]
    },
    {
      "participant": "3227",
      "n_seeds": 20,
      "test_acc_mean": 0.32333333333333325,
      "test_acc_std": 0.025465133701552532,
      "test_bal_acc_mean": 0.32333333333333325,
      "test_bal_acc_std": 0.025465133701552525,
      "test_f1_mean": 0.16777857389677708,
      "test_f1_std": 0.010457731853368341,
      "test_kappa_mean": -0.014999999999999947,
      "test_kappa_std": 0.03819770055232881,
      "confusion_matrix": [
        [
          97.0,
          3.0,
          0.0
        ],
        [
          100.0,
          0.0,
          0.0
        ],
        [
          88.00000000000003,
          12.000000000000004,
          0.0
        ]
      ]
    },
    {
      "participant": "3228",
      "n_seeds": 20,
      "test_acc_mean": 0.33472222222222214,
      "test_acc_std": 0.027741203992623743,
      "test_bal_acc_mean": 0.2677777777777778,
      "test_bal_acc_std": 0.022192963194099014,
      "test_f1_mean": 0.22090210426930385,
      "test_f1_std": 0.0192108575827963,
      "test_kappa_mean": -0.08101207783483447,
      "test_kappa_std": 0.03519868875738571,
      "confusion_matrix": [
        [
          0.0,
          0.0,
          100.0
        ],
        [
          12.000000000000002,
          0.6666666666666667,
          87.33333333333334
        ],
        [
          18.666666666666664,
          1.6666666666666667,
          79.66666666666667
        ]
      ]
    },
    {
      "participant": "3229",
      "n_seeds": 20,
      "test_acc_mean": 0.39333333333333337,
      "test_acc_std": 0.05000324875735374,
      "test_bal_acc_mean": 0.39333333333333337,
      "test_bal_acc_std": 0.05000324875735374,
      "test_f1_mean": 0.3671388876882446,
      "test_f1_std": 0.04599985922514088,
      "test_kappa_mean": 0.08999999999999998,
      "test_kappa_std": 0.0750048731360306,
      "confusion_matrix": [
        [
          66.0,
          23.666666666666668,
          10.333333333333334
        ],
        [
          31.999999999999993,
          42.33333333333333,
          25.666666666666664
        ],
        [
          8.666666666666666,
          81.66666666666667,
          9.666666666666668
        ]
      ]
    },
    {
      "participant": "3230",
      "n_seeds": 20,
      "test_acc_mean": 0.2822222222222222,
      "test_acc_std": 0.017806993537467366,
      "test_bal_acc_mean": 0.2822222222222222,
      "test_bal_acc_std": 0.017806993537467376,
      "test_f1_mean": 0.17335582294778187,
      "test_f1_std": 0.025656043760032995,
      "test_kappa_mean": -0.07666666666666669,
      "test_kappa_std": 0.026710490306201057,
      "confusion_matrix": [
        [
          81.33333333333334,
          7.666666666666667,
          10.999999999999998
        ],
        [
          80.66666666666667,
          2.9999999999999996,
          16.333333333333336
        ],
        [
          82.66666666666667,
          16.999999999999996,
          0.33333333333333337
        ]
      ]
    },
    {
      "participant": "3231",
      "n_seeds": 20,
      "test_acc_mean": 0.4177777777777778,
      "test_acc_std": 0.023473541434951294,
      "test_bal_acc_mean": 0.4177777777777778,
      "test_bal_acc_std": 0.023473541434951294,
      "test_f1_mean": 0.311459059846979,
      "test_f1_std": 0.03205190682347023,
      "test_kappa_mean": 0.12666666666666665,
      "test_kappa_std": 0.035210312152426926,
      "confusion_matrix": [
        [
          25.000000000000007,
          7.0,
          67.99999999999999
        ],
        [
          40.00000000000001,
          1.3333333333333335,
          58.666666666666664
        ],
        [
          1.0,
          0.0,
          98.99999999999999
        ]
      ]
    },
    {
      "participant": "3232",
      "n_seeds": 20,
      "test_acc_mean": 0.3611111111111111,
      "test_acc_std": 0.02587017118198207,
      "test_bal_acc_mean": 0.36111111111111105,
      "test_bal_acc_std": 0.025870171181982062,
      "test_f1_mean": 0.25302126750035103,
      "test_f1_std": 0.035963572753744615,
      "test_kappa_mean": 0.04166666666666665,
      "test_kappa_std": 0.03880525677297308,
      "confusion_matrix": [
        [
          92.33333333333331,
          7.666666666666667,
          0.0
        ],
        [
          68.33333333333333,
          1.0,
          30.666666666666664
        ],
        [
          81.0,
          4.0,
          15.0
        ]
      ]
    },
    {
      "participant": "3233",
      "n_seeds": 20,
      "test_acc_mean": 0.32777777777777767,
      "test_acc_std": 0.01591889776469731,
      "test_bal_acc_mean": 0.32777777777777767,
      "test_bal_acc_std": 0.01591889776469731,
      "test_f1_mean": 0.1870564895917901,
      "test_f1_std": 0.01943354530068168,
      "test_kappa_mean": -0.008333333333333432,
      "test_kappa_std": 0.02387834664704597,
      "confusion_matrix": [
        [
          95.33333333333331,
          4.666666666666666,
          0.0
        ],
        [
          90.66666666666667,
          2.6666666666666665,
          6.666666666666669
        ],
        [
          85.0,
          14.666666666666666,
          0.33333333333333337
        ]
      ]
    },
    {
      "participant": "3234",
      "n_seeds": 20,
      "test_acc_mean": 0.5011111111111111,
      "test_acc_std": 0.055602319499488476,
      "test_bal_acc_mean": 0.5011111111111111,
      "test_bal_acc_std": 0.05560231949948846,
      "test_f1_mean": 0.4931880039296657,
      "test_f1_std": 0.05662786352882746,
      "test_kappa_mean": 0.25166666666666665,
      "test_kappa_std": 0.08340347924923275,
      "confusion_matrix": [
        [
          48.33333333333333,
          7.333333333333333,
          44.33333333333333
        ],
        [
          11.666666666666668,
          33.33333333333333,
          55.0
        ],
        [
          23.999999999999996,
          7.333333333333331,
          68.66666666666666
        ]
      ]
    },
    {
      "participant": "3235",
      "n_seeds": 20,
      "test_acc_mean": 0.24545454545454543,
      "test_acc_std": 0.06017590569259689,
      "test_bal_acc_mean": 0.2534920634920635,
      "test_bal_acc_std": 0.061486926101358835,
      "test_f1_mean": 0.1942776918367132,
      "test_f1_std": 0.055286650074857946,
      "test_kappa_mean": -0.12394558868596177,
      "test_kappa_std": 0.09059479706226052,
      "confusion_matrix": [
        [
          60.71428571428571,
          1.0714285714285714,
          38.21428571428571
        ],
        [
          14.333333333333332,
          2.9999999999999996,
          82.66666666666667
        ],
        [
          87.66666666666666,
          0.0,
          12.333333333333332
        ]
      ]
    },
    {
      "participant": "3236",
      "n_seeds": 20,
      "test_acc_mean": 0.6337837837837836,
      "test_acc_std": 0.03559173710867856,
      "test_bal_acc_mean": 0.5426984126984127,
      "test_bal_acc_std": 0.05866780767550894,
      "test_f1_mean": 0.6091951895906399,
      "test_f1_std": 0.04666478860693434,
      "test_kappa_mean": 0.40335088843190114,
      "test_kappa_std": 0.06290229623513663,
      "confusion_matrix": [
        [
          63.999999999999986,
          3.6666666666666665,
          32.33333333333333
        ],
        [
          2.142857142857143,
          12.142857142857142,
          85.71428571428571
        ],
        [
          0.0,
          13.333333333333334,
          86.66666666666667
        ]
      ]
    },
    {
      "participant": "3237",
      "n_seeds": 20,
      "test_acc_mean": 0.45,
      "test_acc_std": 0.020291467291114057,
      "test_bal_acc_mean": 0.44861111111111107,
      "test_bal_acc_std": 0.019149814610333344,
      "test_f1_mean": 0.3565455911086627,
      "test_f1_std": 0.02316000516893365,
      "test_kappa_mean": 0.1623425210375929,
      "test_kappa_std": 0.029072125167604095,
      "confusion_matrix": [
        [
          90.0,
          10.0,
          0.0
        ],
        [
          57.083333333333336,
          42.91666666666666,
          0.0
        ],
        [
          89.0,
          9.333333333333334,
          1.6666666666666667
        ]
      ]
    },
    {
      "participant": "3238",
      "n_seeds": 20,
      "test_acc_mean": 0.34777777777777774,
      "test_acc_std": 0.02420939625014679,
      "test_bal_acc_mean": 0.34777777777777774,
      "test_bal_acc_std": 0.024209396250146783,
      "test_f1_mean": 0.20277930785515336,
      "test_f1_std": 0.03684725586334158,
      "test_kappa_mean": 0.021666666666666657,
      "test_kappa_std": 0.03631409437522017,
      "confusion_matrix": [
        [
          98.33333333333333,
          0.0,
          1.6666666666666667
        ],
        [
          100.0,
          0.0,
          0.0
        ],
        [
          94.00000000000001,
          0.0,
          6.0
        ]
      ]
    },
    {
      "participant": "3239",
      "n_seeds": 20,
      "test_acc_mean": 0.6475000000000001,
      "test_acc_std": 0.04435206041615085,
      "test_bal_acc_mean": 0.6584271284271284,
      "test_bal_acc_std": 0.046427433825777666,
      "test_f1_mean": 0.617391382639485,
      "test_f1_std": 0.04435150711203123,
      "test_kappa_mean": 0.4752582473565486,
      "test_kappa_std": 0.06541396432332135,
      "confusion_matrix": [
        [
          82.33333333333333,
          1.3333333333333335,
          16.333333333333336
        ],
        [
          29.999999999999993,
          29.285714285714285,
          40.71428571428571
        ],
        [
          13.636363636363637,
          0.4545454545454546,
          85.9090909090909
        ]
      ]
    },
    {
      "participant": "3240",
      "n_seeds": 20,
      "test_acc_mean": 0.43139534883720937,
      "test_acc_std": 0.06893629773265705,
      "test_bal_acc_mean": 0.43539682539682534,
      "test_bal_acc_std": 0.06789476305504243,
      "test_f1_mean": 0.42913971909873727,
      "test_f1_std": 0.073599595199923,
      "test_kappa_mean": 0.14875217915851374,
      "test_kappa_std": 0.10263103584774075,
      "confusion_matrix": [
        [
          61.07142857142857,
          31.785714285714285,
          7.142857142857141
        ],
        [
          73.66666666666666,
          26.333333333333325,
          0.0
        ],
        [
          30.714285714285705,
          26.071428571428573,
          43.214285714285715
        ]
      ]
    },
    {
      "participant": "3241",
      "n_seeds": 20,
      "test_acc_mean": 0.3433333333333334,
      "test_acc_std": 0.029264317178246825,
      "test_bal_acc_mean": 0.3433333333333334,
      "test_bal_acc_std": 0.029264317178246815,
      "test_f1_mean": 0.32685314427174894,
      "test_f1_std": 0.02075097741877516,
      "test_kappa_mean": 0.014999999999999975,
      "test_kappa_std": 0.04389647576737023,
      "confusion_matrix": [
        [
          45.33333333333333,
          15.333333333333334,
          39.33333333333333
        ],
        [
          42.0,
          57.66666666666667,
          0.33333333333333337
        ],
        [
          100.0,
          0.0,
          0.0
        ]
      ]
    },
    {
      "participant": "3242",
      "n_seeds": 20,
      "test_acc_mean": 0.4011111111111112,
      "test_acc_std": 0.02743057868827213,
      "test_bal_acc_mean": 0.4011111111111111,
      "test_bal_acc_std": 0.027430578688272127,
      "test_f1_mean": 0.315960224154751,
      "test_f1_std": 0.03972223653775015,
      "test_kappa_mean": 0.10166666666666664,
      "test_kappa_std": 0.04114586803240818,
      "confusion_matrix": [
        [
          12.000000000000002,
          36.00000000000001,
          52.000000000000014
        ],
        [
          0.0,
          97.0,
          3.0
        ],
        [
          0.0,
          88.6666666666667,
          11.333333333333337
        ]
      ]
    },
    {
      "participant": "3243",
      "n_seeds": 20,
      "test_acc_mean": 0.3568181818181818,
      "test_acc_std": 0.03619878902807024,
      "test_bal_acc_mean": 0.3488888888888889,
      "test_bal_acc_std": 0.03539437149411313,
      "test_f1_mean": 0.28478682776995984,
      "test_f1_std": 0.035673435342184166,
      "test_kappa_mean": 0.02413793103448275,
      "test_kappa_std": 0.05492230059431346,
      "confusion_matrix": [
        [
          0.0,
          82.50000000000001,
          17.500000000000004
        ],
        [
          0.0,
          36.0,
          64.0
        ],
        [
          0.0,
          31.333333333333332,
          68.66666666666666
        ]
      ]
    },
    {
      "participant": "3244",
      "n_seeds": 20,
      "test_acc_mean": 0.40888888888888886,
      "test_acc_std": 0.041039134083406155,
      "test_bal_acc_mean": 0.40888888888888886,
      "test_bal_acc_std": 0.04103913408340616,
      "test_f1_mean": 0.3855094348399878,
      "test_f1_std": 0.04777712674950216,
      "test_kappa_mean": 0.11333333333333331,
      "test_kappa_std": 0.06155870112510923,
      "confusion_matrix": [
        [
          55.000000000000014,
          17.333333333333332,
          27.666666666666668
        ],
        [
          23.33333333333333,
          14.333333333333334,
          62.33333333333333
        ],
        [
          26.666666666666675,
          20.0,
          53.333333333333336
        ]
      ]
    },
    {
      "participant": "3245",
      "n_seeds": 20,
      "test_acc_mean": 0.5162790697674419,
      "test_acc_std": 0.05419941419783064,
      "test_bal_acc_mean": 0.5010256410256411,
      "test_bal_acc_std": 0.05243830698949472,
      "test_f1_mean": 0.4697417866628749,
      "test_f1_std": 0.06397712026791494,
      "test_kappa_mean": 0.26611967920613006,
      "test_kappa_std": 0.0821682440275132,
      "confusion_matrix": [
        [
          92.66666666666666,
          7.333333333333333,
          0.0
        ],
        [
          25.666666666666668,
          40.33333333333333,
          33.99999999999999
        ],
        [
          55.38461538461538,
          27.30769230769231,
          17.307692307692303
        ]
      ]
    },
    {
      "participant": "3246",
      "n_seeds": 20,
      "test_acc_mean": 0.3422222222222222,
      "test_acc_std": 0.04694708286990261,
      "test_bal_acc_mean": 0.3422222222222222,
      "test_bal_acc_std": 0.04694708286990259,
      "test_f1_mean": 0.28433206501866193,
      "test_f1_std": 0.03863790152558155,
      "test_kappa_mean": 0.013333333333333308,
      "test_kappa_std": 0.0704206243048539,
      "confusion_matrix": [
        [
          53.666666666666664,
          0.33333333333333337,
          45.99999999999999
        ],
        [
          4.333333333333334,
          0.0,
          95.66666666666666
        ],
        [
          48.00000000000001,
          3.0,
          49.0
        ]
      ]
    },
    {
      "participant": "3247",
      "n_seeds": 20,
      "test_acc_mean": 0.43999999999999995,
      "test_acc_std": 0.055191791537794785,
      "test_bal_acc_mean": 0.43999999999999995,
      "test_bal_acc_std": 0.05519179153779479,
      "test_f1_mean": 0.37768435640980463,
      "test_f1_std": 0.06605021898726594,
      "test_kappa_mean": 0.16,
      "test_kappa_std": 0.08278768730669221,
      "confusion_matrix": [
        [
          86.99999999999999,
          3.6666666666666665,
          9.333333333333332
        ],
        [
          43.66666666666667,
          33.66666666666667,
          22.66666666666667
        ],
        [
          59.33333333333333,
          29.333333333333332,
          11.333333333333334
        ]
      ]
    },
    {
      "participant": "3248",
      "n_seeds": 20,
      "test_acc_mean": 0.4954545454545455,
      "test_acc_std": 0.03180108905207148,
      "test_bal_acc_mean": 0.5051587301587301,
      "test_bal_acc_std": 0.03116798290168853,
      "test_f1_mean": 0.4096680107846554,
      "test_f1_std": 0.026007978301091455,
      "test_kappa_mean": 0.2533632873460402,
      "test_kappa_std": 0.04595594039079175,
      "confusion_matrix": [
        [
          93.21428571428574,
          6.785714285714283,
          0.0
        ],
        [
          85.66666666666667,
          0.0,
          14.333333333333332
        ],
        [
          41.66666666666667,
          0.0,
          58.33333333333335
        ]
      ]
    },
    {
      "participant": "3249",
      "n_seeds": 20,
      "test_acc_mean": 0.4066666666666666,
      "test_acc_std": 0.0657243342238002,
      "test_bal_acc_mean": 0.4066666666666666,
      "test_bal_acc_std": 0.06572433422380018,
      "test_f1_mean": 0.4030136970299587,
      "test_f1_std": 0.06866905326010202,
      "test_kappa_mean": 0.10999999999999999,
      "test_kappa_std": 0.09858650133570028,
      "confusion_matrix": [
        [
          40.0,
          48.33333333333333,
          11.666666666666666
        ],
        [
          39.66666666666667,
          46.33333333333333,
          13.999999999999996
        ],
        [
          32.99999999999999,
          31.333333333333336,
          35.666666666666664
        ]
      ]
    },
    {
      "participant": "3250",
      "n_seeds": 20,
      "test_acc_mean": 0.24999999999999994,
      "test_acc_std": 0.053408815980430124,
      "test_bal_acc_mean": 0.25,
      "test_bal_acc_std": 0.053408815980430124,
      "test_f1_mean": 0.24570174698614983,
      "test_f1_std": 0.04408981535639231,
      "test_kappa_mean": -0.125,
      "test_kappa_std": 0.08011322397064521,
      "confusion_matrix": [
        [
          7.666666666666667,
          89.00000000000001,
          3.3333333333333335
        ],
        [
          40.33333333333333,
          32.0,
          27.666666666666664
        ],
        [
          4.666666666666667,
          60.0,
          35.333333333333336
        ]
      ]
    }
  ],
  "selected_features": [
    "head_rotation_rad_min",
    "head_rotation_rad_median",
    "head_rotation_rad_autocorr1",
    "head_tx_max",
    "head_tx_median",
    "head_ty_max",
    "head_ty_rms",
    "head_ty_p75",
    "head_scalex_min",
    "head_scalex_rms",
    "head_scalex_p75",
    "head_scaley_min",
    "head_scaley_std",
    "head_scaley_autocorr1",
    "head_motion_mag_min",
    "head_motion_mag_rms",
    "head_motion_mag_p75",
    "head_motion_mag_autocorr1",
    "blink_aperture_p25",
    "mouth_aperture_min",
    "mouth_aperture_max",
    "mouth_aperture_mean",
    "mouth_aperture_std",
    "pupil_dx_p25",
    "pupil_dx_p75",
    "pupil_dy_mean",
    "head_rotation_rad_vel_min",
    "head_rotation_rad_vel_max",
    "head_tx_vel_autocorr1",
    "head_tx_acc_autocorr1",
    "head_ty_acc_median",
    "head_scalex_acc_autocorr1",
    "head_scaley_vel_min",
    "head_scaley_vel_p75",
    "head_scaley_vel_autocorr1",
    "head_scaley_acc_std",
    "head_motion_mag_acc_std",
    "head_motion_mag_acc_autocorr1",
    "blink_aperture_vel_autocorr1",
    "mouth_aperture_acc_max",
    "pupil_dx_acc_max",
    "pupil_metric_acc_p75",
    "pct_missing",
    "mean_vel",
    "rms_disp",
    "fix_mean_dur",
    "fix_rate",
    "blink_mean_dur",
    "blink_rate",
    "sac_rate",
    "SCR_Peaks_N",
    "SCR_Peaks_Amplitude_Mean"
  ],
  "n_participants": 40,
  "n_seeds": 20,
  "n_features": 52,
  "timestamp": "2025-10-18T16:07:26.638756"
}