{
  "name": "pose_eye",
  "config": {
    "n_seeds": 20,
    "feature_selection": "backward",
    "use_pose_derivatives": true,
    "use_time_features": false,
    "include_order": false,
    "normalize_features": true,
    "class_config": "all",
    "use_pca": false,
    "pca_variance": 0.9,
    "write_cm": true,
    "tune_hyperparameters": false,
    "tune_n_iter": 30,
    "tune_cv_folds": 5,
    "name": "pose_eye",
    "feature_groups": [
      "pose",
      "eye_tracking"
    ],
    "split_strategy": "lopo"
  },
  "metrics": {
    "test_acc_mean": 0.40071653586641903,
    "test_acc_std": 0.12992682767403738,
    "test_bal_acc_mean": 0.39935760621807126,
    "test_bal_acc_std": 0.13079511255429532,
    "test_f1_mean": 0.34364518109480624,
    "test_f1_std": 0.13212885584909206,
    "test_kappa_mean": 0.09541833793918873,
    "test_kappa_std": 0.1967507461207211
  },
  "confusion_matrix": [
    [
      50.271317829457374,
      23.389534883720923,
      24.01356589147286
    ],
    [
      37.71295177690527,
      28.776401892680955,
      33.51064633041377
    ],
    [
      32.09562143283073,
      27.91225828435131,
      39.99212028281794
    ]
  ],
  "participant_results": [
    {
      "participant": "3105",
      "n_seeds": 20,
      "test_acc_mean": 0.06444444444444444,
      "test_acc_std": 0.03134415639877515,
      "test_bal_acc_mean": 0.06444444444444444,
      "test_bal_acc_std": 0.03134415639877515,
      "test_f1_mean": 0.06152012549999233,
      "test_f1_std": 0.03194980759320554,
      "test_kappa_mean": -0.4033333333333333,
      "test_kappa_std": 0.04701623459816269,
      "confusion_matrix": [
        [
          9.999999999999998,
          50.666666666666664,
          39.33333333333333
        ],
        [
          79.0,
          5.333333333333335,
          15.666666666666666
        ],
        [
          83.00000000000003,
          13.0,
          4.0
        ]
      ]
    },
    {
      "participant": "3206",
      "n_seeds": 20,
      "test_acc_mean": 0.23414634146341468,
      "test_acc_std": 0.05091602736135068,
      "test_bal_acc_mean": 0.24080808080808086,
      "test_bal_acc_std": 0.05027956042265842,
      "test_f1_mean": 0.20829017662496208,
      "test_f1_std": 0.047347540229575845,
      "test_kappa_mean": -0.11841717954078221,
      "test_kappa_std": 0.0697295754055379,
      "confusion_matrix": [
        [
          36.33333333333333,
          63.66666666666667,
          0.0
        ],
        [
          55.45454545454545,
          30.909090909090907,
          13.636363636363637
        ],
        [
          39.99999999999999,
          55.000000000000014,
          5.000000000000001
        ]
      ]
    },
    {
      "participant": "3207",
      "n_seeds": 20,
      "test_acc_mean": 0.4058139534883721,
      "test_acc_std": 0.04618921300010533,
      "test_bal_acc_mean": 0.4084920634920636,
      "test_bal_acc_std": 0.045096879062159576,
      "test_f1_mean": 0.3041452185285522,
      "test_f1_std": 0.046081830909662544,
      "test_kappa_mean": 0.11235486057232788,
      "test_kappa_std": 0.06843941306925319,
      "confusion_matrix": [
        [
          29.333333333333332,
          1.3333333333333335,
          69.33333333333334
        ],
        [
          29.285714285714278,
          0.0,
          70.71428571428571
        ],
        [
          6.07142857142857,
          0.7142857142857142,
          93.21428571428574
        ]
      ]
    },
    {
      "participant": "3208",
      "n_seeds": 20,
      "test_acc_mean": 0.38777777777777783,
      "test_acc_std": 0.04233288053663387,
      "test_bal_acc_mean": 0.38777777777777783,
      "test_bal_acc_std": 0.04233288053663387,
      "test_f1_mean": 0.3064574808633847,
      "test_f1_std": 0.04816289284127862,
      "test_kappa_mean": 0.08166666666666667,
      "test_kappa_std": 0.06349932080495078,
      "confusion_matrix": [
        [
          25.333333333333336,
          25.333333333333336,
          49.33333333333333
        ],
        [
          0.0,
          0.33333333333333337,
          99.66666666666666
        ],
        [
          4.333333333333334,
          5.000000000000001,
          90.66666666666666
        ]
      ]
    },
    {
      "participant": "3209",
      "n_seeds": 20,
      "test_acc_mean": 0.3522727272727273,
      "test_acc_std": 0.0544356949903481,
      "test_bal_acc_mean": 0.35198412698412695,
      "test_bal_acc_std": 0.05538432856532495,
      "test_f1_mean": 0.35165151736009437,
      "test_f1_std": 0.051736805776056924,
      "test_kappa_mean": 0.025123892948981513,
      "test_kappa_std": 0.0831405322087052,
      "confusion_matrix": [
        [
          43.99999999999999,
          52.0,
          4.000000000000001
        ],
        [
          38.33333333333333,
          27.666666666666668,
          33.99999999999999
        ],
        [
          20.0,
          46.07142857142857,
          33.92857142857143
        ]
      ]
    },
    {
      "participant": "3210",
      "n_seeds": 20,
      "test_acc_mean": 0.3299999999999999,
      "test_acc_std": 0.060116845290810954,
      "test_bal_acc_mean": 0.3299999999999999,
      "test_bal_acc_std": 0.060116845290810954,
      "test_f1_mean": 0.2687011147250047,
      "test_f1_std": 0.04658163706144022,
      "test_kappa_mean": -0.12022564510954603,
      "test_kappa_std": 0.06156072714457932,
      "confusion_matrix": [
        [
          0.0,
          0.0,
          0.0
        ],
        [
          5.000000000000001,
          2.333333333333333,
          92.66666666666666
        ],
        [
          34.0,
          2.333333333333333,
          63.66666666666667
        ]
      ]
    },
    {
      "participant": "3214",
      "n_seeds": 20,
      "test_acc_mean": 0.7377777777777779,
      "test_acc_std": 0.06351211045256687,
      "test_bal_acc_mean": 0.7377777777777779,
      "test_bal_acc_std": 0.06351211045256687,
      "test_f1_mean": 0.7217237798957679,
      "test_f1_std": 0.06605835225932247,
      "test_kappa_mean": 0.6066666666666667,
      "test_kappa_std": 0.09526816567885028,
      "confusion_matrix": [
        [
          97.99999999999999,
          1.6666666666666667,
          0.33333333333333337
        ],
        [
          21.333333333333332,
          78.0,
          0.6666666666666667
        ],
        [
          30.333333333333332,
          24.333333333333336,
          45.333333333333336
        ]
      ]
    },
    {
      "participant": "3215",
      "n_seeds": 20,
      "test_acc_mean": 0.41111111111111115,
      "test_acc_std": 0.02336255480168207,
      "test_bal_acc_mean": 0.41111111111111115,
      "test_bal_acc_std": 0.023362554801682086,
      "test_f1_mean": 0.30797094085143917,
      "test_f1_std": 0.0389888677976028,
      "test_kappa_mean": 0.11666666666666665,
      "test_kappa_std": 0.03504383220252313,
      "confusion_matrix": [
        [
          99.66666666666666,
          0.33333333333333337,
          0.0
        ],
        [
          97.33333333333333,
          2.6666666666666665,
          0.0
        ],
        [
          77.99999999999999,
          1.0,
          21.000000000000004
        ]
      ]
    },
    {
      "participant": "3216",
      "n_seeds": 20,
      "test_acc_mean": 0.41395348837209295,
      "test_acc_std": 0.04807649062763271,
      "test_bal_acc_mean": 0.4147008547008547,
      "test_bal_acc_std": 0.04676261682681286,
      "test_f1_mean": 0.3678507743472711,
      "test_f1_std": 0.04107252648896581,
      "test_kappa_mean": 0.11631250109020533,
      "test_kappa_std": 0.07228754986417395,
      "confusion_matrix": [
        [
          72.00000000000001,
          21.333333333333332,
          6.666666666666667
        ],
        [
          60.666666666666664,
          9.333333333333334,
          29.999999999999993
        ],
        [
          50.76923076923077,
          6.153846153846154,
          43.07692307692308
        ]
      ]
    },
    {
      "participant": "3217",
      "n_seeds": 20,
      "test_acc_mean": 0.6755555555555556,
      "test_acc_std": 0.061769447038114336,
      "test_bal_acc_mean": 0.6755555555555556,
      "test_bal_acc_std": 0.06176944703811435,
      "test_f1_mean": 0.6700390867272278,
      "test_f1_std": 0.06479766604407353,
      "test_kappa_mean": 0.5133333333333333,
      "test_kappa_std": 0.09265417055717153,
      "confusion_matrix": [
        [
          83.00000000000001,
          9.666666666666668,
          7.333333333333333
        ],
        [
          25.333333333333336,
          60.999999999999986,
          13.666666666666666
        ],
        [
          2.333333333333333,
          39.0,
          58.666666666666664
        ]
      ]
    },
    {
      "participant": "3218",
      "n_seeds": 20,
      "test_acc_mean": 0.5433333333333333,
      "test_acc_std": 0.03847313265542965,
      "test_bal_acc_mean": 0.5433333333333333,
      "test_bal_acc_std": 0.03847313265542965,
      "test_f1_mean": 0.4428601381500747,
      "test_f1_std": 0.03276418696944716,
      "test_kappa_mean": 0.315,
      "test_kappa_std": 0.05770969898314448,
      "confusion_matrix": [
        [
          0.33333333333333337,
          22.0,
          77.66666666666667
        ],
        [
          0.0,
          82.33333333333333,
          17.666666666666668
        ],
        [
          0.0,
          19.666666666666664,
          80.33333333333334
        ]
      ]
    },
    {
      "participant": "3219",
      "n_seeds": 20,
      "test_acc_mean": 0.5825581395348836,
      "test_acc_std": 0.040963461531097665,
      "test_bal_acc_mean": 0.5801587301587301,
      "test_bal_acc_std": 0.04169023083526767,
      "test_f1_mean": 0.5568579395255384,
      "test_f1_std": 0.044301231830975174,
      "test_kappa_mean": 0.3721229023037862,
      "test_kappa_std": 0.06210185496861338,
      "confusion_matrix": [
        [
          78.92857142857142,
          16.785714285714285,
          4.285714285714285
        ],
        [
          25.000000000000004,
          26.785714285714285,
          48.21428571428571
        ],
        [
          18.666666666666664,
          13.000000000000004,
          68.33333333333334
        ]
      ]
    },
    {
      "participant": "3220",
      "n_seeds": 20,
      "test_acc_mean": 0.5244444444444444,
      "test_acc_std": 0.034876557585373134,
      "test_bal_acc_mean": 0.5244444444444445,
      "test_bal_acc_std": 0.03487655758537314,
      "test_f1_mean": 0.43263021182233324,
      "test_f1_std": 0.0286638212637327,
      "test_kappa_mean": 0.28666666666666674,
      "test_kappa_std": 0.05231483637805972,
      "confusion_matrix": [
        [
          85.33333333333334,
          0.6666666666666667,
          14.0
        ],
        [
          87.66666666666667,
          0.0,
          12.33333333333333
        ],
        [
          25.666666666666664,
          2.333333333333333,
          72.0
        ]
      ]
    },
    {
      "participant": "3221",
      "n_seeds": 20,
      "test_acc_mean": 0.2677777777777778,
      "test_acc_std": 0.04643215931984333,
      "test_bal_acc_mean": 0.2677777777777778,
      "test_bal_acc_std": 0.04643215931984333,
      "test_f1_mean": 0.2667954519066388,
      "test_f1_std": 0.04126143151454146,
      "test_kappa_mean": -0.09833333333333338,
      "test_kappa_std": 0.06964823897976498,
      "confusion_matrix": [
        [
          48.0,
          52.0,
          0.0
        ],
        [
          46.00000000000001,
          10.000000000000002,
          44.00000000000001
        ],
        [
          21.0,
          56.666666666666664,
          22.333333333333336
        ]
      ]
    },
    {
      "participant": "3222",
      "n_seeds": 20,
      "test_acc_mean": 0.44333333333333336,
      "test_acc_std": 0.045868983122972565,
      "test_bal_acc_mean": 0.44333333333333336,
      "test_bal_acc_std": 0.04586898312297258,
      "test_f1_mean": 0.4038753303180423,
      "test_f1_std": 0.04211221264469758,
      "test_kappa_mean": 0.16499999999999998,
      "test_kappa_std": 0.06880347468445887,
      "confusion_matrix": [
        [
          79.33333333333334,
          11.333333333333332,
          9.333333333333334
        ],
        [
          20.333333333333332,
          13.666666666666666,
          65.99999999999999
        ],
        [
          37.0,
          23.000000000000004,
          39.99999999999999
        ]
      ]
    },
    {
      "participant": "3223",
      "n_seeds": 20,
      "test_acc_mean": 0.17888888888888888,
      "test_acc_std": 0.02836227165692587,
      "test_bal_acc_mean": 0.17888888888888888,
      "test_bal_acc_std": 0.028362271656925866,
      "test_f1_mean": 0.14203330666394962,
      "test_f1_std": 0.028055149874393524,
      "test_kappa_mean": -0.2316666666666667,
      "test_kappa_std": 0.0425434074853888,
      "confusion_matrix": [
        [
          48.99999999999999,
          24.333333333333332,
          26.666666666666668
        ],
        [
          96.99999999999999,
          2.0,
          1.0
        ],
        [
          18.0,
          79.33333333333334,
          2.6666666666666665
        ]
      ]
    },
    {
      "participant": "3224",
      "n_seeds": 20,
      "test_acc_mean": 0.48,
      "test_acc_std": 0.016754156331667817,
      "test_bal_acc_mean": 0.3611111111111111,
      "test_bal_acc_std": 0.03823595564509365,
      "test_f1_mean": 0.3244637019248477,
      "test_f1_std": 0.03131960021990964,
      "test_kappa_mean": 0.03292818612565155,
      "test_kappa_std": 0.039378837746560154,
      "confusion_matrix": [
        [
          7.5,
          81.25,
          11.25
        ],
        [
          0.0,
          100.0,
          0.0
        ],
        [
          0.0,
          99.16666666666666,
          0.8333333333333333
        ]
      ]
    },
    {
      "participant": "3225",
      "n_seeds": 20,
      "test_acc_mean": 0.3122222222222222,
      "test_acc_std": 0.03341121505943608,
      "test_bal_acc_mean": 0.3122222222222222,
      "test_bal_acc_std": 0.03341121505943608,
      "test_f1_mean": 0.22144540258452677,
      "test_f1_std": 0.040178737150384676,
      "test_kappa_mean": -0.03166666666666676,
      "test_kappa_std": 0.050116822589154134,
      "confusion_matrix": [
        [
          2.333333333333333,
          0.0,
          97.66666666666664
        ],
        [
          15.0,
          11.000000000000002,
          74.00000000000001
        ],
        [
          4.333333333333333,
          15.333333333333332,
          80.33333333333334
        ]
      ]
    },
    {
      "participant": "3226",
      "n_seeds": 20,
      "test_acc_mean": 0.32555555555555554,
      "test_acc_std": 0.04095989258432959,
      "test_bal_acc_mean": 0.32555555555555554,
      "test_bal_acc_std": 0.040959892584329576,
      "test_f1_mean": 0.29875043209867125,
      "test_f1_std": 0.035471795999557965,
      "test_kappa_mean": -0.011666666666666691,
      "test_kappa_std": 0.06143983887649438,
      "confusion_matrix": [
        [
          37.00000000000001,
          44.33333333333333,
          18.666666666666664
        ],
        [
          20.333333333333336,
          55.0,
          24.666666666666664
        ],
        [
          10.666666666666664,
          83.66666666666666,
          5.666666666666666
        ]
      ]
    },
    {
      "participant": "3227",
      "n_seeds": 20,
      "test_acc_mean": 0.45999999999999996,
      "test_acc_std": 0.029814239699997188,
      "test_bal_acc_mean": 0.45999999999999996,
      "test_bal_acc_std": 0.029814239699997195,
      "test_f1_mean": 0.372561719489685,
      "test_f1_std": 0.03219779887578286,
      "test_kappa_mean": 0.18999999999999995,
      "test_kappa_std": 0.0447213595499958,
      "confusion_matrix": [
        [
          43.33333333333333,
          56.66666666666667,
          0.0
        ],
        [
          5.333333333333332,
          94.66666666666667,
          0.0
        ],
        [
          0.0,
          100.0,
          0.0
        ]
      ]
    },
    {
      "participant": "3228",
      "n_seeds": 20,
      "test_acc_mean": 0.29999999999999993,
      "test_acc_std": 0.02336255480168208,
      "test_bal_acc_mean": 0.3,
      "test_bal_acc_std": 0.023362554801682076,
      "test_f1_mean": 0.15928824181245907,
      "test_f1_std": 0.016178893356045252,
      "test_kappa_mean": -0.050000000000000044,
      "test_kappa_std": 0.035043832202523134,
      "confusion_matrix": [
        [
          0.0,
          0.0,
          100.0
        ],
        [
          1.3333333333333335,
          1.0,
          97.66666666666666
        ],
        [
          6.666666666666667,
          4.333333333333334,
          89.0
        ]
      ]
    },
    {
      "participant": "3229",
      "n_seeds": 20,
      "test_acc_mean": 0.38999999999999996,
      "test_acc_std": 0.05321380367803396,
      "test_bal_acc_mean": 0.38999999999999996,
      "test_bal_acc_std": 0.05321380367803395,
      "test_f1_mean": 0.3686758352245805,
      "test_f1_std": 0.06166043727771874,
      "test_kappa_mean": 0.08499999999999996,
      "test_kappa_std": 0.07982070551705094,
      "confusion_matrix": [
        [
          67.33333333333333,
          24.66666666666667,
          7.999999999999998
        ],
        [
          63.33333333333333,
          15.333333333333334,
          21.33333333333334
        ],
        [
          19.666666666666668,
          46.000000000000014,
          34.33333333333333
        ]
      ]
    },
    {
      "participant": "3230",
      "n_seeds": 20,
      "test_acc_mean": 0.4044444444444445,
      "test_acc_std": 0.03988286944107459,
      "test_bal_acc_mean": 0.4044444444444445,
      "test_bal_acc_std": 0.039882869441074595,
      "test_f1_mean": 0.3538966858671355,
      "test_f1_std": 0.04477547942877937,
      "test_kappa_mean": 0.10666666666666665,
      "test_kappa_std": 0.059824304161611865,
      "confusion_matrix": [
        [
          77.99999999999997,
          10.333333333333334,
          11.666666666666666
        ],
        [
          45.99999999999999,
          33.66666666666667,
          20.333333333333332
        ],
        [
          47.00000000000001,
          43.33333333333334,
          9.666666666666668
        ]
      ]
    },
    {
      "participant": "3231",
      "n_seeds": 20,
      "test_acc_mean": 0.42333333333333345,
      "test_acc_std": 0.03847313265542965,
      "test_bal_acc_mean": 0.42333333333333334,
      "test_bal_acc_std": 0.03847313265542964,
      "test_f1_mean": 0.3914582565235675,
      "test_f1_std": 0.04058136121457838,
      "test_kappa_mean": 0.13499999999999995,
      "test_kappa_std": 0.05770969898314447,
      "confusion_matrix": [
        [
          24.0,
          14.666666666666666,
          61.33333333333333
        ],
        [
          56.33333333333333,
          23.333333333333336,
          20.333333333333332
        ],
        [
          7.666666666666667,
          12.666666666666668,
          79.66666666666666
        ]
      ]
    },
    {
      "participant": "3232",
      "n_seeds": 20,
      "test_acc_mean": 0.3288888888888888,
      "test_acc_std": 0.03647923029636104,
      "test_bal_acc_mean": 0.3288888888888889,
      "test_bal_acc_std": 0.03647923029636102,
      "test_f1_mean": 0.24498565416069074,
      "test_f1_std": 0.03951709390735925,
      "test_kappa_mean": -0.00666666666666671,
      "test_kappa_std": 0.05471884544454157,
      "confusion_matrix": [
        [
          81.0,
          18.666666666666668,
          0.33333333333333337
        ],
        [
          72.66666666666666,
          0.6666666666666667,
          26.666666666666664
        ],
        [
          75.66666666666664,
          7.333333333333333,
          17.0
        ]
      ]
    },
    {
      "participant": "3233",
      "n_seeds": 20,
      "test_acc_mean": 0.4933333333333333,
      "test_acc_std": 0.03191932650931591,
      "test_bal_acc_mean": 0.4933333333333333,
      "test_bal_acc_std": 0.0319193265093159,
      "test_f1_mean": 0.3993908647746321,
      "test_f1_std": 0.037119638550514956,
      "test_kappa_mean": 0.24,
      "test_kappa_std": 0.047878989763973874,
      "confusion_matrix": [
        [
          98.99999999999999,
          0.33333333333333337,
          0.6666666666666667
        ],
        [
          50.33333333333333,
          48.0,
          1.6666666666666667
        ],
        [
          83.66666666666666,
          15.333333333333332,
          1.0
        ]
      ]
    },
    {
      "participant": "3234",
      "n_seeds": 20,
      "test_acc_mean": 0.4377777777777777,
      "test_acc_std": 0.043914974851914854,
      "test_bal_acc_mean": 0.4377777777777778,
      "test_bal_acc_std": 0.043914974851914854,
      "test_f1_mean": 0.42965378421531425,
      "test_f1_std": 0.04647930503832471,
      "test_kappa_mean": 0.15666666666666665,
      "test_kappa_std": 0.06587246227787226,
      "confusion_matrix": [
        [
          30.0,
          24.666666666666668,
          45.33333333333333
        ],
        [
          2.9999999999999996,
          41.0,
          55.999999999999986
        ],
        [
          22.666666666666664,
          17.000000000000004,
          60.33333333333333
        ]
      ]
    },
    {
      "participant": "3235",
      "n_seeds": 20,
      "test_acc_mean": 0.3261363636363636,
      "test_acc_std": 0.05482137151804593,
      "test_bal_acc_mean": 0.3364285714285714,
      "test_bal_acc_std": 0.055297107398056024,
      "test_f1_mean": 0.2520778067745918,
      "test_f1_std": 0.06807163041163948,
      "test_kappa_mean": 0.002152495818513961,
      "test_kappa_std": 0.08150225258165676,
      "confusion_matrix": [
        [
          78.92857142857146,
          0.0,
          21.071428571428577
        ],
        [
          50.33333333333333,
          7.666666666666666,
          41.99999999999999
        ],
        [
          85.66666666666666,
          0.0,
          14.333333333333334
        ]
      ]
    },
    {
      "participant": "3236",
      "n_seeds": 20,
      "test_acc_mean": 0.5513513513513514,
      "test_acc_std": 0.03657725393940294,
      "test_bal_acc_mean": 0.5714285714285714,
      "test_bal_acc_std": 0.05491817206100284,
      "test_f1_mean": 0.5351348872455617,
      "test_f1_std": 0.044372946579272515,
      "test_kappa_mean": 0.33222345147000787,
      "test_kappa_std": 0.052164233071507124,
      "confusion_matrix": [
        [
          30.666666666666664,
          31.666666666666664,
          37.66666666666666
        ],
        [
          0.0,
          66.42857142857143,
          33.57142857142857
        ],
        [
          0.0,
          25.666666666666664,
          74.33333333333334
        ]
      ]
    },
    {
      "participant": "3237",
      "n_seeds": 20,
      "test_acc_mean": 0.27976190476190477,
      "test_acc_std": 0.055637545418522144,
      "test_bal_acc_mean": 0.27222222222222225,
      "test_bal_acc_std": 0.056741723025511254,
      "test_f1_mean": 0.20328168037483393,
      "test_f1_std": 0.044532101384389684,
      "test_kappa_mean": -0.09419966420533096,
      "test_kappa_std": 0.08258946451686082,
      "confusion_matrix": [
        [
          64.99999999999999,
          34.99999999999999,
          0.0
        ],
        [
          67.08333333333334,
          16.666666666666664,
          16.25
        ],
        [
          88.33333333333334,
          11.666666666666668,
          0.0
        ]
      ]
    },
    {
      "participant": "3238",
      "n_seeds": 20,
      "test_acc_mean": 0.4055555555555556,
      "test_acc_std": 0.023776083450591953,
      "test_bal_acc_mean": 0.4055555555555556,
      "test_bal_acc_std": 0.023776083450591953,
      "test_f1_mean": 0.3376781577916258,
      "test_f1_std": 0.02461130596746761,
      "test_kappa_mean": 0.10833333333333331,
      "test_kappa_std": 0.03566412517588793,
      "confusion_matrix": [
        [
          58.0,
          0.0,
          42.0
        ],
        [
          98.99999999999999,
          0.33333333333333337,
          0.6666666666666667
        ],
        [
          36.66666666666667,
          0.0,
          63.333333333333336
        ]
      ]
    },
    {
      "participant": "3239",
      "n_seeds": 20,
      "test_acc_mean": 0.5425000000000001,
      "test_acc_std": 0.04805424566378906,
      "test_bal_acc_mean": 0.5786507936507935,
      "test_bal_acc_std": 0.044526344756023045,
      "test_f1_mean": 0.5314470802619005,
      "test_f1_std": 0.060441395007126954,
      "test_kappa_mean": 0.3453671422866106,
      "test_kappa_std": 0.0651419940018758,
      "confusion_matrix": [
        [
          39.66666666666667,
          0.33333333333333337,
          60.0
        ],
        [
          7.499999999999997,
          33.92857142857143,
          58.57142857142857
        ],
        [
          0.0,
          0.0,
          100.0
        ]
      ]
    },
    {
      "participant": "3240",
      "n_seeds": 20,
      "test_acc_mean": 0.4372093023255815,
      "test_acc_std": 0.05626095989109762,
      "test_bal_acc_mean": 0.4434920634920635,
      "test_bal_acc_std": 0.05640101398972688,
      "test_f1_mean": 0.3876605524287706,
      "test_f1_std": 0.06194751831995717,
      "test_kappa_mean": 0.15929956315277277,
      "test_kappa_std": 0.08491476710917585,
      "confusion_matrix": [
        [
          89.2857142857143,
          9.999999999999996,
          0.7142857142857142
        ],
        [
          82.66666666666666,
          17.333333333333332,
          0.0
        ],
        [
          37.14285714285714,
          36.42857142857143,
          26.428571428571423
        ]
      ]
    },
    {
      "participant": "3241",
      "n_seeds": 20,
      "test_acc_mean": 0.26888888888888884,
      "test_acc_std": 0.05093026740310507,
      "test_bal_acc_mean": 0.26888888888888884,
      "test_bal_acc_std": 0.050930267403105065,
      "test_f1_mean": 0.2811172028143653,
      "test_f1_std": 0.05885192294921674,
      "test_kappa_mean": -0.09666666666666669,
      "test_kappa_std": 0.0763954011046576,
      "confusion_matrix": [
        [
          28.333333333333332,
          3.6666666666666665,
          68.0
        ],
        [
          44.66666666666667,
          24.333333333333332,
          31.0
        ],
        [
          72.0,
          0.0,
          27.999999999999993
        ]
      ]
    },
    {
      "participant": "3242",
      "n_seeds": 20,
      "test_acc_mean": 0.36666666666666675,
      "test_acc_std": 0.03264394324433419,
      "test_bal_acc_mean": 0.36666666666666664,
      "test_bal_acc_std": 0.03264394324433418,
      "test_f1_mean": 0.28606956461673827,
      "test_f1_std": 0.03171050202131448,
      "test_kappa_mean": 0.049999999999999996,
      "test_kappa_std": 0.04896591486650125,
      "confusion_matrix": [
        [
          7.666666666666667,
          40.666666666666664,
          51.66666666666667
        ],
        [
          2.333333333333333,
          87.99999999999999,
          9.666666666666668
        ],
        [
          0.6666666666666667,
          85.00000000000001,
          14.333333333333334
        ]
      ]
    },
    {
      "participant": "3243",
      "n_seeds": 20,
      "test_acc_mean": 0.5238636363636363,
      "test_acc_std": 0.06896480244038682,
      "test_bal_acc_mean": 0.5122222222222221,
      "test_bal_acc_std": 0.06743225127504489,
      "test_f1_mean": 0.430302178818404,
      "test_f1_std": 0.06067877185297638,
      "test_kappa_mean": 0.27758620689655167,
      "test_kappa_std": 0.10463625197851792,
      "confusion_matrix": [
        [
          0.0,
          91.07142857142858,
          8.928571428571425
        ],
        [
          0.0,
          68.33333333333333,
          31.666666666666664
        ],
        [
          0.0,
          14.666666666666666,
          85.33333333333331
        ]
      ]
    },
    {
      "participant": "3244",
      "n_seeds": 20,
      "test_acc_mean": 0.2577777777777778,
      "test_acc_std": 0.041667641314136805,
      "test_bal_acc_mean": 0.2577777777777778,
      "test_bal_acc_std": 0.041667641314136805,
      "test_f1_mean": 0.23331550902941905,
      "test_f1_std": 0.044000194890489966,
      "test_kappa_mean": -0.11333333333333333,
      "test_kappa_std": 0.0625014619712052,
      "confusion_matrix": [
        [
          20.333333333333336,
          46.00000000000001,
          33.66666666666666
        ],
        [
          12.666666666666664,
          5.666666666666666,
          81.66666666666666
        ],
        [
          23.66666666666667,
          25.0,
          51.333333333333336
        ]
      ]
    },
    {
      "participant": "3245",
      "n_seeds": 20,
      "test_acc_mean": 0.48139534883720936,
      "test_acc_std": 0.043409395557522296,
      "test_bal_acc_mean": 0.47282051282051285,
      "test_bal_acc_std": 0.04155602575031732,
      "test_f1_mean": 0.4220900681123713,
      "test_f1_std": 0.063166693843372,
      "test_kappa_mean": 0.2205469747521261,
      "test_kappa_std": 0.06424347781782566,
      "confusion_matrix": [
        [
          97.66666666666667,
          1.6666666666666667,
          0.6666666666666667
        ],
        [
          23.333333333333336,
          15.333333333333337,
          61.33333333333333
        ],
        [
          48.46153846153847,
          22.69230769230769,
          28.846153846153847
        ]
      ]
    },
    {
      "participant": "3246",
      "n_seeds": 20,
      "test_acc_mean": 0.2411111111111111,
      "test_acc_std": 0.039009836982695834,
      "test_bal_acc_mean": 0.2411111111111111,
      "test_bal_acc_std": 0.03900983698269585,
      "test_f1_mean": 0.1941218977403188,
      "test_f1_std": 0.03774294942103616,
      "test_kappa_mean": -0.13833333333333336,
      "test_kappa_std": 0.058514755474043736,
      "confusion_matrix": [
        [
          61.333333333333336,
          1.0,
          37.666666666666664
        ],
        [
          5.0,
          1.0,
          94.00000000000001
        ],
        [
          87.33333333333333,
          2.6666666666666665,
          10.0
        ]
      ]
    },
    {
      "participant": "3247",
      "n_seeds": 20,
      "test_acc_mean": 0.38888888888888895,
      "test_acc_std": 0.042957585198144924,
      "test_bal_acc_mean": 0.38888888888888895,
      "test_bal_acc_std": 0.04295758519814494,
      "test_f1_mean": 0.27435210096863405,
      "test_f1_std": 0.05187521892043195,
      "test_kappa_mean": 0.08333333333333333,
      "test_kappa_std": 0.0644363777972174,
      "confusion_matrix": [
        [
          95.66666666666666,
          4.333333333333334,
          0.0
        ],
        [
          76.00000000000001,
          20.999999999999996,
          3.0
        ],
        [
          85.00000000000001,
          15.000000000000004,
          0.0
        ]
      ]
    },
    {
      "participant": "3248",
      "n_seeds": 20,
      "test_acc_mean": 0.5431818181818182,
      "test_acc_std": 0.021997864580613362,
      "test_bal_acc_mean": 0.5511904761904761,
      "test_bal_acc_std": 0.021811911988213233,
      "test_f1_mean": 0.4405417266534589,
      "test_f1_std": 0.017129778859018896,
      "test_kappa_mean": 0.31981284282323863,
      "test_kappa_std": 0.03237953795396086,
      "confusion_matrix": [
        [
          90.35714285714288,
          9.642857142857139,
          0.0
        ],
        [
          52.0,
          0.0,
          48.0
        ],
        [
          25.0,
          0.0,
          75.0
        ]
      ]
    },
    {
      "participant": "3249",
      "n_seeds": 20,
      "test_acc_mean": 0.4222222222222222,
      "test_acc_std": 0.051990902388053484,
      "test_bal_acc_mean": 0.4222222222222222,
      "test_bal_acc_std": 0.05199090238805348,
      "test_f1_mean": 0.36615155906389407,
      "test_f1_std": 0.06904696059689802,
      "test_kappa_mean": 0.13333333333333333,
      "test_kappa_std": 0.07798635358208024,
      "confusion_matrix": [
        [
          83.33333333333334,
          15.666666666666666,
          1.0
        ],
        [
          69.66666666666666,
          28.999999999999993,
          1.3333333333333335
        ],
        [
          42.99999999999999,
          42.666666666666664,
          14.333333333333332
        ]
      ]
    },
    {
      "participant": "3250",
      "n_seeds": 20,
      "test_acc_mean": 0.2855555555555555,
      "test_acc_std": 0.06255342096427646,
      "test_bal_acc_mean": 0.2855555555555555,
      "test_bal_acc_std": 0.06255342096427646,
      "test_f1_mean": 0.22342764189539896,
      "test_f1_std": 0.05280469680469968,
      "test_kappa_mean": -0.07166666666666668,
      "test_kappa_std": 0.09383013144641471,
      "confusion_matrix": [
        [
          7.333333333333334,
          86.33333333333334,
          6.333333333333334
        ],
        [
          8.0,
          66.33333333333333,
          25.666666666666668
        ],
        [
          0.0,
          88.0,
          12.0
        ]
      ]
    }
  ],
  "selected_features": [
    "head_rotation_rad_min",
    "head_rotation_rad_rms",
    "head_rotation_rad_std",
    "head_rotation_rad_median",
    "head_rotation_rad_p75",
    "head_rotation_rad_autocorr1",
    "head_tx_max",
    "head_tx_p25",
    "head_ty_min",
    "head_ty_max",
    "head_ty_rms",
    "head_ty_p75",
    "head_ty_autocorr1",
    "head_scalex_min",
    "head_scalex_rms",
    "head_scalex_p75",
    "head_scalex_autocorr1",
    "head_scaley_min",
    "head_scaley_max",
    "head_scaley_std",
    "head_scaley_p75",
    "head_scaley_autocorr1",
    "head_motion_mag_min",
    "head_motion_mag_rms",
    "head_motion_mag_p75",
    "blink_aperture_min",
    "blink_aperture_max",
    "blink_aperture_p25",
    "blink_aperture_p75",
    "mouth_aperture_max",
    "mouth_aperture_mean",
    "mouth_aperture_std",
    "mouth_aperture_p25",
    "mouth_aperture_p75",
    "pupil_dx_max",
    "pupil_dx_mean",
    "pupil_dx_p25",
    "pupil_dx_p75",
    "pupil_dy_max",
    "pupil_dy_mean",
    "pupil_dy_median",
    "pupil_dy_p75",
    "pupil_metric_min",
    "pupil_metric_p25",
    "pupil_metric_autocorr1",
    "head_rotation_rad_vel_max",
    "head_rotation_rad_vel_std",
    "head_rotation_rad_vel_autocorr1",
    "head_rotation_rad_acc_max",
    "head_rotation_rad_acc_median",
    "head_tx_vel_median",
    "head_tx_vel_autocorr1",
    "head_tx_acc_p75",
    "head_tx_acc_autocorr1",
    "head_ty_vel_max",
    "head_ty_vel_autocorr1",
    "head_ty_acc_max",
    "head_scalex_vel_median",
    "head_scaley_vel_median",
    "head_scaley_vel_autocorr1",
    "head_scaley_acc_max",
    "head_scaley_acc_median",
    "head_scaley_acc_p75",
    "head_scaley_acc_autocorr1",
    "head_motion_mag_vel_autocorr1",
    "head_motion_mag_acc_mean",
    "head_motion_mag_acc_median",
    "head_motion_mag_acc_autocorr1",
    "blink_aperture_vel_min",
    "blink_aperture_vel_median",
    "blink_aperture_vel_autocorr1",
    "blink_aperture_acc_min",
    "blink_aperture_acc_mean",
    "mouth_aperture_vel_median",
    "mouth_aperture_acc_max",
    "mouth_aperture_acc_std",
    "mouth_aperture_acc_median",
    "mouth_aperture_acc_p75",
    "mouth_aperture_acc_autocorr1",
    "pupil_dx_acc_min",
    "pupil_dx_acc_median",
    "pupil_dx_acc_autocorr1",
    "pupil_dy_vel_mean",
    "pupil_dy_acc_max",
    "pupil_dy_acc_mean",
    "pupil_metric_vel_median",
    "pupil_metric_acc_min",
    "pupil_metric_acc_max",
    "pct_missing",
    "mean_vel",
    "rms_disp",
    "fix_mean_dur",
    "fix_rate",
    "blink_mean_dur",
    "blink_rate",
    "sac_rate"
  ],
  "n_participants": 43,
  "n_seeds": 20,
  "n_features": 96,
  "timestamp": "2025-10-18T14:43:14.441982"
}