{
  "name": "pose_gsr_ecg",
  "config": {
    "n_seeds": 20,
    "feature_selection": "backward",
    "use_pose_derivatives": true,
    "use_time_features": false,
    "include_order": false,
    "normalize_features": true,
    "class_config": "all",
    "use_pca": false,
    "pca_variance": 0.9,
    "write_cm": true,
    "tune_hyperparameters": false,
    "tune_n_iter": 30,
    "tune_cv_folds": 5,
    "name": "pose_gsr_ecg",
    "feature_groups": [
      "pose",
      "gsr",
      "ecg"
    ],
    "split_strategy": "lopo"
  },
  "metrics": {
    "test_acc_mean": 0.35969601340750257,
    "test_acc_std": 0.12318376578804792,
    "test_bal_acc_mean": 0.3575199362041468,
    "test_bal_acc_std": 0.12452832541758126,
    "test_f1_mean": 0.28263221467341265,
    "test_f1_std": 0.12970320819885217,
    "test_kappa_mean": 0.04699177812155739,
    "test_kappa_std": 0.1694171848990302
  },
  "confusion_matrix": [
    [
      46.23684210526314,
      22.403508771929825,
      28.728070175438592
    ],
    [
      33.64912280701755,
      26.78070175438597,
      36.938596491228076
    ],
    [
      36.453748006379584,
      29.395534290271137,
      34.15071770334928
    ]
  ],
  "participant_results": [
    {
      "participant": "3208",
      "n_seeds": 20,
      "test_acc_mean": 0.2933333333333333,
      "test_acc_std": 0.03575964816168042,
      "test_bal_acc_mean": 0.2933333333333333,
      "test_bal_acc_std": 0.03575964816168041,
      "test_f1_mean": 0.22573720870300687,
      "test_f1_std": 0.031178222887333577,
      "test_kappa_mean": -0.06000000000000003,
      "test_kappa_std": 0.053639472242520574,
      "confusion_matrix": [
        [
          0.0,
          77.33333333333333,
          22.666666666666664
        ],
        [
          0.0,
          24.33333333333333,
          75.66666666666667
        ],
        [
          0.0,
          36.33333333333333,
          63.666666666666664
        ]
      ]
    },
    {
      "participant": "3209",
      "n_seeds": 20,
      "test_acc_mean": 0.2511111111111111,
      "test_acc_std": 0.028929346389455764,
      "test_bal_acc_mean": 0.2511111111111111,
      "test_bal_acc_std": 0.02892934638945578,
      "test_f1_mean": 0.15149355726760322,
      "test_f1_std": 0.03515822307095045,
      "test_kappa_mean": -0.12333333333333334,
      "test_kappa_std": 0.04339401958418367,
      "confusion_matrix": [
        [
          1.0,
          2.6666666666666665,
          96.33333333333334
        ],
        [
          0.0,
          3.6666666666666665,
          96.33333333333333
        ],
        [
          0.0,
          29.333333333333325,
          70.66666666666666
        ]
      ]
    },
    {
      "participant": "3210",
      "n_seeds": 20,
      "test_acc_mean": 0.3044444444444444,
      "test_acc_std": 0.032323896856539476,
      "test_bal_acc_mean": 0.3044444444444444,
      "test_bal_acc_std": 0.032323896856539476,
      "test_f1_mean": 0.16545456169922984,
      "test_f1_std": 0.022261454389142895,
      "test_kappa_mean": -0.043333333333333376,
      "test_kappa_std": 0.04848584528480922,
      "confusion_matrix": [
        [
          0.0,
          0.0,
          100.0
        ],
        [
          6.666666666666669,
          1.6666666666666667,
          91.66666666666666
        ],
        [
          0.0,
          10.333333333333332,
          89.66666666666666
        ]
      ]
    },
    {
      "participant": "3214",
      "n_seeds": 20,
      "test_acc_mean": 0.6377777777777778,
      "test_acc_std": 0.04271488503447917,
      "test_bal_acc_mean": 0.6377777777777777,
      "test_bal_acc_std": 0.04271488503447917,
      "test_f1_mean": 0.6197464636727528,
      "test_f1_std": 0.051495867508125584,
      "test_kappa_mean": 0.4566666666666667,
      "test_kappa_std": 0.06407232755171872,
      "confusion_matrix": [
        [
          98.33333333333334,
          0.33333333333333337,
          1.3333333333333335
        ],
        [
          50.33333333333333,
          46.666666666666664,
          3.0
        ],
        [
          23.333333333333336,
          30.333333333333325,
          46.33333333333333
        ]
      ]
    },
    {
      "participant": "3215",
      "n_seeds": 20,
      "test_acc_mean": 0.3366666666666666,
      "test_acc_std": 0.008141056634056084,
      "test_bal_acc_mean": 0.3366666666666666,
      "test_bal_acc_std": 0.008141056634056084,
      "test_f1_mean": 0.17452233815793997,
      "test_f1_std": 0.016404434778570842,
      "test_kappa_mean": 0.004999999999999977,
      "test_kappa_std": 0.012211584951084115,
      "confusion_matrix": [
        [
          0.6666666666666667,
          0.6666666666666667,
          98.66666666666666
        ],
        [
          2.6666666666666665,
          0.33333333333333337,
          96.99999999999999
        ],
        [
          0.0,
          0.0,
          100.0
        ]
      ]
    },
    {
      "participant": "3216",
      "n_seeds": 20,
      "test_acc_mean": 0.2577777777777778,
      "test_acc_std": 0.019612887781290833,
      "test_bal_acc_mean": 0.2577777777777778,
      "test_bal_acc_std": 0.019612887781290847,
      "test_f1_mean": 0.13793466817514005,
      "test_f1_std": 0.012165832886673132,
      "test_kappa_mean": -0.11333333333333337,
      "test_kappa_std": 0.029419331671936288,
      "confusion_matrix": [
        [
          76.99999999999997,
          1.6666666666666667,
          21.333333333333336
        ],
        [
          100.0,
          0.0,
          0.0
        ],
        [
          99.66666666666666,
          0.0,
          0.33333333333333337
        ]
      ]
    },
    {
      "participant": "3217",
      "n_seeds": 20,
      "test_acc_mean": 0.39555555555555555,
      "test_acc_std": 0.04705767685794801,
      "test_bal_acc_mean": 0.39555555555555555,
      "test_bal_acc_std": 0.047057676857948025,
      "test_f1_mean": 0.28923651603809075,
      "test_f1_std": 0.0663950203953527,
      "test_kappa_mean": 0.0933333333333333,
      "test_kappa_std": 0.07058651528692204,
      "confusion_matrix": [
        [
          94.00000000000001,
          5.999999999999999,
          0.0
        ],
        [
          78.33333333333333,
          21.666666666666664,
          0.0
        ],
        [
          92.99999999999999,
          4.0,
          2.9999999999999996
        ]
      ]
    },
    {
      "participant": "3218",
      "n_seeds": 20,
      "test_acc_mean": 0.4988888888888889,
      "test_acc_std": 0.05465943944999485,
      "test_bal_acc_mean": 0.4988888888888889,
      "test_bal_acc_std": 0.05465943944999487,
      "test_f1_mean": 0.44465201765663737,
      "test_f1_std": 0.07865974571257672,
      "test_kappa_mean": 0.2483333333333333,
      "test_kappa_std": 0.08198915917499233,
      "confusion_matrix": [
        [
          15.666666666666663,
          21.333333333333332,
          62.999999999999986
        ],
        [
          0.0,
          45.66666666666667,
          54.33333333333333
        ],
        [
          0.0,
          11.666666666666666,
          88.33333333333333
        ]
      ]
    },
    {
      "participant": "3219",
      "n_seeds": 20,
      "test_acc_mean": 0.5225,
      "test_acc_std": 0.024197651038674686,
      "test_bal_acc_mean": 0.5177777777777777,
      "test_bal_acc_std": 0.029375125288328634,
      "test_f1_mean": 0.4267804545875321,
      "test_f1_std": 0.03197887410190698,
      "test_kappa_mean": 0.27386093533281225,
      "test_kappa_std": 0.03821856445003654,
      "confusion_matrix": [
        [
          100.0,
          0.0,
          0.0
        ],
        [
          55.0,
          7.333333333333334,
          37.666666666666664
        ],
        [
          52.0,
          0.0,
          48.0
        ]
      ]
    },
    {
      "participant": "3220",
      "n_seeds": 20,
      "test_acc_mean": 0.29888888888888887,
      "test_acc_std": 0.0233347256616058,
      "test_bal_acc_mean": 0.29888888888888887,
      "test_bal_acc_std": 0.023334725661605795,
      "test_f1_mean": 0.22120371574547387,
      "test_f1_std": 0.03771617910124375,
      "test_kappa_mean": -0.051666666666666694,
      "test_kappa_std": 0.035002088492408656,
      "confusion_matrix": [
        [
          76.0,
          23.666666666666668,
          0.33333333333333337
        ],
        [
          98.66666666666666,
          1.3333333333333335,
          0.0
        ],
        [
          76.99999999999999,
          10.666666666666668,
          12.333333333333334
        ]
      ]
    },
    {
      "participant": "3221",
      "n_seeds": 20,
      "test_acc_mean": 0.29555555555555546,
      "test_acc_std": 0.040207389594920075,
      "test_bal_acc_mean": 0.29555555555555546,
      "test_bal_acc_std": 0.04020738959492006,
      "test_f1_mean": 0.25718577910140306,
      "test_f1_std": 0.02950703556043235,
      "test_kappa_mean": -0.0566666666666667,
      "test_kappa_std": 0.06031108439238012,
      "confusion_matrix": [
        [
          57.666666666666664,
          30.333333333333332,
          12.000000000000002
        ],
        [
          26.0,
          0.0,
          74.0
        ],
        [
          50.99999999999999,
          18.0,
          31.0
        ]
      ]
    },
    {
      "participant": "3223",
      "n_seeds": 20,
      "test_acc_mean": 0.25,
      "test_acc_std": 0.05340881598043013,
      "test_bal_acc_mean": 0.25,
      "test_bal_acc_std": 0.053408815980430124,
      "test_f1_mean": 0.23116404899095927,
      "test_f1_std": 0.0470852705992515,
      "test_kappa_mean": -0.125,
      "test_kappa_std": 0.08011322397064519,
      "confusion_matrix": [
        [
          0.0,
          5.333333333333334,
          94.66666666666664
        ],
        [
          34.0,
          36.99999999999999,
          29.0
        ],
        [
          30.999999999999993,
          30.999999999999993,
          38.0
        ]
      ]
    },
    {
      "participant": "3224",
      "n_seeds": 20,
      "test_acc_mean": 0.5722222222222222,
      "test_acc_std": 0.038065638737601985,
      "test_bal_acc_mean": 0.5722222222222222,
      "test_bal_acc_std": 0.03806563873760199,
      "test_f1_mean": 0.46678502815106737,
      "test_f1_std": 0.03856169184104397,
      "test_kappa_mean": 0.35833333333333334,
      "test_kappa_std": 0.05709845810640297,
      "confusion_matrix": [
        [
          93.66666666666667,
          6.333333333333334,
          0.0
        ],
        [
          23.333333333333336,
          76.66666666666666,
          0.0
        ],
        [
          23.333333333333332,
          75.33333333333333,
          1.3333333333333335
        ]
      ]
    },
    {
      "participant": "3225",
      "n_seeds": 20,
      "test_acc_mean": 0.3333333333333333,
      "test_acc_std": 0.051488563048082206,
      "test_bal_acc_mean": 0.3333333333333333,
      "test_bal_acc_std": 0.0514885630480822,
      "test_f1_mean": 0.33629010311366436,
      "test_f1_std": 0.0505506985118795,
      "test_kappa_mean": -2.7755575615628914e-17,
      "test_kappa_std": 0.07723284457212332,
      "confusion_matrix": [
        [
          42.33333333333333,
          8.333333333333334,
          49.33333333333333
        ],
        [
          30.333333333333332,
          19.999999999999996,
          49.66666666666667
        ],
        [
          0.0,
          62.333333333333336,
          37.66666666666667
        ]
      ]
    },
    {
      "participant": "3226",
      "n_seeds": 20,
      "test_acc_mean": 0.45444444444444443,
      "test_acc_std": 0.04354349994275216,
      "test_bal_acc_mean": 0.45444444444444443,
      "test_bal_acc_std": 0.043543499942752174,
      "test_f1_mean": 0.3594708323925451,
      "test_f1_std": 0.05965512306365775,
      "test_kappa_mean": 0.18166666666666664,
      "test_kappa_std": 0.06531524991412824,
      "confusion_matrix": [
        [
          36.33333333333333,
          57.666666666666664,
          6.000000000000002
        ],
        [
          0.0,
          100.0,
          0.0
        ],
        [
          0.0,
          100.0,
          0.0
        ]
      ]
    },
    {
      "participant": "3227",
      "n_seeds": 20,
      "test_acc_mean": 0.3177777777777777,
      "test_acc_std": 0.014598815229595248,
      "test_bal_acc_mean": 0.3177777777777777,
      "test_bal_acc_std": 0.014598815229595238,
      "test_f1_mean": 0.16070524060003893,
      "test_f1_std": 0.0056286052112147775,
      "test_kappa_mean": -0.023333333333333383,
      "test_kappa_std": 0.021898222844392898,
      "confusion_matrix": [
        [
          95.33333333333331,
          0.0,
          4.666666666666668
        ],
        [
          100.0,
          0.0,
          0.0
        ],
        [
          100.0,
          0.0,
          0.0
        ]
      ]
    },
    {
      "participant": "3228",
      "n_seeds": 20,
      "test_acc_mean": 0.23611111111111108,
      "test_acc_std": 0.06714013159769025,
      "test_bal_acc_mean": 0.1888888888888889,
      "test_bal_acc_std": 0.0537121052781522,
      "test_f1_mean": 0.15951673265940206,
      "test_f1_std": 0.03953928789145792,
      "test_kappa_mean": -0.28111576000069255,
      "test_kappa_std": 0.11771040289981594,
      "confusion_matrix": [
        [
          0.0,
          0.0,
          100.0
        ],
        [
          0.0,
          0.6666666666666667,
          99.33333333333334
        ],
        [
          12.666666666666666,
          31.333333333333332,
          55.999999999999986
        ]
      ]
    },
    {
      "participant": "3229",
      "n_seeds": 20,
      "test_acc_mean": 0.2033333333333333,
      "test_acc_std": 0.039670507783292557,
      "test_bal_acc_mean": 0.20333333333333337,
      "test_bal_acc_std": 0.03967050778329256,
      "test_f1_mean": 0.2192777764424755,
      "test_f1_std": 0.04346332637667001,
      "test_kappa_mean": -0.195,
      "test_kappa_std": 0.0595057616749388,
      "confusion_matrix": [
        [
          22.66666666666666,
          56.666666666666664,
          20.666666666666668
        ],
        [
          0.0,
          26.333333333333336,
          73.66666666666666
        ],
        [
          0.0,
          87.99999999999999,
          11.999999999999998
        ]
      ]
    },
    {
      "participant": "3230",
      "n_seeds": 20,
      "test_acc_mean": 0.44222222222222224,
      "test_acc_std": 0.042593016355210365,
      "test_bal_acc_mean": 0.44222222222222224,
      "test_bal_acc_std": 0.042593016355210365,
      "test_f1_mean": 0.39237967984170796,
      "test_f1_std": 0.03235498070730698,
      "test_kappa_mean": 0.1633333333333333,
      "test_kappa_std": 0.06388952453281554,
      "confusion_matrix": [
        [
          61.0,
          30.666666666666664,
          8.333333333333334
        ],
        [
          21.666666666666664,
          63.666666666666664,
          14.666666666666666
        ],
        [
          43.000000000000014,
          48.99999999999999,
          8.0
        ]
      ]
    },
    {
      "participant": "3232",
      "n_seeds": 20,
      "test_acc_mean": 0.45111111111111113,
      "test_acc_std": 0.058172292326690286,
      "test_bal_acc_mean": 0.45111111111111113,
      "test_bal_acc_std": 0.058172292326690286,
      "test_f1_mean": 0.38140390095589305,
      "test_f1_std": 0.0833587029783381,
      "test_kappa_mean": 0.17666666666666667,
      "test_kappa_std": 0.08725843849003545,
      "confusion_matrix": [
        [
          92.66666666666666,
          2.6666666666666665,
          4.666666666666666
        ],
        [
          62.333333333333336,
          22.666666666666668,
          15.0
        ],
        [
          61.33333333333333,
          18.666666666666668,
          19.999999999999996
        ]
      ]
    },
    {
      "participant": "3233",
      "n_seeds": 20,
      "test_acc_mean": 0.2511111111111111,
      "test_acc_std": 0.02402078372331471,
      "test_bal_acc_mean": 0.2511111111111111,
      "test_bal_acc_std": 0.024020783723314718,
      "test_f1_mean": 0.18291972035546109,
      "test_f1_std": 0.030331680849867457,
      "test_kappa_mean": -0.12333333333333334,
      "test_kappa_std": 0.03603117558497209,
      "confusion_matrix": [
        [
          65.33333333333334,
          25.33333333333334,
          9.333333333333332
        ],
        [
          67.66666666666666,
          6.000000000000001,
          26.333333333333325
        ],
        [
          85.33333333333333,
          10.666666666666668,
          4.0
        ]
      ]
    },
    {
      "participant": "3234",
      "n_seeds": 20,
      "test_acc_mean": 0.3833333333333333,
      "test_acc_std": 0.04070528317028036,
      "test_bal_acc_mean": 0.3833333333333333,
      "test_bal_acc_std": 0.04070528317028035,
      "test_f1_mean": 0.26075002197338254,
      "test_f1_std": 0.05838384838966236,
      "test_kappa_mean": 0.07499999999999997,
      "test_kappa_std": 0.061057924755420545,
      "confusion_matrix": [
        [
          14.333333333333334,
          2.333333333333333,
          83.33333333333333
        ],
        [
          10.666666666666668,
          1.6666666666666667,
          87.66666666666667
        ],
        [
          0.6666666666666667,
          0.33333333333333337,
          99.00000000000001
        ]
      ]
    },
    {
      "participant": "3235",
      "n_seeds": 20,
      "test_acc_mean": 0.3644444444444444,
      "test_acc_std": 0.013294289813691523,
      "test_bal_acc_mean": 0.3644444444444444,
      "test_bal_acc_std": 0.013294289813691523,
      "test_f1_mean": 0.2425564137699694,
      "test_f1_std": 0.01792542987965533,
      "test_kappa_mean": 0.046666666666666655,
      "test_kappa_std": 0.01994143472053729,
      "confusion_matrix": [
        [
          99.33333333333333,
          0.0,
          0.6666666666666667
        ],
        [
          35.33333333333333,
          0.33333333333333337,
          64.33333333333334
        ],
        [
          90.33333333333333,
          0.0,
          9.666666666666668
        ]
      ]
    },
    {
      "participant": "3236",
      "n_seeds": 20,
      "test_acc_mean": 0.5066666666666666,
      "test_acc_std": 0.0655263092656523,
      "test_bal_acc_mean": 0.5066666666666666,
      "test_bal_acc_std": 0.0655263092656523,
      "test_f1_mean": 0.45287228299172516,
      "test_f1_std": 0.0725815429845901,
      "test_kappa_mean": 0.26,
      "test_kappa_std": 0.09828946389847845,
      "confusion_matrix": [
        [
          12.999999999999996,
          30.333333333333332,
          56.666666666666664
        ],
        [
          0.0,
          65.66666666666669,
          34.333333333333336
        ],
        [
          3.333333333333333,
          23.333333333333336,
          73.33333333333334
        ]
      ]
    },
    {
      "participant": "3237",
      "n_seeds": 20,
      "test_acc_mean": 0.34111111111111103,
      "test_acc_std": 0.018060615575272207,
      "test_bal_acc_mean": 0.34111111111111103,
      "test_bal_acc_std": 0.018060615575272207,
      "test_f1_mean": 0.20117667390046035,
      "test_f1_std": 0.029856972145169754,
      "test_kappa_mean": 0.011666666666666664,
      "test_kappa_std": 0.02709092336290828,
      "confusion_matrix": [
        [
          95.99999999999999,
          4.0,
          0.0
        ],
        [
          93.66666666666666,
          6.333333333333333,
          0.0
        ],
        [
          98.33333333333334,
          1.6666666666666667,
          0.0
        ]
      ]
    },
    {
      "participant": "3238",
      "n_seeds": 20,
      "test_acc_mean": 0.5577777777777777,
      "test_acc_std": 0.04831131447096974,
      "test_bal_acc_mean": 0.5577777777777777,
      "test_bal_acc_std": 0.04831131447096976,
      "test_f1_mean": 0.5388261541101415,
      "test_f1_std": 0.06648179961273944,
      "test_kappa_mean": 0.3366666666666667,
      "test_kappa_std": 0.07246697170645461,
      "confusion_matrix": [
        [
          62.0,
          1.3333333333333335,
          36.66666666666667
        ],
        [
          63.66666666666667,
          32.66666666666667,
          3.666666666666667
        ],
        [
          2.0,
          25.333333333333336,
          72.66666666666666
        ]
      ]
    },
    {
      "participant": "3239",
      "n_seeds": 20,
      "test_acc_mean": 0.3731707317073171,
      "test_acc_std": 0.01602308988614113,
      "test_bal_acc_mean": 0.3424242424242424,
      "test_bal_acc_std": 0.019907475313084448,
      "test_f1_mean": 0.21240568374714716,
      "test_f1_std": 0.029305716689150073,
      "test_kappa_mean": 0.01294239328706145,
      "test_kappa_std": 0.027935192745069212,
      "confusion_matrix": [
        [
          100.0,
          0.0,
          0.0
        ],
        [
          99.33333333333333,
          0.0,
          0.6666666666666667
        ],
        [
          90.90909090909092,
          6.363636363636365,
          2.7272727272727275
        ]
      ]
    },
    {
      "participant": "3240",
      "n_seeds": 20,
      "test_acc_mean": 0.4833333333333333,
      "test_acc_std": 0.10690883815248255,
      "test_bal_acc_mean": 0.4833333333333333,
      "test_bal_acc_std": 0.10690883815248256,
      "test_f1_mean": 0.4343892106551356,
      "test_f1_std": 0.11126269140050432,
      "test_kappa_mean": 0.225,
      "test_kappa_std": 0.16036325722872385,
      "confusion_matrix": [
        [
          17.333333333333336,
          45.99999999999999,
          36.666666666666664
        ],
        [
          6.666666666666669,
          47.66666666666667,
          45.666666666666664
        ],
        [
          1.6666666666666667,
          18.333333333333336,
          79.99999999999999
        ]
      ]
    },
    {
      "participant": "3241",
      "n_seeds": 20,
      "test_acc_mean": 0.45999999999999996,
      "test_acc_std": 0.05495582726124237,
      "test_bal_acc_mean": 0.45999999999999996,
      "test_bal_acc_std": 0.05495582726124239,
      "test_f1_mean": 0.4544986038651381,
      "test_f1_std": 0.05351039703513303,
      "test_kappa_mean": 0.18999999999999997,
      "test_kappa_std": 0.08243374089186357,
      "confusion_matrix": [
        [
          51.333333333333336,
          20.333333333333336,
          28.333333333333336
        ],
        [
          27.666666666666668,
          65.33333333333334,
          7.000000000000002
        ],
        [
          78.66666666666666,
          0.0,
          21.333333333333336
        ]
      ]
    },
    {
      "participant": "3242",
      "n_seeds": 20,
      "test_acc_mean": 0.2944444444444444,
      "test_acc_std": 0.030482368491045967,
      "test_bal_acc_mean": 0.2944444444444444,
      "test_bal_acc_std": 0.030482368491045957,
      "test_f1_mean": 0.19719325902502088,
      "test_f1_std": 0.03070618969005475,
      "test_kappa_mean": -0.05833333333333337,
      "test_kappa_std": 0.0457235527365689,
      "confusion_matrix": [
        [
          6.000000000000002,
          36.00000000000001,
          58.0
        ],
        [
          0.0,
          0.0,
          100.0
        ],
        [
          0.33333333333333337,
          17.333333333333332,
          82.33333333333334
        ]
      ]
    },
    {
      "participant": "3243",
      "n_seeds": 20,
      "test_acc_mean": 0.2922222222222222,
      "test_acc_std": 0.042821235615324464,
      "test_bal_acc_mean": 0.2922222222222222,
      "test_bal_acc_std": 0.04282123561532446,
      "test_f1_mean": 0.1754788367409713,
      "test_f1_std": 0.02942828083572021,
      "test_kappa_mean": -0.0616666666666667,
      "test_kappa_std": 0.06423185342298669,
      "confusion_matrix": [
        [
          0.0,
          100.0,
          0.0
        ],
        [
          0.0,
          81.0,
          18.999999999999996
        ],
        [
          0.0,
          93.33333333333333,
          6.666666666666667
        ]
      ]
    },
    {
      "participant": "3244",
      "n_seeds": 20,
      "test_acc_mean": 0.44222222222222224,
      "test_acc_std": 0.04884633980433642,
      "test_bal_acc_mean": 0.44222222222222224,
      "test_bal_acc_std": 0.04884633980433643,
      "test_f1_mean": 0.36186037243817537,
      "test_f1_std": 0.039525776117652754,
      "test_kappa_mean": 0.1633333333333333,
      "test_kappa_std": 0.07326950970650466,
      "confusion_matrix": [
        [
          0.0,
          73.33333333333334,
          26.666666666666664
        ],
        [
          8.0,
          69.0,
          23.0
        ],
        [
          0.0,
          36.33333333333334,
          63.666666666666686
        ]
      ]
    },
    {
      "participant": "3245",
      "n_seeds": 20,
      "test_acc_mean": 0.3866666666666668,
      "test_acc_std": 0.01329428981369154,
      "test_bal_acc_mean": 0.3866666666666667,
      "test_bal_acc_std": 0.013294289813691516,
      "test_f1_mean": 0.27041249677059487,
      "test_f1_std": 0.01968146073246474,
      "test_kappa_mean": 0.07999999999999999,
      "test_kappa_std": 0.019941434720537284,
      "confusion_matrix": [
        [
          99.66666666666666,
          0.33333333333333337,
          0.0
        ],
        [
          37.00000000000001,
          0.0,
          63.000000000000014
        ],
        [
          83.33333333333334,
          0.33333333333333337,
          16.333333333333332
        ]
      ]
    },
    {
      "participant": "3246",
      "n_seeds": 20,
      "test_acc_mean": 0.1611111111111111,
      "test_acc_std": 0.035958968747703414,
      "test_bal_acc_mean": 0.1611111111111111,
      "test_bal_acc_std": 0.03595896874770341,
      "test_f1_mean": 0.16667828154672482,
      "test_f1_std": 0.030760062069759522,
      "test_kappa_mean": -0.25833333333333336,
      "test_kappa_std": 0.0539384531215551,
      "confusion_matrix": [
        [
          41.33333333333333,
          32.666666666666664,
          26.0
        ],
        [
          0.0,
          1.0,
          99.00000000000001
        ],
        [
          45.66666666666667,
          48.33333333333333,
          6.000000000000001
        ]
      ]
    },
    {
      "participant": "3247",
      "n_seeds": 20,
      "test_acc_mean": 0.3122222222222222,
      "test_acc_std": 0.04354349994275217,
      "test_bal_acc_mean": 0.3122222222222222,
      "test_bal_acc_std": 0.043543499942752154,
      "test_f1_mean": 0.24259923921848636,
      "test_f1_std": 0.032851150466175275,
      "test_kappa_mean": -0.0316666666666667,
      "test_kappa_std": 0.06531524991412825,
      "confusion_matrix": [
        [
          66.33333333333334,
          33.333333333333336,
          0.33333333333333337
        ],
        [
          63.66666666666665,
          27.333333333333336,
          8.999999999999998
        ],
        [
          83.33333333333336,
          16.666666666666664,
          0.0
        ]
      ]
    },
    {
      "participant": "3248",
      "n_seeds": 20,
      "test_acc_mean": 0.35444444444444445,
      "test_acc_std": 0.049677321358039636,
      "test_bal_acc_mean": 0.35444444444444445,
      "test_bal_acc_std": 0.04967732135803963,
      "test_f1_mean": 0.32506033370837784,
      "test_f1_std": 0.047813328099618434,
      "test_kappa_mean": 0.031666666666666655,
      "test_kappa_std": 0.07451598203705952,
      "confusion_matrix": [
        [
          60.66666666666667,
          14.333333333333334,
          25.0
        ],
        [
          75.99999999999999,
          14.0,
          9.999999999999996
        ],
        [
          39.33333333333333,
          29.000000000000007,
          31.666666666666668
        ]
      ]
    },
    {
      "participant": "3249",
      "n_seeds": 20,
      "test_acc_mean": 0.016666666666666666,
      "test_acc_std": 0.036674640281345386,
      "test_bal_acc_mean": 0.016666666666666666,
      "test_bal_acc_std": 0.036674640281345386,
      "test_f1_mean": 0.030514705882352944,
      "test_f1_std": 0.06633859569526541,
      "test_kappa_mean": 0.0,
      "test_kappa_std": 0.0,
      "confusion_matrix": [
        [
          0.0,
          0.0,
          0.0
        ],
        [
          0.0,
          0.0,
          0.0
        ],
        [
          14.666666666666666,
          83.66666666666666,
          1.6666666666666667
        ]
      ]
    },
    {
      "participant": "3250",
      "n_seeds": 20,
      "test_acc_mean": 0.33444444444444443,
      "test_acc_std": 0.00496903994999954,
      "test_bal_acc_mean": 0.33444444444444443,
      "test_bal_acc_std": 0.00496903994999954,
      "test_f1_mean": 0.16889124293785307,
      "test_f1_std": 0.009948607527011774,
      "test_kappa_mean": 0.0016666666666666663,
      "test_kappa_std": 0.007453559924999298,
      "confusion_matrix": [
        [
          0.0,
          100.0,
          0.0
        ],
        [
          0.0,
          100.0,
          0.0
        ],
        [
          0.0,
          99.66666666666666,
          0.33333333333333337
        ]
      ]
    }
  ],
  "selected_features": [
    "head_rotation_rad_min",
    "head_rotation_rad_median",
    "head_rotation_rad_p25",
    "head_rotation_rad_p75",
    "head_tx_max",
    "head_tx_p25",
    "head_tx_p75",
    "head_ty_min",
    "head_ty_max",
    "head_ty_rms",
    "head_ty_std",
    "head_ty_p75",
    "head_scalex_min",
    "head_scalex_rms",
    "head_scalex_autocorr1",
    "head_scaley_min",
    "head_scaley_p75",
    "head_motion_mag_min",
    "head_motion_mag_p75",
    "head_motion_mag_autocorr1",
    "blink_aperture_max",
    "blink_aperture_p25",
    "blink_aperture_p75",
    "mouth_aperture_max",
    "mouth_aperture_p25",
    "mouth_aperture_p75",
    "mouth_aperture_autocorr1",
    "pupil_dx_max",
    "pupil_dx_mean",
    "pupil_dx_p75",
    "pupil_metric_std",
    "pupil_metric_p75",
    "head_rotation_rad_vel_median",
    "head_rotation_rad_acc_std",
    "head_rotation_rad_acc_autocorr1",
    "head_tx_acc_median",
    "head_tx_acc_autocorr1",
    "head_ty_vel_median",
    "head_scalex_vel_autocorr1",
    "head_scaley_vel_p25",
    "head_scaley_vel_autocorr1",
    "head_scaley_acc_p75",
    "head_motion_mag_vel_median",
    "head_motion_mag_vel_autocorr1",
    "blink_aperture_vel_max",
    "blink_aperture_acc_min",
    "blink_aperture_acc_max",
    "mouth_aperture_acc_min",
    "mouth_aperture_acc_p75",
    "pupil_metric_vel_max",
    "pupil_metric_acc_min",
    "pupil_metric_acc_p75",
    "SCR_Peaks_Amplitude_Mean",
    "EDA_Tonic_SD",
    "HRV_Prc80NN",
    "HRV_MinNN",
    "HRV_MaxNN",
    "HRV_HTI",
    "HRV_VHF",
    "HRV_IALS",
    "HRV_PAS",
    "HRV_C2a",
    "HRV_Ca",
    "HRV_MSEn"
  ],
  "n_participants": 38,
  "n_seeds": 20,
  "n_features": 64,
  "timestamp": "2025-10-18T16:26:47.342025"
}