{
  "name": "pose",
  "config": {
    "n_seeds": 20,
    "feature_selection": "backward",
    "use_pose_derivatives": true,
    "use_time_features": false,
    "include_order": false,
    "normalize_features": true,
    "class_config": "all",
    "use_pca": false,
    "pca_variance": 0.9,
    "write_cm": true,
    "tune_hyperparameters": false,
    "tune_n_iter": 30,
    "tune_cv_folds": 5,
    "name": "pose",
    "feature_groups": [
      "pose"
    ],
    "split_strategy": "lopo"
  },
  "metrics": {
    "test_acc_mean": 0.33754170430593194,
    "test_acc_std": 0.11225978864216848,
    "test_bal_acc_mean": 0.33819977553310887,
    "test_bal_acc_std": 0.11319965117725676,
    "test_f1_mean": 0.2807143845795182,
    "test_f1_std": 0.10572789798790445,
    "test_kappa_mean": 0.007054158862230962,
    "test_kappa_std": 0.16942576420763106
  },
  "confusion_matrix": [
    [
      41.385185185185186,
      30.688888888888894,
      27.925925925925927
    ],
    [
      40.38518518518519,
      25.57777777777778,
      34.03703703703703
    ],
    [
      35.67340067340068,
      29.82962962962963,
      34.49696969696969
    ]
  ],
  "participant_results": [
    {
      "participant": "3105",
      "n_seeds": 20,
      "test_acc_mean": 0.1688888888888889,
      "test_acc_std": 0.02735942272227078,
      "test_bal_acc_mean": 0.1688888888888889,
      "test_bal_acc_std": 0.027359422722270772,
      "test_f1_mean": 0.12740416756260284,
      "test_f1_std": 0.017905158032029588,
      "test_kappa_mean": -0.24666666666666667,
      "test_kappa_std": 0.04103913408340614,
      "confusion_matrix": [
        [
          37.33333333333333,
          60.666666666666664,
          2.0
        ],
        [
          86.66666666666669,
          13.333333333333337,
          0.0
        ],
        [
          91.66666666666666,
          8.333333333333332,
          0.0
        ]
      ]
    },
    {
      "participant": "3206",
      "n_seeds": 20,
      "test_acc_mean": 0.20222222222222222,
      "test_acc_std": 0.03374020686738881,
      "test_bal_acc_mean": 0.20222222222222222,
      "test_bal_acc_std": 0.03374020686738882,
      "test_f1_mean": 0.20218667408661214,
      "test_f1_std": 0.03772551713406018,
      "test_kappa_mean": -0.1966666666666667,
      "test_kappa_std": 0.0506103103010832,
      "confusion_matrix": [
        [
          12.0,
          88.0,
          0.0
        ],
        [
          40.0,
          29.0,
          31.0
        ],
        [
          29.333333333333332,
          50.99999999999999,
          19.666666666666664
        ]
      ]
    },
    {
      "participant": "3207",
      "n_seeds": 20,
      "test_acc_mean": 0.29111111111111104,
      "test_acc_std": 0.025895275672296856,
      "test_bal_acc_mean": 0.29111111111111104,
      "test_bal_acc_std": 0.025895275672296856,
      "test_f1_mean": 0.24042123392906692,
      "test_f1_std": 0.02245698828185466,
      "test_kappa_mean": -0.06333333333333338,
      "test_kappa_std": 0.03884291350844529,
      "confusion_matrix": [
        [
          52.0,
          13.0,
          34.99999999999999
        ],
        [
          73.00000000000001,
          0.6666666666666667,
          26.333333333333332
        ],
        [
          65.33333333333333,
          0.0,
          34.666666666666664
        ]
      ]
    },
    {
      "participant": "3208",
      "n_seeds": 20,
      "test_acc_mean": 0.30777777777777776,
      "test_acc_std": 0.05061031030108322,
      "test_bal_acc_mean": 0.30777777777777776,
      "test_bal_acc_std": 0.05061031030108321,
      "test_f1_mean": 0.27983277846829097,
      "test_f1_std": 0.04774891527998959,
      "test_kappa_mean": -0.038333333333333344,
      "test_kappa_std": 0.07591546545162482,
      "confusion_matrix": [
        [
          42.333333333333336,
          33.33333333333333,
          24.333333333333336
        ],
        [
          44.00000000000001,
          5.333333333333334,
          50.666666666666664
        ],
        [
          34.66666666666667,
          20.666666666666668,
          44.66666666666666
        ]
      ]
    },
    {
      "participant": "3209",
      "n_seeds": 20,
      "test_acc_mean": 0.22222222222222224,
      "test_acc_std": 0.039489925183939484,
      "test_bal_acc_mean": 0.22222222222222224,
      "test_bal_acc_std": 0.03948992518393949,
      "test_f1_mean": 0.21896192702728956,
      "test_f1_std": 0.043519754004260475,
      "test_kappa_mean": -0.16666666666666669,
      "test_kappa_std": 0.059234887775909226,
      "confusion_matrix": [
        [
          23.333333333333332,
          60.66666666666667,
          16.0
        ],
        [
          66.33333333333333,
          29.666666666666668,
          4.0
        ],
        [
          53.0,
          33.33333333333333,
          13.666666666666668
        ]
      ]
    },
    {
      "participant": "3210",
      "n_seeds": 20,
      "test_acc_mean": 0.17222222222222222,
      "test_acc_std": 0.04437128481551258,
      "test_bal_acc_mean": 0.17222222222222222,
      "test_bal_acc_std": 0.04437128481551259,
      "test_f1_mean": 0.19128442616643185,
      "test_f1_std": 0.04454032614353442,
      "test_kappa_mean": -0.24166666666666664,
      "test_kappa_std": 0.06655692722326886,
      "confusion_matrix": [
        [
          16.333333333333336,
          0.0,
          83.66666666666666
        ],
        [
          6.333333333333334,
          24.666666666666668,
          68.99999999999999
        ],
        [
          58.0,
          31.333333333333332,
          10.666666666666664
        ]
      ]
    },
    {
      "participant": "3211",
      "n_seeds": 20,
      "test_acc_mean": 0.30777777777777776,
      "test_acc_std": 0.020740044544149547,
      "test_bal_acc_mean": 0.30777777777777776,
      "test_bal_acc_std": 0.020740044544149527,
      "test_f1_mean": 0.15690509636647626,
      "test_f1_std": 0.007996704196890601,
      "test_kappa_mean": -0.038333333333333365,
      "test_kappa_std": 0.03111006681622432,
      "confusion_matrix": [
        [
          92.33333333333334,
          0.0,
          7.666666666666666
        ],
        [
          99.66666666666666,
          0.0,
          0.33333333333333337
        ],
        [
          100.0,
          0.0,
          0.0
        ]
      ]
    },
    {
      "participant": "3213",
      "n_seeds": 20,
      "test_acc_mean": 0.4355555555555556,
      "test_acc_std": 0.03412319537555176,
      "test_bal_acc_mean": 0.4355555555555556,
      "test_bal_acc_std": 0.03412319537555176,
      "test_f1_mean": 0.3580554440252016,
      "test_f1_std": 0.0315851318302117,
      "test_kappa_mean": 0.15333333333333332,
      "test_kappa_std": 0.05118479306332762,
      "confusion_matrix": [
        [
          49.33333333333333,
          1.6666666666666667,
          49.00000000000001
        ],
        [
          78.33333333333334,
          2.0,
          19.666666666666664
        ],
        [
          20.333333333333336,
          0.33333333333333337,
          79.33333333333334
        ]
      ]
    },
    {
      "participant": "3214",
      "n_seeds": 20,
      "test_acc_mean": 0.5322222222222223,
      "test_acc_std": 0.03847313265542965,
      "test_bal_acc_mean": 0.5322222222222223,
      "test_bal_acc_std": 0.03847313265542964,
      "test_f1_mean": 0.4875567849380422,
      "test_f1_std": 0.04537239284862692,
      "test_kappa_mean": 0.29833333333333334,
      "test_kappa_std": 0.05770969898314447,
      "confusion_matrix": [
        [
          93.00000000000001,
          0.33333333333333337,
          6.666666666666666
        ],
        [
          69.33333333333334,
          18.0,
          12.666666666666666
        ],
        [
          30.333333333333332,
          21.000000000000004,
          48.66666666666666
        ]
      ]
    },
    {
      "participant": "3215",
      "n_seeds": 20,
      "test_acc_mean": 0.4355555555555556,
      "test_acc_std": 0.053663694177483984,
      "test_bal_acc_mean": 0.4355555555555556,
      "test_bal_acc_std": 0.053663694177483984,
      "test_f1_mean": 0.3856750196347106,
      "test_f1_std": 0.07243583079281661,
      "test_kappa_mean": 0.15333333333333332,
      "test_kappa_std": 0.08049554126622599,
      "confusion_matrix": [
        [
          13.999999999999996,
          0.6666666666666667,
          85.33333333333333
        ],
        [
          7.666666666666667,
          32.333333333333336,
          60.000000000000014
        ],
        [
          2.9999999999999996,
          12.666666666666668,
          84.33333333333334
        ]
      ]
    },
    {
      "participant": "3216",
      "n_seeds": 20,
      "test_acc_mean": 0.2677777777777778,
      "test_acc_std": 0.05321380367803396,
      "test_bal_acc_mean": 0.2677777777777778,
      "test_bal_acc_std": 0.05321380367803396,
      "test_f1_mean": 0.17879980174380267,
      "test_f1_std": 0.04316488601853256,
      "test_kappa_mean": -0.09833333333333333,
      "test_kappa_std": 0.07982070551705091,
      "confusion_matrix": [
        [
          70.66666666666666,
          12.333333333333332,
          17.0
        ],
        [
          98.66666666666667,
          0.33333333333333337,
          1.0
        ],
        [
          89.99999999999999,
          0.6666666666666667,
          9.333333333333332
        ]
      ]
    },
    {
      "participant": "3217",
      "n_seeds": 20,
      "test_acc_mean": 0.37888888888888894,
      "test_acc_std": 0.015251838692294661,
      "test_bal_acc_mean": 0.37888888888888894,
      "test_bal_acc_std": 0.015251838692294652,
      "test_f1_mean": 0.2672634790360583,
      "test_f1_std": 0.03334145960001604,
      "test_kappa_mean": 0.06833333333333333,
      "test_kappa_std": 0.022877758038441987,
      "confusion_matrix": [
        [
          14.000000000000004,
          85.66666666666669,
          0.33333333333333337
        ],
        [
          0.0,
          96.66666666666667,
          3.3333333333333335
        ],
        [
          0.0,
          96.99999999999999,
          3.0
        ]
      ]
    },
    {
      "participant": "3218",
      "n_seeds": 20,
      "test_acc_mean": 0.48888888888888893,
      "test_acc_std": 0.05584718777222607,
      "test_bal_acc_mean": 0.4888888888888888,
      "test_bal_acc_std": 0.05584718777222606,
      "test_f1_mean": 0.3996458771940105,
      "test_f1_std": 0.0445253473298006,
      "test_kappa_mean": 0.2333333333333334,
      "test_kappa_std": 0.08377078165833908,
      "confusion_matrix": [
        [
          0.0,
          7.333333333333334,
          92.66666666666666
        ],
        [
          0.0,
          79.33333333333334,
          20.666666666666664
        ],
        [
          0.0,
          32.666666666666664,
          67.33333333333333
        ]
      ]
    },
    {
      "participant": "3219",
      "n_seeds": 20,
      "test_acc_mean": 0.5622222222222222,
      "test_acc_std": 0.028016517916281923,
      "test_bal_acc_mean": 0.5622222222222222,
      "test_bal_acc_std": 0.028016517916281906,
      "test_f1_mean": 0.49299389705719204,
      "test_f1_std": 0.037491211507930375,
      "test_kappa_mean": 0.3433333333333334,
      "test_kappa_std": 0.04202477687442291,
      "confusion_matrix": [
        [
          95.33333333333331,
          0.33333333333333337,
          4.333333333333334
        ],
        [
          41.00000000000001,
          11.333333333333332,
          47.666666666666664
        ],
        [
          32.33333333333333,
          5.666666666666668,
          61.999999999999986
        ]
      ]
    },
    {
      "participant": "3220",
      "n_seeds": 20,
      "test_acc_mean": 0.5533333333333333,
      "test_acc_std": 0.039424053703245206,
      "test_bal_acc_mean": 0.5533333333333333,
      "test_bal_acc_std": 0.03942405370324522,
      "test_f1_mean": 0.4533350394938253,
      "test_f1_std": 0.030974915572691556,
      "test_kappa_mean": 0.33000000000000007,
      "test_kappa_std": 0.0591360805548678,
      "confusion_matrix": [
        [
          77.33333333333334,
          4.333333333333334,
          18.333333333333336
        ],
        [
          73.33333333333334,
          0.0,
          26.666666666666668
        ],
        [
          6.000000000000001,
          5.333333333333334,
          88.66666666666666
        ]
      ]
    },
    {
      "participant": "3221",
      "n_seeds": 20,
      "test_acc_mean": 0.08666666666666664,
      "test_acc_std": 0.017512642792275827,
      "test_bal_acc_mean": 0.08666666666666664,
      "test_bal_acc_std": 0.017512642792275827,
      "test_f1_mean": 0.09325958205268552,
      "test_f1_std": 0.017511755632618035,
      "test_kappa_mean": -0.3700000000000001,
      "test_kappa_std": 0.02626896418841372,
      "confusion_matrix": [
        [
          26.000000000000007,
          69.33333333333334,
          4.666666666666667
        ],
        [
          27.333333333333332,
          0.0,
          72.66666666666666
        ],
        [
          32.0,
          68.00000000000001,
          0.0
        ]
      ]
    },
    {
      "participant": "3222",
      "n_seeds": 20,
      "test_acc_mean": 0.4211111111111111,
      "test_acc_std": 0.03980132597110088,
      "test_bal_acc_mean": 0.4211111111111111,
      "test_bal_acc_std": 0.03980132597110089,
      "test_f1_mean": 0.3927128022027488,
      "test_f1_std": 0.045508874569864105,
      "test_kappa_mean": 0.13166666666666663,
      "test_kappa_std": 0.05970198895665132,
      "confusion_matrix": [
        [
          22.666666666666668,
          34.0,
          43.333333333333336
        ],
        [
          14.999999999999996,
          75.66666666666666,
          9.333333333333332
        ],
        [
          35.33333333333333,
          36.66666666666666,
          27.999999999999993
        ]
      ]
    },
    {
      "participant": "3223",
      "n_seeds": 20,
      "test_acc_mean": 0.1488888888888889,
      "test_acc_std": 0.034652268714984835,
      "test_bal_acc_mean": 0.1488888888888889,
      "test_bal_acc_std": 0.03465226871498483,
      "test_f1_mean": 0.12856792923077132,
      "test_f1_std": 0.03613004117738122,
      "test_kappa_mean": -0.27666666666666667,
      "test_kappa_std": 0.051978403072477274,
      "confusion_matrix": [
        [
          37.0,
          62.666666666666664,
          0.33333333333333337
        ],
        [
          93.99999999999999,
          1.3333333333333335,
          4.666666666666667
        ],
        [
          46.99999999999999,
          46.666666666666664,
          6.333333333333334
        ]
      ]
    },
    {
      "participant": "3224",
      "n_seeds": 20,
      "test_acc_mean": 0.33666666666666656,
      "test_acc_std": 0.013047621080275556,
      "test_bal_acc_mean": 0.33666666666666656,
      "test_bal_acc_std": 0.013047621080275556,
      "test_f1_mean": 0.17770404158327502,
      "test_f1_std": 0.022270932807422403,
      "test_kappa_mean": 0.004999999999999982,
      "test_kappa_std": 0.019571431620413336,
      "confusion_matrix": [
        [
          0.33333333333333337,
          2.0,
          97.66666666666666
        ],
        [
          5.0,
          1.0,
          94.0
        ],
        [
          0.33333333333333337,
          0.0,
          99.66666666666666
        ]
      ]
    },
    {
      "participant": "3225",
      "n_seeds": 20,
      "test_acc_mean": 0.13444444444444445,
      "test_acc_std": 0.03418027352312528,
      "test_bal_acc_mean": 0.13444444444444445,
      "test_bal_acc_std": 0.03418027352312529,
      "test_f1_mean": 0.11071725703304651,
      "test_f1_std": 0.027425535222446226,
      "test_kappa_mean": -0.2983333333333333,
      "test_kappa_std": 0.05127041028468789,
      "confusion_matrix": [
        [
          17.666666666666664,
          0.0,
          82.33333333333334
        ],
        [
          63.333333333333336,
          0.0,
          36.666666666666664
        ],
        [
          58.33333333333333,
          19.000000000000004,
          22.666666666666664
        ]
      ]
    },
    {
      "participant": "3226",
      "n_seeds": 20,
      "test_acc_mean": 0.4655555555555556,
      "test_acc_std": 0.03847313265542965,
      "test_bal_acc_mean": 0.4655555555555555,
      "test_bal_acc_std": 0.03847313265542965,
      "test_f1_mean": 0.38628877442913573,
      "test_f1_std": 0.05808074111168612,
      "test_kappa_mean": 0.1983333333333333,
      "test_kappa_std": 0.05770969898314449,
      "confusion_matrix": [
        [
          33.66666666666667,
          63.0,
          3.333333333333333
        ],
        [
          0.0,
          100.0,
          0.0
        ],
        [
          0.33333333333333337,
          93.66666666666667,
          5.999999999999999
        ]
      ]
    },
    {
      "participant": "3227",
      "n_seeds": 20,
      "test_acc_mean": 0.2811111111111111,
      "test_acc_std": 0.036957028591503266,
      "test_bal_acc_mean": 0.2811111111111111,
      "test_bal_acc_std": 0.03695702859150328,
      "test_f1_mean": 0.2167528762049924,
      "test_f1_std": 0.0350960021854597,
      "test_kappa_mean": -0.07833333333333334,
      "test_kappa_std": 0.05543554288725491,
      "confusion_matrix": [
        [
          30.0,
          69.33333333333334,
          0.6666666666666667
        ],
        [
          45.666666666666664,
          54.333333333333336,
          0.0
        ],
        [
          25.333333333333332,
          74.66666666666666,
          0.0
        ]
      ]
    },
    {
      "participant": "3228",
      "n_seeds": 20,
      "test_acc_mean": 0.18888888888888888,
      "test_acc_std": 0.05072572735017881,
      "test_bal_acc_mean": 0.18888888888888888,
      "test_bal_acc_std": 0.05072572735017881,
      "test_f1_mean": 0.1242389072442059,
      "test_f1_std": 0.04235504888614328,
      "test_kappa_mean": -0.21666666666666665,
      "test_kappa_std": 0.07608859102526823,
      "confusion_matrix": [
        [
          0.0,
          0.33333333333333337,
          99.66666666666666
        ],
        [
          0.0,
          7.666666666666667,
          92.33333333333333
        ],
        [
          0.6666666666666667,
          50.333333333333336,
          48.99999999999999
        ]
      ]
    },
    {
      "participant": "3229",
      "n_seeds": 20,
      "test_acc_mean": 0.38666666666666666,
      "test_acc_std": 0.03412319537555176,
      "test_bal_acc_mean": 0.38666666666666666,
      "test_bal_acc_std": 0.03412319537555176,
      "test_f1_mean": 0.3097182987318227,
      "test_f1_std": 0.04356216614570743,
      "test_kappa_mean": 0.07999999999999999,
      "test_kappa_std": 0.05118479306332762,
      "confusion_matrix": [
        [
          35.33333333333333,
          60.0,
          4.666666666666667
        ],
        [
          20.333333333333336,
          78.99999999999999,
          0.6666666666666667
        ],
        [
          9.999999999999998,
          88.33333333333331,
          1.6666666666666667
        ]
      ]
    },
    {
      "participant": "3230",
      "n_seeds": 20,
      "test_acc_mean": 0.34444444444444444,
      "test_acc_std": 0.05072572735017881,
      "test_bal_acc_mean": 0.34444444444444444,
      "test_bal_acc_std": 0.05072572735017881,
      "test_f1_mean": 0.31058810058066977,
      "test_f1_std": 0.056954260781923775,
      "test_kappa_mean": 0.016666666666666642,
      "test_kappa_std": 0.07608859102526824,
      "confusion_matrix": [
        [
          55.33333333333333,
          44.333333333333336,
          0.33333333333333337
        ],
        [
          59.666666666666664,
          38.99999999999999,
          1.3333333333333335
        ],
        [
          12.666666666666668,
          78.33333333333334,
          9.0
        ]
      ]
    },
    {
      "participant": "3231",
      "n_seeds": 20,
      "test_acc_mean": 0.3711111111111112,
      "test_acc_std": 0.02801651791628193,
      "test_bal_acc_mean": 0.3711111111111112,
      "test_bal_acc_std": 0.02801651791628193,
      "test_f1_mean": 0.3211174406640628,
      "test_f1_std": 0.02788388363291352,
      "test_kappa_mean": 0.05666666666666664,
      "test_kappa_std": 0.042024776874422895,
      "confusion_matrix": [
        [
          31.0,
          10.333333333333332,
          58.66666666666667
        ],
        [
          33.666666666666664,
          8.333333333333332,
          58.0
        ],
        [
          20.0,
          7.999999999999998,
          71.99999999999999
        ]
      ]
    },
    {
      "participant": "3232",
      "n_seeds": 20,
      "test_acc_mean": 0.2722222222222222,
      "test_acc_std": 0.06681270554192786,
      "test_bal_acc_mean": 0.2722222222222222,
      "test_bal_acc_std": 0.06681270554192786,
      "test_f1_mean": 0.2638448183968759,
      "test_f1_std": 0.06661794322543967,
      "test_kappa_mean": -0.0916666666666667,
      "test_kappa_std": 0.10021905831289181,
      "confusion_matrix": [
        [
          29.0,
          34.00000000000001,
          36.99999999999999
        ],
        [
          31.333333333333336,
          36.33333333333333,
          32.33333333333333
        ],
        [
          36.33333333333333,
          47.33333333333333,
          16.333333333333336
        ]
      ]
    },
    {
      "participant": "3233",
      "n_seeds": 20,
      "test_acc_mean": 0.32888888888888884,
      "test_acc_std": 0.026588579627383063,
      "test_bal_acc_mean": 0.32888888888888884,
      "test_bal_acc_std": 0.026588579627383046,
      "test_f1_mean": 0.2391846327024923,
      "test_f1_std": 0.036397231296259686,
      "test_kappa_mean": -0.006666666666666665,
      "test_kappa_std": 0.03988286944107458,
      "confusion_matrix": [
        [
          83.33333333333336,
          7.333333333333334,
          9.333333333333332
        ],
        [
          72.33333333333334,
          11.333333333333334,
          16.333333333333336
        ],
        [
          89.33333333333334,
          6.666666666666667,
          4.0
        ]
      ]
    },
    {
      "participant": "3234",
      "n_seeds": 20,
      "test_acc_mean": 0.36333333333333334,
      "test_acc_std": 0.03695702859150328,
      "test_bal_acc_mean": 0.36333333333333334,
      "test_bal_acc_std": 0.03695702859150327,
      "test_f1_mean": 0.29478294504554886,
      "test_f1_std": 0.028875070939799553,
      "test_kappa_mean": 0.04499999999999998,
      "test_kappa_std": 0.05543554288725492,
      "confusion_matrix": [
        [
          0.0,
          68.33333333333334,
          31.666666666666668
        ],
        [
          5.666666666666667,
          47.33333333333332,
          47.000000000000014
        ],
        [
          0.0,
          38.33333333333333,
          61.66666666666667
        ]
      ]
    },
    {
      "participant": "3235",
      "n_seeds": 20,
      "test_acc_mean": 0.3777777777777779,
      "test_acc_std": 0.03058876451607491,
      "test_bal_acc_mean": 0.3777777777777779,
      "test_bal_acc_std": 0.030588764516074896,
      "test_f1_mean": 0.31520760553206173,
      "test_f1_std": 0.03681142058251044,
      "test_kappa_mean": 0.06666666666666667,
      "test_kappa_std": 0.04588314677411235,
      "confusion_matrix": [
        [
          92.33333333333333,
          4.666666666666667,
          3.0
        ],
        [
          6.000000000000001,
          17.333333333333336,
          76.66666666666666
        ],
        [
          95.99999999999999,
          0.33333333333333337,
          3.666666666666667
        ]
      ]
    },
    {
      "participant": "3236",
      "n_seeds": 20,
      "test_acc_mean": 0.4666666666666667,
      "test_acc_std": 0.040785019354766534,
      "test_bal_acc_mean": 0.4666666666666667,
      "test_bal_acc_std": 0.04078501935476654,
      "test_f1_mean": 0.43899635911763896,
      "test_f1_std": 0.05654498316872033,
      "test_kappa_mean": 0.2,
      "test_kappa_std": 0.06117752903214981,
      "confusion_matrix": [
        [
          23.333333333333332,
          45.33333333333333,
          31.333333333333336
        ],
        [
          14.666666666666666,
          43.000000000000014,
          42.333333333333336
        ],
        [
          5.0,
          21.333333333333332,
          73.66666666666667
        ]
      ]
    },
    {
      "participant": "3237",
      "n_seeds": 20,
      "test_acc_mean": 0.22666666666666666,
      "test_acc_std": 0.013679711361135386,
      "test_bal_acc_mean": 0.22666666666666666,
      "test_bal_acc_std": 0.013679711361135391,
      "test_f1_mean": 0.12716864663405542,
      "test_f1_std": 0.006237851962233692,
      "test_kappa_mean": -0.16,
      "test_kappa_std": 0.020519567041703112,
      "confusion_matrix": [
        [
          68.0,
          32.0,
          0.0
        ],
        [
          100.0,
          0.0,
          0.0
        ],
        [
          88.33333333333333,
          11.666666666666666,
          0.0
        ]
      ]
    },
    {
      "participant": "3238",
      "n_seeds": 20,
      "test_acc_mean": 0.39111111111111113,
      "test_acc_std": 0.03487655758537313,
      "test_bal_acc_mean": 0.39111111111111113,
      "test_bal_acc_std": 0.03487655758537312,
      "test_f1_mean": 0.28080140008006926,
      "test_f1_std": 0.059988102218338286,
      "test_kappa_mean": 0.08666666666666664,
      "test_kappa_std": 0.052314836378059684,
      "confusion_matrix": [
        [
          98.66666666666666,
          0.0,
          1.3333333333333335
        ],
        [
          84.33333333333331,
          8.0,
          7.666666666666666
        ],
        [
          87.66666666666667,
          1.6666666666666667,
          10.666666666666666
        ]
      ]
    },
    {
      "participant": "3239",
      "n_seeds": 20,
      "test_acc_mean": 0.48048780487804876,
      "test_acc_std": 0.05314257713446857,
      "test_bal_acc_mean": 0.5101010101010102,
      "test_bal_acc_std": 0.0483939427783641,
      "test_f1_mean": 0.4619731531490318,
      "test_f1_std": 0.07011609701251834,
      "test_kappa_mean": 0.25410381546706035,
      "test_kappa_std": 0.07060981326323335,
      "confusion_matrix": [
        [
          48.333333333333336,
          0.6666666666666667,
          50.99999999999999
        ],
        [
          13.999999999999996,
          23.333333333333332,
          62.66666666666667
        ],
        [
          18.63636363636364,
          0.0,
          81.36363636363635
        ]
      ]
    },
    {
      "participant": "3240",
      "n_seeds": 20,
      "test_acc_mean": 0.3633333333333334,
      "test_acc_std": 0.02724041640467222,
      "test_bal_acc_mean": 0.3633333333333334,
      "test_bal_acc_std": 0.027240416404672216,
      "test_f1_mean": 0.23270686645393912,
      "test_f1_std": 0.040494828303897494,
      "test_kappa_mean": 0.045,
      "test_kappa_std": 0.04086062460700832,
      "confusion_matrix": [
        [
          2.0,
          40.0,
          58.000000000000014
        ],
        [
          0.0,
          7.000000000000002,
          92.99999999999999
        ],
        [
          0.0,
          0.0,
          100.0
        ]
      ]
    },
    {
      "participant": "3241",
      "n_seeds": 20,
      "test_acc_mean": 0.3177777777777777,
      "test_acc_std": 0.042102014169645145,
      "test_bal_acc_mean": 0.3177777777777777,
      "test_bal_acc_std": 0.04210201416964514,
      "test_f1_mean": 0.28344953113209465,
      "test_f1_std": 0.05077491445662427,
      "test_kappa_mean": -0.023333333333333355,
      "test_kappa_std": 0.06315302125446776,
      "confusion_matrix": [
        [
          36.99999999999999,
          9.000000000000002,
          54.000000000000014
        ],
        [
          67.66666666666666,
          7.0,
          25.333333333333332
        ],
        [
          48.66666666666666,
          0.0,
          51.333333333333336
        ]
      ]
    },
    {
      "participant": "3242",
      "n_seeds": 20,
      "test_acc_mean": 0.41222222222222227,
      "test_acc_std": 0.03181738014061411,
      "test_bal_acc_mean": 0.41222222222222227,
      "test_bal_acc_std": 0.03181738014061411,
      "test_f1_mean": 0.3903803788576931,
      "test_f1_std": 0.020780862260527444,
      "test_kappa_mean": 0.11833333333333332,
      "test_kappa_std": 0.04772607021092116,
      "confusion_matrix": [
        [
          58.0,
          0.33333333333333337,
          41.666666666666664
        ],
        [
          1.0,
          1.6666666666666667,
          97.33333333333331
        ],
        [
          0.0,
          36.0,
          64.0
        ]
      ]
    },
    {
      "participant": "3243",
      "n_seeds": 20,
      "test_acc_mean": 0.3588888888888889,
      "test_acc_std": 0.05503852983212644,
      "test_bal_acc_mean": 0.35888888888888887,
      "test_bal_acc_std": 0.05503852983212641,
      "test_f1_mean": 0.2835003417388123,
      "test_f1_std": 0.05335772500502756,
      "test_kappa_mean": 0.03833333333333331,
      "test_kappa_std": 0.08255779474818964,
      "confusion_matrix": [
        [
          0.0,
          100.0,
          0.0
        ],
        [
          0.0,
          71.66666666666669,
          28.333333333333332
        ],
        [
          1.3333333333333335,
          62.666666666666664,
          36.0
        ]
      ]
    },
    {
      "participant": "3244",
      "n_seeds": 20,
      "test_acc_mean": 0.34444444444444444,
      "test_acc_std": 0.06548663241716687,
      "test_bal_acc_mean": 0.34444444444444444,
      "test_bal_acc_std": 0.06548663241716686,
      "test_f1_mean": 0.31685559330515156,
      "test_f1_std": 0.06342567438050031,
      "test_kappa_mean": 0.01666666666666663,
      "test_kappa_std": 0.09822994862575031,
      "confusion_matrix": [
        [
          20.333333333333336,
          55.0,
          24.666666666666668
        ],
        [
          25.666666666666668,
          18.666666666666664,
          55.666666666666664
        ],
        [
          17.0,
          18.666666666666664,
          64.33333333333334
        ]
      ]
    },
    {
      "participant": "3245",
      "n_seeds": 20,
      "test_acc_mean": 0.3366666666666667,
      "test_acc_std": 0.051627193624169364,
      "test_bal_acc_mean": 0.3366666666666667,
      "test_bal_acc_std": 0.05162719362416936,
      "test_f1_mean": 0.28609913731342035,
      "test_f1_std": 0.044428500782774175,
      "test_kappa_mean": 0.0049999999999999715,
      "test_kappa_std": 0.07744079043625404,
      "confusion_matrix": [
        [
          73.66666666666666,
          23.999999999999996,
          2.333333333333333
        ],
        [
          42.66666666666666,
          11.333333333333332,
          46.00000000000001
        ],
        [
          57.0,
          27.0,
          16.0
        ]
      ]
    },
    {
      "participant": "3246",
      "n_seeds": 20,
      "test_acc_mean": 0.33111111111111113,
      "test_acc_std": 0.037393991379539145,
      "test_bal_acc_mean": 0.33111111111111113,
      "test_bal_acc_std": 0.03739399137953913,
      "test_f1_mean": 0.30033139175280865,
      "test_f1_std": 0.03651833257766227,
      "test_kappa_mean": -0.003333333333333366,
      "test_kappa_std": 0.056090987069308706,
      "confusion_matrix": [
        [
          45.66666666666667,
          12.66666666666667,
          41.66666666666667
        ],
        [
          0.0,
          1.6666666666666667,
          98.33333333333333
        ],
        [
          28.666666666666657,
          19.333333333333332,
          52.0
        ]
      ]
    },
    {
      "participant": "3247",
      "n_seeds": 20,
      "test_acc_mean": 0.44000000000000006,
      "test_acc_std": 0.04361804801983268,
      "test_bal_acc_mean": 0.44000000000000006,
      "test_bal_acc_std": 0.043618048019832684,
      "test_f1_mean": 0.38962557658516245,
      "test_f1_std": 0.047502737226196405,
      "test_kappa_mean": 0.15999999999999998,
      "test_kappa_std": 0.06542707202974901,
      "confusion_matrix": [
        [
          52.0,
          47.00000000000001,
          1.0
        ],
        [
          9.666666666666668,
          73.33333333333333,
          17.000000000000004
        ],
        [
          21.333333333333336,
          71.99999999999999,
          6.666666666666667
        ]
      ]
    },
    {
      "participant": "3248",
      "n_seeds": 20,
      "test_acc_mean": 0.3555555555555555,
      "test_acc_std": 0.027923593886113034,
      "test_bal_acc_mean": 0.35555555555555546,
      "test_bal_acc_std": 0.027923593886113034,
      "test_f1_mean": 0.2513177292334129,
      "test_f1_std": 0.03874768246190468,
      "test_kappa_mean": 0.0333333333333333,
      "test_kappa_std": 0.04188539082916958,
      "confusion_matrix": [
        [
          88.66666666666667,
          1.3333333333333335,
          9.999999999999998
        ],
        [
          99.66666666666666,
          0.33333333333333337,
          0.0
        ],
        [
          82.33333333333333,
          0.0,
          17.666666666666664
        ]
      ]
    },
    {
      "participant": "3249",
      "n_seeds": 20,
      "test_acc_mean": 0.2577777777777778,
      "test_acc_std": 0.05785869277891154,
      "test_bal_acc_mean": 0.2577777777777778,
      "test_bal_acc_std": 0.057858692778911536,
      "test_f1_mean": 0.19877149290933868,
      "test_f1_std": 0.05122415691629501,
      "test_kappa_mean": -0.11333333333333336,
      "test_kappa_std": 0.08678803916836729,
      "confusion_matrix": [
        [
          48.0,
          51.666666666666664,
          0.33333333333333337
        ],
        [
          69.33333333333334,
          29.333333333333325,
          1.3333333333333335
        ],
        [
          65.66666666666666,
          34.33333333333333,
          0.0
        ]
      ]
    },
    {
      "participant": "3250",
      "n_seeds": 20,
      "test_acc_mean": 0.27222222222222225,
      "test_acc_std": 0.06362454849262342,
      "test_bal_acc_mean": 0.27222222222222225,
      "test_bal_acc_std": 0.0636245484926234,
      "test_f1_mean": 0.26516204945168076,
      "test_f1_std": 0.06598558698743569,
      "test_kappa_mean": -0.09166666666666669,
      "test_kappa_std": 0.09543682273893511,
      "confusion_matrix": [
        [
          15.666666666666668,
          64.0,
          20.333333333333336
        ],
        [
          24.999999999999996,
          33.33333333333333,
          41.66666666666667
        ],
        [
          6.0,
          61.333333333333336,
          32.666666666666664
        ]
      ]
    }
  ],
  "selected_features": [
    "head_rotation_rad_min",
    "head_rotation_rad_p25",
    "head_rotation_rad_p75",
    "head_tx_median",
    "head_ty_min",
    "head_ty_max",
    "head_ty_rms",
    "head_ty_p75",
    "head_scalex_min",
    "head_scalex_p75",
    "head_scaley_min",
    "head_scaley_max",
    "head_scaley_p75",
    "head_scaley_autocorr1",
    "head_motion_mag_min",
    "head_motion_mag_rms",
    "head_motion_mag_p75",
    "head_motion_mag_autocorr1",
    "blink_aperture_max",
    "blink_aperture_std",
    "blink_aperture_p25",
    "blink_aperture_p75",
    "mouth_aperture_min",
    "mouth_aperture_max",
    "mouth_aperture_autocorr1",
    "pupil_dy_max",
    "pupil_metric_std",
    "head_rotation_rad_vel_max",
    "head_rotation_rad_vel_median",
    "head_rotation_rad_acc_median",
    "head_rotation_rad_acc_p75",
    "head_ty_vel_median",
    "head_ty_vel_autocorr1",
    "head_scaley_vel_autocorr1",
    "head_scaley_acc_autocorr1",
    "head_motion_mag_vel_autocorr1",
    "blink_aperture_vel_min",
    "blink_aperture_vel_max",
    "blink_aperture_vel_median",
    "blink_aperture_acc_p75",
    "mouth_aperture_vel_min",
    "mouth_aperture_acc_median",
    "pupil_dx_acc_p75",
    "pupil_dy_acc_p75",
    "pupil_metric_acc_p75",
    "pupil_metric_acc_autocorr1"
  ],
  "n_participants": 45,
  "n_seeds": 20,
  "n_features": 46,
  "timestamp": "2025-10-18T14:04:35.170908"
}