{
  "name": "all_modalities",
  "config": {
    "n_seeds": 20,
    "feature_selection": "backward",
    "use_pose_derivatives": true,
    "use_time_features": false,
    "include_order": false,
    "normalize_features": true,
    "class_config": "all",
    "use_pca": false,
    "pca_variance": 0.9,
    "write_cm": true,
    "tune_hyperparameters": false,
    "tune_n_iter": 30,
    "tune_cv_folds": 5,
    "name": "all_modalities",
    "feature_groups": [
      "pose",
      "performance",
      "eye_tracking",
      "gsr",
      "ecg"
    ],
    "split_strategy": "participant_specific",
    "sampling_strategy": "temporal_stratified"
  },
  "sampling_strategy": "temporal_stratified",
  "n_seeds": 20,
  "learning_curve": [
    {
      "aggregated": {
        "train_size": 2,
        "n_participants": 36,
        "n_seeds": 20,
        "test_acc_mean": 0.5921922360620497,
        "test_acc_std": 0.09427609830920665,
        "test_bal_acc_mean": 0.5896266233766233,
        "test_bal_acc_std": 0.09364027536976408,
        "test_f1_mean": 0.5538003757674194,
        "test_f1_std": 0.10902872122556337,
        "test_kappa_mean": 0.38431275688897404,
        "test_kappa_std": 0.13906916324216867,
        "confusion_matrix": [
          [
            59.98421717171717,
            24.04356060606061,
            15.972222222222221
          ],
          [
            16.417999438832773,
            64.61945847362512,
            18.962542087542083
          ],
          [
            18.600218454385118,
            29.115470177970174,
            52.28431136764469
          ]
        ]
      },
      "per_participant": [
        {
          "participant": "3208",
          "train_size": 2,
          "n_seeds": 20,
          "n_train_samples_mean": 6.0,
          "n_test_samples_mean": 36.0,
          "test_acc_mean": 0.5208333333333334,
          "test_acc_std": 0.10231045962875787,
          "test_bal_acc_mean": 0.5208333333333334,
          "test_bal_acc_std": 0.10231045962875786,
          "test_f1_mean": 0.4880752784652621,
          "test_f1_std": 0.1246333805819619,
          "test_kappa_mean": 0.28125000000000006,
          "test_kappa_std": 0.1534656894431368,
          "confusion_matrix": [
            [
              47.91666666666666,
              39.166666666666664,
              12.916666666666668
            ],
            [
              18.333333333333336,
              58.750000000000014,
              22.916666666666668
            ],
            [
              12.083333333333332,
              38.33333333333333,
              49.583333333333336
            ]
          ]
        },
        {
          "participant": "3209",
          "train_size": 2,
          "n_seeds": 20,
          "n_train_samples_mean": 6.0,
          "n_test_samples_mean": 35.0,
          "test_acc_mean": 0.5671428571428572,
          "test_acc_std": 0.1382023610095515,
          "test_bal_acc_mean": 0.5560606060606059,
          "test_bal_acc_std": 0.13893020505764558,
          "test_f1_mean": 0.4956943422620931,
          "test_f1_std": 0.17503785063752114,
          "test_kappa_mean": 0.3423684364640128,
          "test_kappa_std": 0.21103255751743655,
          "confusion_matrix": [
            [
              90.00000000000001,
              10.0,
              0.0
            ],
            [
              40.0,
              60.0,
              0.0
            ],
            [
              55.9090909090909,
              27.272727272727273,
              16.81818181818182
            ]
          ]
        },
        {
          "participant": "3214",
          "train_size": 2,
          "n_seeds": 20,
          "n_train_samples_mean": 6.0,
          "n_test_samples_mean": 36.0,
          "test_acc_mean": 0.5111111111111113,
          "test_acc_std": 0.08848592873528281,
          "test_bal_acc_mean": 0.5111111111111112,
          "test_bal_acc_std": 0.08848592873528283,
          "test_f1_mean": 0.4930586111335442,
          "test_f1_std": 0.09402355974950909,
          "test_kappa_mean": 0.26666666666666666,
          "test_kappa_std": 0.1327288931029242,
          "confusion_matrix": [
            [
              57.916666666666664,
              30.416666666666664,
              11.666666666666666
            ],
            [
              5.833333333333333,
              55.833333333333336,
              38.33333333333333
            ],
            [
              0.8333333333333333,
              59.58333333333333,
              39.58333333333333
            ]
          ]
        },
        {
          "participant": "3215",
          "train_size": 2,
          "n_seeds": 20,
          "n_train_samples_mean": 6.0,
          "n_test_samples_mean": 36.0,
          "test_acc_mean": 0.4916666666666666,
          "test_acc_std": 0.09752459245673961,
          "test_bal_acc_mean": 0.4916666666666666,
          "test_bal_acc_std": 0.09752459245673961,
          "test_f1_mean": 0.41574760919562764,
          "test_f1_std": 0.11305309058250003,
          "test_kappa_mean": 0.2375,
          "test_kappa_std": 0.14628688868510942,
          "confusion_matrix": [
            [
              80.41666666666667,
              7.083333333333333,
              12.5
            ],
            [
              45.0,
              12.916666666666666,
              42.083333333333336
            ],
            [
              32.91666666666667,
              12.916666666666666,
              54.166666666666664
            ]
          ]
        },
        {
          "participant": "3216",
          "train_size": 2,
          "n_seeds": 20,
          "n_train_samples_mean": 6.0,
          "n_test_samples_mean": 34.0,
          "test_acc_mean": 0.6044117647058823,
          "test_acc_std": 0.09076607929713788,
          "test_bal_acc_mean": 0.5894444444444444,
          "test_bal_acc_std": 0.0973311837194869,
          "test_f1_mean": 0.5635037755659237,
          "test_f1_std": 0.11939375075509616,
          "test_kappa_mean": 0.39727882315206065,
          "test_kappa_std": 0.14271344977861278,
          "confusion_matrix": [
            [
              75.83333333333334,
              19.583333333333332,
              4.583333333333333
            ],
            [
              15.0,
              67.5,
              17.5
            ],
            [
              28.5,
              38.0,
              33.5
            ]
          ]
        },
        {
          "participant": "3217",
          "train_size": 2,
          "n_seeds": 20,
          "n_train_samples_mean": 6.0,
          "n_test_samples_mean": 36.0,
          "test_acc_mean": 0.5944444444444443,
          "test_acc_std": 0.10640623665688108,
          "test_bal_acc_mean": 0.5944444444444443,
          "test_bal_acc_std": 0.10640623665688105,
          "test_f1_mean": 0.5648055665704598,
          "test_f1_std": 0.1254707229398238,
          "test_kappa_mean": 0.3916666666666666,
          "test_kappa_std": 0.15960935498532158,
          "confusion_matrix": [
            [
              52.5,
              41.66666666666667,
              5.833333333333332
            ],
            [
              17.916666666666668,
              78.75,
              3.333333333333333
            ],
            [
              7.5,
              45.41666666666667,
              47.08333333333333
            ]
          ]
        },
        {
          "participant": "3218",
          "train_size": 2,
          "n_seeds": 20,
          "n_train_samples_mean": 6.0,
          "n_test_samples_mean": 36.0,
          "test_acc_mean": 0.7041666666666666,
          "test_acc_std": 0.11656045011715582,
          "test_bal_acc_mean": 0.7041666666666666,
          "test_bal_acc_std": 0.11656045011715582,
          "test_f1_mean": 0.6831217564043144,
          "test_f1_std": 0.1302296287814538,
          "test_kappa_mean": 0.5562500000000001,
          "test_kappa_std": 0.17484067517573373,
          "confusion_matrix": [
            [
              91.66666666666666,
              8.333333333333332,
              0.0
            ],
            [
              27.916666666666664,
              58.33333333333333,
              13.75
            ],
            [
              10.416666666666666,
              28.333333333333332,
              61.25
            ]
          ]
        },
        {
          "participant": "3219",
          "train_size": 2,
          "n_seeds": 20,
          "n_train_samples_mean": 6.0,
          "n_test_samples_mean": 29.0,
          "test_acc_mean": 0.6051724137931036,
          "test_acc_std": 0.1040364404908053,
          "test_bal_acc_mean": 0.5673160173160173,
          "test_bal_acc_std": 0.1054553292442236,
          "test_f1_mean": 0.5653887952502712,
          "test_f1_std": 0.1272577392880271,
          "test_kappa_mean": 0.37919897553678367,
          "test_kappa_std": 0.16663411771554829,
          "confusion_matrix": [
            [
              71.36363636363635,
              25.000000000000004,
              3.6363636363636367
            ],
            [
              21.81818181818182,
              69.54545454545455,
              8.636363636363637
            ],
            [
              26.428571428571423,
              44.285714285714285,
              29.285714285714285
            ]
          ]
        },
        {
          "participant": "3220",
          "train_size": 2,
          "n_seeds": 20,
          "n_train_samples_mean": 6.0,
          "n_test_samples_mean": 36.0,
          "test_acc_mean": 0.6000000000000001,
          "test_acc_std": 0.12171612389003691,
          "test_bal_acc_mean": 0.6,
          "test_bal_acc_std": 0.12171612389003691,
          "test_f1_mean": 0.5509265343164992,
          "test_f1_std": 0.1599581213935774,
          "test_kappa_mean": 0.4,
          "test_kappa_std": 0.18257418583505539,
          "confusion_matrix": [
            [
              35.000000000000014,
              60.833333333333336,
              4.166666666666666
            ],
            [
              4.166666666666666,
              92.91666666666666,
              2.9166666666666665
            ],
            [
              13.75,
              34.16666666666667,
              52.08333333333333
            ]
          ]
        },
        {
          "participant": "3221",
          "train_size": 2,
          "n_seeds": 20,
          "n_train_samples_mean": 6.0,
          "n_test_samples_mean": 36.0,
          "test_acc_mean": 0.5111111111111112,
          "test_acc_std": 0.1009216784699164,
          "test_bal_acc_mean": 0.5111111111111112,
          "test_bal_acc_std": 0.10092167846991637,
          "test_f1_mean": 0.4569950775813374,
          "test_f1_std": 0.13457929763129192,
          "test_kappa_mean": 0.26666666666666666,
          "test_kappa_std": 0.15138251770487457,
          "confusion_matrix": [
            [
              41.666666666666664,
              53.33333333333333,
              4.999999999999998
            ],
            [
              15.416666666666666,
              80.83333333333334,
              3.749999999999999
            ],
            [
              25.833333333333332,
              43.33333333333333,
              30.833333333333332
            ]
          ]
        },
        {
          "participant": "3223",
          "train_size": 2,
          "n_seeds": 20,
          "n_train_samples_mean": 6.0,
          "n_test_samples_mean": 36.0,
          "test_acc_mean": 0.47916666666666663,
          "test_acc_std": 0.08961463594725148,
          "test_bal_acc_mean": 0.47916666666666663,
          "test_bal_acc_std": 0.08961463594725147,
          "test_f1_mean": 0.42721501543710216,
          "test_f1_std": 0.12420784015763164,
          "test_kappa_mean": 0.21875,
          "test_kappa_std": 0.1344219539208772,
          "confusion_matrix": [
            [
              36.66666666666666,
              15.833333333333334,
              47.49999999999999
            ],
            [
              10.833333333333332,
              74.99999999999999,
              14.166666666666668
            ],
            [
              10.416666666666666,
              57.5,
              32.08333333333333
            ]
          ]
        },
        {
          "participant": "3224",
          "train_size": 2,
          "n_seeds": 20,
          "n_train_samples_mean": 6.0,
          "n_test_samples_mean": 21.0,
          "test_acc_mean": 0.6738095238095239,
          "test_acc_std": 0.1912733943797241,
          "test_bal_acc_mean": 0.6715488215488216,
          "test_bal_acc_std": 0.14782751296574834,
          "test_f1_mean": 0.6854823204597928,
          "test_f1_std": 0.18499329252446015,
          "test_kappa_mean": 0.504665748331817,
          "test_kappa_std": 0.19993380983270007,
          "confusion_matrix": [
            [
              65.0,
              5.0,
              30.0
            ],
            [
              23.636363636363633,
              60.909090909090914,
              15.454545454545453
            ],
            [
              16.111111111111107,
              8.333333333333332,
              75.55555555555557
            ]
          ]
        },
        {
          "participant": "3225",
          "train_size": 2,
          "n_seeds": 20,
          "n_train_samples_mean": 6.0,
          "n_test_samples_mean": 36.0,
          "test_acc_mean": 0.4666666666666666,
          "test_acc_std": 0.1197653108984688,
          "test_bal_acc_mean": 0.4666666666666666,
          "test_bal_acc_std": 0.11976531089846879,
          "test_f1_mean": 0.4522762575313376,
          "test_f1_std": 0.1272404033760312,
          "test_kappa_mean": 0.2,
          "test_kappa_std": 0.1796479663477032,
          "confusion_matrix": [
            [
              65.83333333333333,
              32.49999999999999,
              1.6666666666666665
            ],
            [
              18.75,
              39.99999999999999,
              41.24999999999999
            ],
            [
              0.0,
              65.83333333333331,
              34.16666666666666
            ]
          ]
        },
        {
          "participant": "3226",
          "train_size": 2,
          "n_seeds": 20,
          "n_train_samples_mean": 6.0,
          "n_test_samples_mean": 36.0,
          "test_acc_mean": 0.5847222222222223,
          "test_acc_std": 0.09255725446514744,
          "test_bal_acc_mean": 0.5847222222222223,
          "test_bal_acc_std": 0.09255725446514743,
          "test_f1_mean": 0.5524729915990324,
          "test_f1_std": 0.11587495307706837,
          "test_kappa_mean": 0.3770833333333333,
          "test_kappa_std": 0.13883588169772115,
          "confusion_matrix": [
            [
              71.66666666666666,
              15.000000000000004,
              13.333333333333334
            ],
            [
              24.583333333333332,
              52.91666666666667,
              22.5
            ],
            [
              13.75,
              35.416666666666664,
              50.83333333333335
            ]
          ]
        },
        {
          "participant": "3227",
          "train_size": 2,
          "n_seeds": 20,
          "n_train_samples_mean": 6.0,
          "n_test_samples_mean": 36.0,
          "test_acc_mean": 0.5416666666666666,
          "test_acc_std": 0.08807190340250896,
          "test_bal_acc_mean": 0.5416666666666666,
          "test_bal_acc_std": 0.08807190340250896,
          "test_f1_mean": 0.48163272173108507,
          "test_f1_std": 0.10840154145880954,
          "test_kappa_mean": 0.3125,
          "test_kappa_std": 0.13210785510376347,
          "confusion_matrix": [
            [
              34.16666666666667,
              60.416666666666664,
              5.416666666666666
            ],
            [
              9.583333333333332,
              39.58333333333333,
              50.83333333333333
            ],
            [
              0.41666666666666663,
              10.833333333333332,
              88.75
            ]
          ]
        },
        {
          "participant": "3228",
          "train_size": 2,
          "n_seeds": 20,
          "n_train_samples_mean": 6.0,
          "n_test_samples_mean": 27.0,
          "test_acc_mean": 0.701851851851852,
          "test_acc_std": 0.09797236824592709,
          "test_bal_acc_mean": 0.6763888888888889,
          "test_bal_acc_std": 0.15354670931941203,
          "test_f1_mean": 0.6730802269682938,
          "test_f1_std": 0.1244033269326311,
          "test_kappa_mean": 0.48417937747574663,
          "test_kappa_std": 0.18045761871963018,
          "confusion_matrix": [
            [
              60.0,
              39.99999999999999,
              0.0
            ],
            [
              1.2499999999999998,
              76.25000000000001,
              22.499999999999996
            ],
            [
              1.2499999999999998,
              32.083333333333336,
              66.66666666666667
            ]
          ]
        },
        {
          "participant": "3229",
          "train_size": 2,
          "n_seeds": 20,
          "n_train_samples_mean": 6.0,
          "n_test_samples_mean": 36.0,
          "test_acc_mean": 0.45555555555555555,
          "test_acc_std": 0.07343781322082155,
          "test_bal_acc_mean": 0.45555555555555555,
          "test_bal_acc_std": 0.07343781322082153,
          "test_f1_mean": 0.3846021649644965,
          "test_f1_std": 0.0898491717803508,
          "test_kappa_mean": 0.18333333333333332,
          "test_kappa_std": 0.11015671983123233,
          "confusion_matrix": [
            [
              19.166666666666664,
              24.166666666666668,
              56.666666666666664
            ],
            [
              29.166666666666668,
              30.833333333333332,
              40.000000000000014
            ],
            [
              10.416666666666668,
              2.9166666666666656,
              86.66666666666667
            ]
          ]
        },
        {
          "participant": "3230",
          "train_size": 2,
          "n_seeds": 20,
          "n_train_samples_mean": 6.0,
          "n_test_samples_mean": 36.0,
          "test_acc_mean": 0.576388888888889,
          "test_acc_std": 0.09949311102935818,
          "test_bal_acc_mean": 0.5763888888888887,
          "test_bal_acc_std": 0.09949311102935819,
          "test_f1_mean": 0.5254128630391398,
          "test_f1_std": 0.11411993187395987,
          "test_kappa_mean": 0.36458333333333337,
          "test_kappa_std": 0.14923966654403728,
          "confusion_matrix": [
            [
              32.083333333333336,
              20.833333333333332,
              47.08333333333333
            ],
            [
              23.75,
              71.66666666666667,
              4.583333333333332
            ],
            [
              22.916666666666664,
              7.916666666666666,
              69.16666666666667
            ]
          ]
        },
        {
          "participant": "3232",
          "train_size": 2,
          "n_seeds": 20,
          "n_train_samples_mean": 6.0,
          "n_test_samples_mean": 36.0,
          "test_acc_mean": 0.5611111111111111,
          "test_acc_std": 0.09434979777657623,
          "test_bal_acc_mean": 0.5611111111111111,
          "test_bal_acc_std": 0.09434979777657623,
          "test_f1_mean": 0.5247017143884484,
          "test_f1_std": 0.10502083624864406,
          "test_kappa_mean": 0.3416666666666667,
          "test_kappa_std": 0.14152469666486436,
          "confusion_matrix": [
            [
              37.91666666666667,
              20.83333333333333,
              41.24999999999999
            ],
            [
              27.499999999999993,
              45.833333333333336,
              26.666666666666668
            ],
            [
              11.666666666666668,
              3.7499999999999987,
              84.58333333333334
            ]
          ]
        },
        {
          "participant": "3233",
          "train_size": 2,
          "n_seeds": 20,
          "n_train_samples_mean": 6.0,
          "n_test_samples_mean": 36.0,
          "test_acc_mean": 0.6555555555555557,
          "test_acc_std": 0.15225188595589878,
          "test_bal_acc_mean": 0.6555555555555556,
          "test_bal_acc_std": 0.15225188595589875,
          "test_f1_mean": 0.6234671528564238,
          "test_f1_std": 0.18919332151494556,
          "test_kappa_mean": 0.4833333333333333,
          "test_kappa_std": 0.22837782893384814,
          "confusion_matrix": [
            [
              51.25,
              25.833333333333325,
              22.916666666666664
            ],
            [
              7.5,
              86.24999999999999,
              6.249999999999998
            ],
            [
              4.583333333333334,
              36.24999999999999,
              59.166666666666664
            ]
          ]
        },
        {
          "participant": "3234",
          "train_size": 2,
          "n_seeds": 20,
          "n_train_samples_mean": 6.0,
          "n_test_samples_mean": 36.0,
          "test_acc_mean": 0.35972222222222217,
          "test_acc_std": 0.07672374771404125,
          "test_bal_acc_mean": 0.35972222222222217,
          "test_bal_acc_std": 0.07672374771404125,
          "test_f1_mean": 0.27102472203730255,
          "test_f1_std": 0.10039219667518502,
          "test_kappa_mean": 0.03958333333333331,
          "test_kappa_std": 0.11508562157106186,
          "confusion_matrix": [
            [
              79.58333333333333,
              0.0,
              20.416666666666664
            ],
            [
              45.83333333333333,
              7.083333333333334,
              47.08333333333333
            ],
            [
              78.33333333333334,
              0.41666666666666663,
              21.250000000000004
            ]
          ]
        },
        {
          "participant": "3235",
          "train_size": 2,
          "n_seeds": 20,
          "n_train_samples_mean": 6.0,
          "n_test_samples_mean": 35.0,
          "test_acc_mean": 0.6842857142857142,
          "test_acc_std": 0.07614503657533483,
          "test_bal_acc_mean": 0.6837121212121212,
          "test_bal_acc_std": 0.07690027354274315,
          "test_f1_mean": 0.6501835000884009,
          "test_f1_std": 0.1001843790371003,
          "test_kappa_mean": 0.5254840829835548,
          "test_kappa_std": 0.1146288861041032,
          "confusion_matrix": [
            [
              66.36363636363636,
              27.272727272727273,
              6.363636363636364
            ],
            [
              0.41666666666666663,
              99.58333333333333,
              0.0
            ],
            [
              22.916666666666664,
              37.91666666666667,
              39.16666666666667
            ]
          ]
        },
        {
          "participant": "3236",
          "train_size": 2,
          "n_seeds": 20,
          "n_train_samples_mean": 6.0,
          "n_test_samples_mean": 28.0,
          "test_acc_mean": 0.6660714285714284,
          "test_acc_std": 0.12001331379776914,
          "test_bal_acc_mean": 0.673611111111111,
          "test_bal_acc_std": 0.08778323693143152,
          "test_f1_mean": 0.6717259231211232,
          "test_f1_std": 0.10923051017267606,
          "test_kappa_mean": 0.49911168102115405,
          "test_kappa_std": 0.13606265786647012,
          "confusion_matrix": [
            [
              65.0,
              22.083333333333332,
              12.916666666666666
            ],
            [
              0.0,
              70.0,
              30.0
            ],
            [
              10.0,
              22.916666666666668,
              67.08333333333334
            ]
          ]
        },
        {
          "participant": "3237",
          "train_size": 2,
          "n_seeds": 20,
          "n_train_samples_mean": 6.0,
          "n_test_samples_mean": 33.0,
          "test_acc_mean": 0.6606060606060605,
          "test_acc_std": 0.09096223858443418,
          "test_bal_acc_mean": 0.6703703703703703,
          "test_bal_acc_std": 0.09275813661434491,
          "test_f1_mean": 0.6387725025935944,
          "test_f1_std": 0.10158227698549081,
          "test_kappa_mean": 0.4883084771133529,
          "test_kappa_std": 0.13625012961946312,
          "confusion_matrix": [
            [
              44.16666666666667,
              15.416666666666666,
              40.416666666666664
            ],
            [
              12.222222222222221,
              77.7777777777778,
              10.0
            ],
            [
              12.5,
              8.333333333333332,
              79.16666666666666
            ]
          ]
        },
        {
          "participant": "3238",
          "train_size": 2,
          "n_seeds": 20,
          "n_train_samples_mean": 6.0,
          "n_test_samples_mean": 36.0,
          "test_acc_mean": 0.49444444444444435,
          "test_acc_std": 0.0788769449816778,
          "test_bal_acc_mean": 0.49444444444444435,
          "test_bal_acc_std": 0.0788769449816778,
          "test_f1_mean": 0.45617620421449967,
          "test_f1_std": 0.07995147217695114,
          "test_kappa_mean": 0.24166666666666664,
          "test_kappa_std": 0.11831541747251668,
          "confusion_matrix": [
            [
              34.166666666666664,
              34.99999999999999,
              30.833333333333336
            ],
            [
              11.666666666666666,
              37.08333333333333,
              51.249999999999986
            ],
            [
              2.499999999999999,
              20.416666666666664,
              77.08333333333334
            ]
          ]
        },
        {
          "participant": "3239",
          "train_size": 2,
          "n_seeds": 20,
          "n_train_samples_mean": 6.0,
          "n_test_samples_mean": 31.0,
          "test_acc_mean": 0.614516129032258,
          "test_acc_std": 0.1064619020597261,
          "test_bal_acc_mean": 0.6032828282828284,
          "test_bal_acc_std": 0.11271080331445156,
          "test_f1_mean": 0.5843396254200225,
          "test_f1_std": 0.13114731790333248,
          "test_kappa_mean": 0.40951279786576844,
          "test_kappa_std": 0.1678125159182981,
          "confusion_matrix": [
            [
              60.41666666666667,
              19.583333333333332,
              19.999999999999993
            ],
            [
              20.454545454545453,
              71.81818181818181,
              7.727272727272728
            ],
            [
              41.25,
              10.0,
              48.75
            ]
          ]
        },
        {
          "participant": "3240",
          "train_size": 2,
          "n_seeds": 20,
          "n_train_samples_mean": 6.0,
          "n_test_samples_mean": 34.0,
          "test_acc_mean": 0.675,
          "test_acc_std": 0.10386581638241021,
          "test_bal_acc_mean": 0.6728535353535354,
          "test_bal_acc_std": 0.10256470814194249,
          "test_f1_mean": 0.6397706275221073,
          "test_f1_std": 0.13063328082465056,
          "test_kappa_mean": 0.5126955447929571,
          "test_kappa_std": 0.15368338737769532,
          "confusion_matrix": [
            [
              86.36363636363636,
              6.818181818181818,
              6.818181818181818
            ],
            [
              18.33333333333333,
              74.58333333333334,
              7.083333333333333
            ],
            [
              40.90909090909091,
              18.18181818181818,
              40.9090909090909
            ]
          ]
        },
        {
          "participant": "3241",
          "train_size": 2,
          "n_seeds": 20,
          "n_train_samples_mean": 6.0,
          "n_test_samples_mean": 36.0,
          "test_acc_mean": 0.575,
          "test_acc_std": 0.08834813587399938,
          "test_bal_acc_mean": 0.575,
          "test_bal_acc_std": 0.0883481358739994,
          "test_f1_mean": 0.5379520978805795,
          "test_f1_std": 0.11104944834729756,
          "test_kappa_mean": 0.36249999999999993,
          "test_kappa_std": 0.13252220381099905,
          "confusion_matrix": [
            [
              48.33333333333333,
              28.75,
              22.91666666666667
            ],
            [
              31.249999999999993,
              53.333333333333336,
              15.416666666666663
            ],
            [
              20.41666666666666,
              8.75,
              70.83333333333334
            ]
          ]
        },
        {
          "participant": "3242",
          "train_size": 2,
          "n_seeds": 20,
          "n_train_samples_mean": 6.0,
          "n_test_samples_mean": 36.0,
          "test_acc_mean": 0.7958333333333333,
          "test_acc_std": 0.09158688713313082,
          "test_bal_acc_mean": 0.7958333333333332,
          "test_bal_acc_std": 0.09158688713313079,
          "test_f1_mean": 0.7792854679685227,
          "test_f1_std": 0.10956598440808052,
          "test_kappa_mean": 0.6937500000000001,
          "test_kappa_std": 0.1373803306996962,
          "confusion_matrix": [
            [
              87.5,
              12.5,
              0.0
            ],
            [
              18.75,
              66.66666666666666,
              14.583333333333332
            ],
            [
              1.2499999999999998,
              14.166666666666666,
              84.58333333333333
            ]
          ]
        },
        {
          "participant": "3243",
          "train_size": 2,
          "n_seeds": 20,
          "n_train_samples_mean": 6.0,
          "n_test_samples_mean": 35.0,
          "test_acc_mean": 0.7471428571428571,
          "test_acc_std": 0.11018001089711754,
          "test_bal_acc_mean": 0.7521464646464646,
          "test_bal_acc_std": 0.10661696497951707,
          "test_f1_mean": 0.7226519837912504,
          "test_f1_std": 0.13340917941485952,
          "test_kappa_mean": 0.622143772590721,
          "test_kappa_std": 0.16289015878371982,
          "confusion_matrix": [
            [
              92.72727272727272,
              2.2727272727272725,
              5.0
            ],
            [
              10.833333333333332,
              84.58333333333334,
              4.583333333333332
            ],
            [
              15.416666666666666,
              36.24999999999999,
              48.33333333333333
            ]
          ]
        },
        {
          "participant": "3244",
          "train_size": 2,
          "n_seeds": 20,
          "n_train_samples_mean": 6.0,
          "n_test_samples_mean": 36.0,
          "test_acc_mean": 0.6805555555555556,
          "test_acc_std": 0.0857353620549459,
          "test_bal_acc_mean": 0.6805555555555556,
          "test_bal_acc_std": 0.0857353620549459,
          "test_f1_mean": 0.6335742497392602,
          "test_f1_std": 0.1155328474159773,
          "test_kappa_mean": 0.5208333333333333,
          "test_kappa_std": 0.12860304308241882,
          "confusion_matrix": [
            [
              82.08333333333333,
              3.333333333333333,
              14.583333333333334
            ],
            [
              4.999999999999999,
              93.33333333333333,
              1.6666666666666665
            ],
            [
              37.916666666666664,
              33.33333333333333,
              28.75
            ]
          ]
        },
        {
          "participant": "3245",
          "train_size": 2,
          "n_seeds": 20,
          "n_train_samples_mean": 6.0,
          "n_test_samples_mean": 34.0,
          "test_acc_mean": 0.7382352941176471,
          "test_acc_std": 0.11604952503160845,
          "test_bal_acc_mean": 0.7274999999999999,
          "test_bal_acc_std": 0.12035353758447159,
          "test_f1_mean": 0.7105668711116323,
          "test_f1_std": 0.1403283120731633,
          "test_kappa_mean": 0.6016421686673434,
          "test_kappa_std": 0.17900387803155499,
          "confusion_matrix": [
            [
              66.25,
              22.916666666666664,
              10.833333333333332
            ],
            [
              2.499999999999999,
              97.5,
              0.0
            ],
            [
              13.0,
              32.5,
              54.5
            ]
          ]
        },
        {
          "participant": "3246",
          "train_size": 2,
          "n_seeds": 20,
          "n_train_samples_mean": 6.0,
          "n_test_samples_mean": 36.0,
          "test_acc_mean": 0.5000000000000001,
          "test_acc_std": 0.08406114918985409,
          "test_bal_acc_mean": 0.5,
          "test_bal_acc_std": 0.08406114918985409,
          "test_f1_mean": 0.41425365140637355,
          "test_f1_std": 0.09891267725860065,
          "test_kappa_mean": 0.25000000000000006,
          "test_kappa_std": 0.12609172378478115,
          "confusion_matrix": [
            [
              42.49999999999999,
              47.5,
              9.999999999999996
            ],
            [
              1.2499999999999998,
              98.75000000000001,
              0.0
            ],
            [
              24.58333333333333,
              66.66666666666667,
              8.749999999999998
            ]
          ]
        },
        {
          "participant": "3247",
          "train_size": 2,
          "n_seeds": 20,
          "n_train_samples_mean": 6.0,
          "n_test_samples_mean": 36.0,
          "test_acc_mean": 0.5541666666666666,
          "test_acc_std": 0.11522888768102088,
          "test_bal_acc_mean": 0.5541666666666666,
          "test_bal_acc_std": 0.11522888768102088,
          "test_f1_mean": 0.5138823619437641,
          "test_f1_std": 0.14587231841283668,
          "test_kappa_mean": 0.33125,
          "test_kappa_std": 0.17284333152153133,
          "confusion_matrix": [
            [
              53.333333333333336,
              45.83333333333333,
              0.8333333333333333
            ],
            [
              12.083333333333334,
              72.91666666666666,
              15.0
            ],
            [
              8.333333333333332,
              51.66666666666667,
              40.00000000000001
            ]
          ]
        },
        {
          "participant": "3248",
          "train_size": 2,
          "n_seeds": 20,
          "n_train_samples_mean": 6.0,
          "n_test_samples_mean": 35.0,
          "test_acc_mean": 0.6042857142857143,
          "test_acc_std": 0.10498836312171672,
          "test_bal_acc_mean": 0.6059343434343435,
          "test_bal_acc_std": 0.10617912860613986,
          "test_f1_mean": 0.5755857264048033,
          "test_f1_std": 0.12915743702842158,
          "test_kappa_mean": 0.4040860286744593,
          "test_kappa_std": 0.15886307264668395,
          "confusion_matrix": [
            [
              66.36363636363636,
              5.454545454545455,
              28.181818181818176
            ],
            [
              7.916666666666666,
              45.41666666666667,
              46.66666666666667
            ],
            [
              5.416666666666666,
              24.583333333333332,
              69.99999999999999
            ]
          ]
        },
        {
          "participant": "3250",
          "train_size": 2,
          "n_seeds": 20,
          "n_train_samples_mean": 6.0,
          "n_test_samples_mean": 36.0,
          "test_acc_mean": 0.5625000000000001,
          "test_acc_std": 0.09051644116323675,
          "test_bal_acc_mean": 0.5625000000000001,
          "test_bal_acc_std": 0.09051644116323675,
          "test_f1_mean": 0.5294072366633781,
          "test_f1_std": 0.10122096747489809,
          "test_kappa_mean": 0.34375,
          "test_kappa_std": 0.1357746617448551,
          "confusion_matrix": [
            [
              66.25,
              15.0,
              18.75
            ],
            [
              4.583333333333333,
              61.25,
              34.16666666666667
            ],
            [
              29.166666666666668,
              29.583333333333336,
              41.250000000000014
            ]
          ]
        }
      ]
    },
    {
      "aggregated": {
        "train_size": 3,
        "n_participants": 35,
        "n_seeds": 20,
        "test_acc_mean": 0.734144037548473,
        "test_acc_std": 0.13857418854662137,
        "test_bal_acc_mean": 0.7356340273483131,
        "test_bal_acc_std": 0.1401098016990332,
        "test_f1_mean": 0.716710228548086,
        "test_f1_std": 0.1586063794265088,
        "test_kappa_mean": 0.5986666576776902,
        "test_kappa_std": 0.20718551451732717,
        "confusion_matrix": [
          [
            74.33636363636364,
            11.107792207792206,
            14.555844155844156
          ],
          [
            11.07272727272727,
            68.86060606060606,
            20.066666666666666
          ],
          [
            9.665429808286952,
            12.841331684188825,
            77.49323850752421
          ]
        ]
      },
      "per_participant": [
        {
          "participant": "3208",
          "train_size": 3,
          "n_seeds": 20,
          "n_train_samples_mean": 9.0,
          "n_test_samples_mean": 33.0,
          "test_acc_mean": 0.6954545454545455,
          "test_acc_std": 0.04962281003551094,
          "test_bal_acc_mean": 0.6954545454545454,
          "test_bal_acc_std": 0.04962281003551094,
          "test_f1_mean": 0.6782632173852787,
          "test_f1_std": 0.045428454304868526,
          "test_kappa_mean": 0.5431818181818181,
          "test_kappa_std": 0.07443421505326638,
          "confusion_matrix": [
            [
              87.72727272727275,
              12.272727272727275,
              0.0
            ],
            [
              35.90909090909091,
              39.09090909090909,
              25.0
            ],
            [
              4.545454545454545,
              13.636363636363637,
              81.81818181818184
            ]
          ]
        },
        {
          "participant": "3209",
          "train_size": 3,
          "n_seeds": 20,
          "n_train_samples_mean": 9.0,
          "n_test_samples_mean": 32.0,
          "test_acc_mean": 0.6375,
          "test_acc_std": 0.07478038020201486,
          "test_bal_acc_mean": 0.6337878787878788,
          "test_bal_acc_std": 0.07609351353554732,
          "test_f1_mean": 0.6208194571650194,
          "test_f1_std": 0.09034069180469981,
          "test_kappa_mean": 0.4516329848604383,
          "test_kappa_std": 0.11416374932737142,
          "confusion_matrix": [
            [
              100.0,
              0.0,
              0.0
            ],
            [
              61.36363636363635,
              38.63636363636364,
              0.0
            ],
            [
              48.0,
              0.5,
              51.5
            ]
          ]
        },
        {
          "participant": "3214",
          "train_size": 3,
          "n_seeds": 20,
          "n_train_samples_mean": 9.0,
          "n_test_samples_mean": 33.0,
          "test_acc_mean": 0.5984848484848484,
          "test_acc_std": 0.03527750615724828,
          "test_bal_acc_mean": 0.5984848484848484,
          "test_bal_acc_std": 0.03527750615724827,
          "test_f1_mean": 0.566799907439738,
          "test_f1_std": 0.03954075759899361,
          "test_kappa_mean": 0.3977272727272727,
          "test_kappa_std": 0.05291625923587239,
          "confusion_matrix": [
            [
              97.72727272727273,
              1.8181818181818183,
              0.4545454545454546
            ],
