{
  "name": "ecg",
  "config": {
    "n_seeds": 20,
    "feature_selection": "backward",
    "use_pose_derivatives": true,
    "use_time_features": false,
    "include_order": false,
    "normalize_features": true,
    "class_config": "all",
    "use_pca": false,
    "pca_variance": 0.9,
    "write_cm": true,
    "tune_hyperparameters": false,
    "tune_n_iter": 30,
    "tune_cv_folds": 5,
    "name": "ecg",
    "feature_groups": [
      "ecg"
    ],
    "split_strategy": "participant_specific",
    "sampling_strategy": "temporal_stratified"
  },
  "sampling_strategy": "temporal_stratified",
  "n_seeds": 20,
  "learning_curve": [
    {
      "aggregated": {
        "train_size": 2,
        "n_participants": 37,
        "n_seeds": 20,
        "test_acc_mean": 0.4574699699699699,
        "test_acc_std": 0.12473108563366625,
        "test_bal_acc_mean": 0.4574699699699699,
        "test_bal_acc_std": 0.12473108563366625,
        "test_f1_mean": 0.4211070111030565,
        "test_f1_std": 0.13552974759121142,
        "test_kappa_mean": 0.18620495495495495,
        "test_kappa_std": 0.1870966284504994,
        "confusion_matrix": [
          [
            49.8536036036036,
            23.94144144144144,
            26.204954954954964
          ],
          [
            26.05855855855856,
            44.40315315315315,
            29.538288288288285
          ],
          [
            23.412162162162165,
            33.6036036036036,
            42.98423423423424
          ]
        ]
      },
      "per_participant": [
        {
          "participant": "3208",
          "train_size": 2,
          "n_seeds": 20,
          "n_train_samples_mean": 6.0,
          "n_test_samples_mean": 36.0,
          "test_acc_mean": 0.49722222222222223,
          "test_acc_std": 0.07954345035153529,
          "test_bal_acc_mean": 0.4972222222222221,
          "test_bal_acc_std": 0.0795434503515353,
          "test_f1_mean": 0.4620736293087549,
          "test_f1_std": 0.11271568547393536,
          "test_kappa_mean": 0.24583333333333335,
          "test_kappa_std": 0.11931517552730295,
          "confusion_matrix": [
            [
              32.5,
              55.833333333333336,
              11.666666666666664
            ],
            [
              10.416666666666664,
              75.41666666666666,
              14.166666666666666
            ],
            [
              3.333333333333333,
              55.41666666666667,
              41.25000000000001
            ]
          ]
        },
        {
          "participant": "3209",
          "train_size": 2,
          "n_seeds": 20,
          "n_train_samples_mean": 6.0,
          "n_test_samples_mean": 36.0,
          "test_acc_mean": 0.24444444444444446,
          "test_acc_std": 0.03886799773030961,
          "test_bal_acc_mean": 0.24444444444444446,
          "test_bal_acc_std": 0.038867997730309606,
          "test_f1_mean": 0.20052124818115202,
          "test_f1_std": 0.03407534933928404,
          "test_kappa_mean": -0.13333333333333336,
          "test_kappa_std": 0.05830199659546446,
          "confusion_matrix": [
            [
              46.66666666666667,
              30.000000000000007,
              23.333333333333336
            ],
            [
              66.24999999999999,
              25.833333333333325,
              7.916666666666666
            ],
            [
              81.25,
              17.916666666666664,
              0.8333333333333333
            ]
          ]
        },
        {
          "participant": "3210",
          "train_size": 2,
          "n_seeds": 20,
          "n_train_samples_mean": 6.0,
          "n_test_samples_mean": 36.0,
          "test_acc_mean": 0.35,
          "test_acc_std": 0.0353668236589674,
          "test_bal_acc_mean": 0.35,
          "test_bal_acc_std": 0.03536682365896741,
          "test_f1_mean": 0.23501952672470133,
          "test_f1_std": 0.06224754699758244,
          "test_kappa_mean": 0.024999999999999984,
          "test_kappa_std": 0.053050235488451135,
          "confusion_matrix": [
            [
              8.749999999999998,
              7.083333333333333,
              84.16666666666667
            ],
            [
              0.8333333333333333,
              5.416666666666666,
              93.75000000000001
            ],
            [
              0.0,
              9.166666666666664,
              90.83333333333331
            ]
          ]
        },
        {
          "participant": "3214",
          "train_size": 2,
          "n_seeds": 20,
          "n_train_samples_mean": 6.0,
          "n_test_samples_mean": 36.0,
          "test_acc_mean": 0.41944444444444445,
          "test_acc_std": 0.052472957854907375,
          "test_bal_acc_mean": 0.41944444444444445,
          "test_bal_acc_std": 0.052472957854907396,
          "test_f1_mean": 0.33150448863144005,
          "test_f1_std": 0.08383423557338579,
          "test_kappa_mean": 0.1291666666666667,
          "test_kappa_std": 0.07870943678236107,
          "confusion_matrix": [
            [
              86.25,
              4.583333333333333,
              9.166666666666664
            ],
            [
              90.83333333333334,
              3.749999999999999,
              5.416666666666665
            ],
            [
              58.33333333333333,
              5.833333333333333,
              35.83333333333333
            ]
          ]
        },
        {
          "participant": "3215",
          "train_size": 2,
          "n_seeds": 20,
          "n_train_samples_mean": 6.0,
          "n_test_samples_mean": 36.0,
          "test_acc_mean": 0.3069444444444444,
          "test_acc_std": 0.06590389659758092,
          "test_bal_acc_mean": 0.3069444444444444,
          "test_bal_acc_std": 0.06590389659758093,
          "test_f1_mean": 0.3292255418325346,
          "test_f1_std": 0.05612217157980468,
          "test_kappa_mean": -0.039583333333333345,
          "test_kappa_std": 0.09885584489637138,
          "confusion_matrix": [
            [
              50.41666666666667,
              20.833333333333336,
              28.75
            ],
            [
              3.7499999999999987,
              22.083333333333336,
              74.16666666666666
            ],
            [
              2.5,
              77.91666666666666,
              19.583333333333332
            ]
          ]
        },
        {
          "participant": "3216",
          "train_size": 2,
          "n_seeds": 20,
          "n_train_samples_mean": 6.0,
          "n_test_samples_mean": 36.0,
          "test_acc_mean": 0.6208333333333333,
          "test_acc_std": 0.055023032568738216,
          "test_bal_acc_mean": 0.6208333333333333,
          "test_bal_acc_std": 0.055023032568738216,
          "test_f1_mean": 0.604666229797134,
          "test_f1_std": 0.05764694133610104,
          "test_kappa_mean": 0.4312499999999999,
          "test_kappa_std": 0.08253454885310736,
          "confusion_matrix": [
            [
              65.83333333333334,
              20.416666666666664,
              13.749999999999996
            ],
            [
              12.5,
              38.33333333333333,
              49.16666666666666
            ],
            [
              8.750000000000002,
              9.166666666666666,
              82.08333333333334
            ]
          ]
        },
        {
          "participant": "3217",
          "train_size": 2,
          "n_seeds": 20,
          "n_train_samples_mean": 6.0,
          "n_test_samples_mean": 36.0,
          "test_acc_mean": 0.35138888888888886,
          "test_acc_std": 0.03852692871897809,
          "test_bal_acc_mean": 0.35138888888888886,
          "test_bal_acc_std": 0.03852692871897809,
          "test_f1_mean": 0.2707316500252225,
          "test_f1_std": 0.048550723704124825,
          "test_kappa_mean": 0.02708333333333334,
          "test_kappa_std": 0.05779039307846716,
          "confusion_matrix": [
            [
              85.0,
              8.75,
              6.249999999999998
            ],
            [
              61.25,
              11.250000000000002,
              27.499999999999993
            ],
            [
              58.33333333333333,
              32.50000000000001,
              9.166666666666666
            ]
          ]
        },
        {
          "participant": "3218",
          "train_size": 2,
          "n_seeds": 20,
          "n_train_samples_mean": 6.0,
          "n_test_samples_mean": 36.0,
          "test_acc_mean": 0.44444444444444453,
          "test_acc_std": 0.09190779909650125,
          "test_bal_acc_mean": 0.44444444444444453,
          "test_bal_acc_std": 0.09190779909650124,
          "test_f1_mean": 0.38135902909646713,
          "test_f1_std": 0.11817776756773805,
          "test_kappa_mean": 0.16666666666666666,
          "test_kappa_std": 0.13786169864475184,
          "confusion_matrix": [
            [
              29.583333333333325,
              31.25,
              39.16666666666667
            ],
            [
              9.166666666666664,
              83.75,
              7.083333333333333
            ],
            [
              4.583333333333332,
              75.41666666666667,
              20.0
            ]
          ]
        },
        {
          "participant": "3219",
          "train_size": 2,
          "n_seeds": 20,
          "n_train_samples_mean": 6.0,
          "n_test_samples_mean": 36.0,
          "test_acc_mean": 0.5750000000000001,
          "test_acc_std": 0.05847587707875749,
          "test_bal_acc_mean": 0.575,
          "test_bal_acc_std": 0.058475877078757475,
          "test_f1_mean": 0.5428417607371584,
          "test_f1_std": 0.06537394269442424,
          "test_kappa_mean": 0.3625,
          "test_kappa_std": 0.08771381561813622,
          "confusion_matrix": [
            [
              93.33333333333333,
              0.0,
              6.666666666666666
            ],
            [
              16.666666666666664,
              34.58333333333333,
              48.74999999999999
            ],
            [
              47.916666666666664,
              7.499999999999998,
              44.58333333333333
            ]
          ]
        },
        {
          "participant": "3220",
          "train_size": 2,
          "n_seeds": 20,
          "n_train_samples_mean": 6.0,
          "n_test_samples_mean": 36.0,
          "test_acc_mean": 0.43888888888888894,
          "test_acc_std": 0.03671890661041076,
          "test_bal_acc_mean": 0.43888888888888894,
          "test_bal_acc_std": 0.036718906610410745,
          "test_f1_mean": 0.41973204307940665,
          "test_f1_std": 0.03874867526754163,
          "test_kappa_mean": 0.15833333333333333,
          "test_kappa_std": 0.05507835991561616,
          "confusion_matrix": [
            [
              69.58333333333333,
              6.249999999999998,
              24.166666666666664
            ],
            [
              25.833333333333332,
              27.916666666666668,
              46.24999999999999
            ],
            [
              48.333333333333336,
              17.500000000000004,
              34.16666666666666
            ]
          ]
        },
        {
          "participant": "3221",
          "train_size": 2,
          "n_seeds": 20,
          "n_train_samples_mean": 6.0,
          "n_test_samples_mean": 36.0,
          "test_acc_mean": 0.3944444444444445,
          "test_acc_std": 0.027923593886113048,
          "test_bal_acc_mean": 0.3944444444444445,
          "test_bal_acc_std": 0.027923593886113044,
          "test_f1_mean": 0.288531982577936,
          "test_f1_std": 0.03774016496092378,
          "test_kappa_mean": 0.09166666666666667,
          "test_kappa_std": 0.041885390829169554,
          "confusion_matrix": [
            [
              25.000000000000007,
              74.58333333333333,
              0.41666666666666663
            ],
            [
              3.333333333333333,
              92.91666666666667,
              3.7499999999999987
            ],
            [
              19.583333333333336,
              79.99999999999999,
              0.41666666666666663
            ]
          ]
        },
        {
          "participant": "3223",
          "train_size": 2,
          "n_seeds": 20,
          "n_train_samples_mean": 6.0,
          "n_test_samples_mean": 36.0,
          "test_acc_mean": 0.8194444444444444,
          "test_acc_std": 0.04726090606796672,
          "test_bal_acc_mean": 0.8194444444444444,
          "test_bal_acc_std": 0.04726090606796672,
          "test_f1_mean": 0.8110145457312707,
          "test_f1_std": 0.05689623637393164,
          "test_kappa_mean": 0.7291666666666666,
          "test_kappa_std": 0.07089135910195003,
          "confusion_matrix": [
            [
              99.58333333333334,
              0.0,
              0.41666666666666663
            ],
            [
              0.0,
              77.08333333333334,
              22.91666666666666
            ],
            [
              0.0,
              30.833333333333336,
              69.16666666666666
            ]
          ]
        },
        {
          "participant": "3224",
          "train_size": 2,
          "n_seeds": 20,
          "n_train_samples_mean": 6.0,
          "n_test_samples_mean": 36.0,
          "test_acc_mean": 0.4916666666666667,
          "test_acc_std": 0.05339360629309896,
          "test_bal_acc_mean": 0.4916666666666667,
          "test_bal_acc_std": 0.05339360629309897,
          "test_f1_mean": 0.48143961429856735,
          "test_f1_std": 0.06016562923228078,
          "test_kappa_mean": 0.23750000000000004,
          "test_kappa_std": 0.08009040943964843,
          "confusion_matrix": [
            [
              41.666666666666664,
              22.08333333333334,
              36.25
            ],
            [
              6.666666666666666,
              42.08333333333332,
              51.25
            ],
            [
              12.5,
              23.749999999999993,
              63.750000000000014
            ]
          ]
        },
        {
          "participant": "3225",
          "train_size": 2,
          "n_seeds": 20,
          "n_train_samples_mean": 6.0,
          "n_test_samples_mean": 36.0,
          "test_acc_mean": 0.37777777777777777,
          "test_acc_std": 0.03865846521880329,
          "test_bal_acc_mean": 0.37777777777777777,
          "test_bal_acc_std": 0.03865846521880329,
          "test_f1_mean": 0.3019104372189752,
          "test_f1_std": 0.06296379623206765,
          "test_kappa_mean": 0.06666666666666668,
          "test_kappa_std": 0.057987697828204954,
          "confusion_matrix": [
            [
              22.916666666666664,
              62.91666666666667,
              14.166666666666663
            ],
            [
              15.833333333333334,
              77.91666666666667,
              6.249999999999998
            ],
            [
              21.666666666666668,
              65.83333333333334,
              12.499999999999998
            ]
          ]
        },
        {
          "participant": "3226",
          "train_size": 2,
          "n_seeds": 20,
          "n_train_samples_mean": 6.0,
          "n_test_samples_mean": 36.0,
          "test_acc_mean": 0.6138888888888889,
          "test_acc_std": 0.041201102706086984,
          "test_bal_acc_mean": 0.6138888888888889,
          "test_bal_acc_std": 0.041201102706086984,
          "test_f1_mean": 0.5545042970720517,
          "test_f1_std": 0.023187156503658095,
          "test_kappa_mean": 0.4208333333333334,
          "test_kappa_std": 0.061801654059130524,
          "confusion_matrix": [
            [
              100.0,
              0.0,
              0.0
            ],
            [
              0.0,
              72.91666666666667,
              27.083333333333332
            ],
            [
              0.0,
              88.75,
              11.249999999999998
            ]
          ]
        },
        {
          "participant": "3227",
          "train_size": 2,
          "n_seeds": 20,
          "n_train_samples_mean": 6.0,
          "n_test_samples_mean": 36.0,
          "test_acc_mean": 0.49305555555555547,
          "test_acc_std": 0.06428178200995652,
          "test_bal_acc_mean": 0.49305555555555547,
          "test_bal_acc_std": 0.06428178200995652,
          "test_f1_mean": 0.4479457954059283,
          "test_f1_std": 0.0715267075207343,
          "test_kappa_mean": 0.23958333333333331,
          "test_kappa_std": 0.09642267301493475,
          "confusion_matrix": [
            [
              81.66666666666666,
              17.083333333333332,
              1.2499999999999998
            ],
            [
              33.75,
              37.916666666666664,
              28.333333333333332
            ],
            [
              42.08333333333333,
              29.583333333333336,
              28.333333333333336
            ]
          ]
        },
        {
          "participant": "3228",
          "train_size": 2,
          "n_seeds": 20,
          "n_train_samples_mean": 6.0,
          "n_test_samples_mean": 36.0,
          "test_acc_mean": 0.2833333333333334,
          "test_acc_std": 0.07572478468074222,
          "test_bal_acc_mean": 0.2833333333333333,
          "test_bal_acc_std": 0.0757247846807422,
          "test_f1_mean": 0.2564187652550608,
          "test_f1_std": 0.09715387469018127,
          "test_kappa_mean": -0.075,
          "test_kappa_std": 0.11358717702111332,
          "confusion_matrix": [
            [
              15.416666666666666,
              50.0,
              34.58333333333333
            ],
            [
              0.0,
              46.25,
              53.749999999999986
            ],
            [
              1.6666666666666665,
              75.0,
              23.333333333333332
            ]
          ]
        },
        {
          "participant": "3229",
          "train_size": 2,
          "n_seeds": 20,
          "n_train_samples_mean": 6.0,
          "n_test_samples_mean": 36.0,
          "test_acc_mean": 0.5916666666666667,
          "test_acc_std": 0.05562860694221439,
          "test_bal_acc_mean": 0.5916666666666667,
          "test_bal_acc_std": 0.055628606942214415,
          "test_f1_mean": 0.5804552654627411,
          "test_f1_std": 0.0649545725626383,
          "test_kappa_mean": 0.38750000000000007,
          "test_kappa_std": 0.0834429104133216,
          "confusion_matrix": [
            [
              43.750000000000014,
              54.583333333333336,
              1.6666666666666665
            ],
            [
              7.083333333333334,
              87.91666666666666,
              4.999999999999998
            ],
            [
              7.916666666666666,
              46.25,
              45.833333333333336
            ]
          ]
        },
        {
          "participant": "3230",
          "train_size": 2,
          "n_seeds": 20,
          "n_train_samples_mean": 6.0,
          "n_test_samples_mean": 36.0,
          "test_acc_mean": 0.5111111111111111,
          "test_acc_std": 0.06647144906845766,
          "test_bal_acc_mean": 0.5111111111111111,
          "test_bal_acc_std": 0.06647144906845764,
          "test_f1_mean": 0.4610389973978533,
          "test_f1_std": 0.08922899801897496,
          "test_kappa_mean": 0.2666666666666667,
          "test_kappa_std": 0.09970717360268647,
          "confusion_matrix": [
            [
              24.166666666666664,
              6.249999999999998,
              69.58333333333333
            ],
            [
              24.166666666666664,
              42.08333333333335,
              33.75
            ],
            [
              4.166666666666666,
              8.75,
              87.08333333333334
            ]
          ]
        },
        {
          "participant": "3232",
          "train_size": 2,
          "n_seeds": 20,
          "n_train_samples_mean": 6.0,
          "n_test_samples_mean": 36.0,
          "test_acc_mean": 0.36805555555555547,
          "test_acc_std": 0.04403595170125448,
          "test_bal_acc_mean": 0.36805555555555547,
          "test_bal_acc_std": 0.04403595170125448,
          "test_f1_mean": 0.3638334091741128,
          "test_f1_std": 0.042240246780859435,
          "test_kappa_mean": 0.052083333333333315,
          "test_kappa_std": 0.06605392755188173,
          "confusion_matrix": [
            [
              32.49999999999999,
              37.083333333333336,
              30.416666666666664
            ],
            [
              61.666666666666664,
              29.166666666666664,
              9.166666666666666
            ],
            [
              23.333333333333336,
              27.916666666666675,
              48.75000000000001
            ]
          ]
        },
        {
          "participant": "3233",
          "train_size": 2,
          "n_seeds": 20,
          "n_train_samples_mean": 6.0,
          "n_test_samples_mean": 36.0,
          "test_acc_mean": 0.44027777777777777,
          "test_acc_std": 0.03745801201435516,
          "test_bal_acc_mean": 0.44027777777777777,
          "test_bal_acc_std": 0.03745801201435516,
          "test_f1_mean": 0.4191204502808824,
          "test_f1_std": 0.0458288773095121,
          "test_kappa_mean": 0.16041666666666665,
          "test_kappa_std": 0.05618701802153277,
          "confusion_matrix": [
            [
              26.25,
              49.58333333333333,
              24.166666666666668
            ],
            [
              21.249999999999996,
              52.5,
              26.25
            ],
            [
              0.0,
              46.66666666666667,
              53.333333333333336
            ]
          ]
        },
        {
          "participant": "3234",
          "train_size": 2,
          "n_seeds": 20,
          "n_train_samples_mean": 6.0,
          "n_test_samples_mean": 36.0,
          "test_acc_mean": 0.3347222222222222,
          "test_acc_std": 0.04366550598877059,
          "test_bal_acc_mean": 0.3347222222222222,
          "test_bal_acc_std": 0.043665505988770593,
          "test_f1_mean": 0.29428244103489043,
          "test_f1_std": 0.06109487226685315,
          "test_kappa_mean": 0.002083333333333337,
          "test_kappa_std": 0.06549825898315588,
          "confusion_matrix": [
            [
              34.16666666666667,
              0.0,
              65.83333333333334
            ],
            [
              50.41666666666667,
              12.499999999999998,
              37.08333333333333
            ],
            [
              46.24999999999999,
              0.0,
              53.750000000000014
            ]
          ]
        },
        {
          "participant": "3235",
          "train_size": 2,
          "n_seeds": 20,
          "n_train_samples_mean": 6.0,
          "n_test_samples_mean": 36.0,
          "test_acc_mean": 0.44027777777777777,
          "test_acc_std": 0.042534815461170036,
          "test_bal_acc_mean": 0.4402777777777779,
          "test_bal_acc_std": 0.04253481546117003,
          "test_f1_mean": 0.39839352026406244,
          "test_f1_std": 0.0660313002585264,
          "test_kappa_mean": 0.16041666666666665,
          "test_kappa_std": 0.06380222319175503,
          "confusion_matrix": [
            [
              71.25000000000001,
              26.666666666666664,
              2.083333333333333
            ],
            [
              45.83333333333333,
              47.5,
              6.666666666666664
            ],
            [
              14.583333333333332,
              72.08333333333331,
              13.333333333333334
            ]
          ]
        },
        {
          "participant": "3236",
          "train_size": 2,
          "n_seeds": 20,
          "n_train_samples_mean": 6.0,
          "n_test_samples_mean": 36.0,
          "test_acc_mean": 0.4541666666666666,
          "test_acc_std": 0.04619628573937909,
          "test_bal_acc_mean": 0.4541666666666666,
          "test_bal_acc_std": 0.04619628573937912,
          "test_f1_mean": 0.40697735107516697,
          "test_f1_std": 0.08006419551485128,
          "test_kappa_mean": 0.18125000000000002,
          "test_kappa_std": 0.06929442860906865,
          "confusion_matrix": [
            [
              24.583333333333336,
              0.8333333333333333,
              74.58333333333334
            ],
            [
              0.0,
              23.33333333333333,
              76.66666666666667
            ],
            [
              0.0,
              11.666666666666663,
              88.33333333333331
            ]
          ]
        },
        {
          "participant": "3237",
          "train_size": 2,
          "n_seeds": 20,
          "n_train_samples_mean": 6.0,
          "n_test_samples_mean": 36.0,
          "test_acc_mean": 0.4291666666666667,
          "test_acc_std": 0.048928579051033316,
          "test_bal_acc_mean": 0.4291666666666667,
          "test_bal_acc_std": 0.04892857905103333,
          "test_f1_mean": 0.40576109616456346,
          "test_f1_std": 0.07003870435135226,
          "test_kappa_mean": 0.14375,
          "test_kappa_std": 0.07339286857654997,
          "confusion_matrix": [
            [
              58.33333333333333,
              30.833333333333332,
              10.833333333333332
            ],
            [
              39.99999999999999,
              47.083333333333336,
              12.916666666666666
            ],
            [
              74.16666666666669,
              2.499999999999999,
              23.33333333333333
            ]
          ]
        },
        {
          "participant": "3238",
          "train_size": 2,
          "n_seeds": 20,
          "n_train_samples_mean": 6.0,
          "n_test_samples_mean": 36.0,
          "test_acc_mean": 0.4833333333333333,
          "test_acc_std": 0.0808097421413487,
          "test_bal_acc_mean": 0.4833333333333334,
          "test_bal_acc_std": 0.08080974214134867,
          "test_f1_mean": 0.44538102036921734,
          "test_f1_std": 0.07989305074745309,
          "test_kappa_mean": 0.225,
          "test_kappa_std": 0.12121461321202306,
          "confusion_matrix": [
            [
              45.83333333333333,
              28.333333333333332,
              25.833333333333325
            ],
            [
              6.249999999999998,
              18.749999999999996,
              75.0
            ],
            [
              6.666666666666666,
              12.916666666666666,
              80.41666666666667
            ]
          ]
        },
        {
          "participant": "3239",
          "train_size": 2,
          "n_seeds": 20,
          "n_train_samples_mean": 6.0,
          "n_test_samples_mean": 36.0,
          "test_acc_mean": 0.6194444444444444,
          "test_acc_std": 0.09413433780643496,
          "test_bal_acc_mean": 0.6194444444444444,
          "test_bal_acc_std": 0.09413433780643497,
          "test_f1_mean": 0.5993348561910155,
          "test_f1_std": 0.109822856040688,
          "test_kappa_mean": 0.4291666666666667,
          "test_kappa_std": 0.14120150670965242,
          "confusion_matrix": [
            [
              76.25,
              22.5,
              1.2499999999999998
            ],
            [
              32.5,
              62.083333333333336,
              5.416666666666666
            ],
            [
              7.083333333333333,
              45.416666666666664,
              47.50000000000001
            ]
          ]
        },
        {
          "participant": "3240",
          "train_size": 2,
          "n_seeds": 20,
          "n_train_samples_mean": 6.0,
          "n_test_samples_mean": 36.0,
          "test_acc_mean": 0.5138888888888891,
          "test_acc_std": 0.08853181203042505,
          "test_bal_acc_mean": 0.5138888888888891,
          "test_bal_acc_std": 0.08853181203042503,
          "test_f1_mean": 0.48591115178765437,
          "test_f1_std": 0.10906284783981882,
          "test_kappa_mean": 0.27083333333333337,
          "test_kappa_std": 0.13279771804563756,
          "confusion_matrix": [
            [
              48.749999999999986,
              40.83333333333333,
              10.416666666666664
            ],
            [
              22.499999999999996,
              63.75,
              13.75
            ],
            [
              8.333333333333332,
              49.99999999999999,
              41.66666666666667
            ]
          ]
        },
        {
          "participant": "3241",
          "train_size": 2,
          "n_seeds": 20,
          "n_train_samples_mean": 6.0,
          "n_test_samples_mean": 36.0,
          "test_acc_mean": 0.21527777777777782,
          "test_acc_std": 0.05472700872586197,
          "test_bal_acc_mean": 0.21527777777777776,
          "test_bal_acc_std": 0.05472700872586197,
          "test_f1_mean": 0.1758606029784248,
          "test_f1_std": 0.04137521234601868,
          "test_kappa_mean": -0.17708333333333331,
          "test_kappa_std": 0.08209051308879299,
          "confusion_matrix": [
            [
              20.000000000000004,
              36.66666666666667,
              43.33333333333333
            ],
            [
              43.333333333333336,
              43.75,
              12.916666666666666
            ],
            [
              49.99999999999999,
              49.16666666666667,
              0.8333333333333333
            ]
          ]
        },
        {
          "participant": "3242",
          "train_size": 2,
          "n_seeds": 20,
          "n_train_samples_mean": 6.0,
          "n_test_samples_mean": 36.0,
          "test_acc_mean": 0.4847222222222222,
          "test_acc_std": 0.06077459178922965,
          "test_bal_acc_mean": 0.4847222222222222,
          "test_bal_acc_std": 0.06077459178922966,
          "test_f1_mean": 0.46625855054956045,
          "test_f1_std": 0.07939404881317534,
          "test_kappa_mean": 0.22708333333333336,
          "test_kappa_std": 0.09116188768384445,
          "confusion_matrix": [
            [
              47.50000000000001,
              26.666666666666664,
              25.833333333333336
            ],
            [
              21.666666666666664,
              60.416666666666664,
              17.916666666666664
            ],
            [
              25.416666666666664,
              37.083333333333336,
              37.50000000000001
            ]
          ]
        },
        {
          "participant": "3243",
          "train_size": 2,
          "n_seeds": 20,
          "n_train_samples_mean": 6.0,
          "n_test_samples_mean": 36.0,
          "test_acc_mean": 0.375,
          "test_acc_std": 0.06530032583078156,
          "test_bal_acc_mean": 0.375,
          "test_bal_acc_std": 0.06530032583078157,
          "test_f1_mean": 0.35859376757609424,
          "test_f1_std": 0.06697242664398362,
          "test_kappa_mean": 0.0625,
          "test_kappa_std": 0.09795048874617235,
          "confusion_matrix": [
            [
              51.666666666666664,
              25.833333333333332,
              22.500000000000004
            ],
            [
              64.58333333333334,
              28.750000000000007,
              6.666666666666666
            ],
            [
              53.33333333333333,
              14.583333333333332,
              32.08333333333333
            ]
          ]
        },
        {
          "participant": "3244",
          "train_size": 2,
          "n_seeds": 20,
          "n_train_samples_mean": 6.0,
          "n_test_samples_mean": 36.0,
          "test_acc_mean": 0.44027777777777777,
          "test_acc_std": 0.06390160056607178,
          "test_bal_acc_mean": 0.44027777777777777,
          "test_bal_acc_std": 0.06390160056607175,
          "test_f1_mean": 0.4322110665369473,
          "test_f1_std": 0.07182726127710305,
          "test_kappa_mean": 0.16041666666666665,
          "test_kappa_std": 0.09585240084910768,
          "confusion_matrix": [
            [
              45.00000000000001,
              5.416666666666664,
              49.58333333333333
            ],
            [
              54.166666666666664,
              35.41666666666667,
              10.416666666666666
            ],
            [
              47.08333333333333,
              1.2499999999999998,
              51.666666666666664
            ]
          ]
        },
        {
          "participant": "3245",
          "train_size": 2,
          "n_seeds": 20,
          "n_train_samples_mean": 6.0,
          "n_test_samples_mean": 36.0,
          "test_acc_mean": 0.6569444444444443,
          "test_acc_std": 0.03157522449357032,
          "test_bal_acc_mean": 0.6569444444444443,
          "test_bal_acc_std": 0.03157522449357033,
          "test_f1_mean": 0.6583658337125176,
          "test_f1_std": 0.034988865289589,
          "test_kappa_mean": 0.4854166666666667,
          "test_kappa_std": 0.04736283674035547,
          "confusion_matrix": [
            [
              65.41666666666667,
              4.999999999999998,
              29.583333333333325
            ],
            [
              7.500000000000002,
              57.916666666666664,
              34.58333333333334
            ],
            [
              3.7499999999999987,
              22.500000000000004,
              73.74999999999999
            ]
          ]
        },
        {
          "participant": "3246",
          "train_size": 2,
          "n_seeds": 20,
          "n_train_samples_mean": 6.0,
          "n_test_samples_mean": 36.0,
          "test_acc_mean": 0.48194444444444456,
          "test_acc_std": 0.05647988365745555,
          "test_bal_acc_mean": 0.48194444444444456,
          "test_bal_acc_std": 0.05647988365745555,
          "test_f1_mean": 0.47567120639747823,
          "test_f1_std": 0.05828148777904314,
          "test_kappa_mean": 0.22291666666666665,
          "test_kappa_std": 0.08471982548618333,
          "confusion_matrix": [
            [
              53.33333333333333,
              4.583333333333333,
              42.08333333333333
            ],
            [
              48.33333333333333,
              40.83333333333333,
              10.833333333333332
            ],
            [
              42.083333333333336,
              7.5,
              50.416666666666664
            ]
          ]
        },
        {
          "participant": "3247",
          "train_size": 2,
          "n_seeds": 20,
          "n_train_samples_mean": 6.0,
          "n_test_samples_mean": 36.0,
          "test_acc_mean": 0.3722222222222221,
          "test_acc_std": 0.027631192175268902,
          "test_bal_acc_mean": 0.3722222222222221,
          "test_bal_acc_std": 0.02763119217526889,
          "test_f1_mean": 0.35653709851863924,
          "test_f1_std": 0.029667549345712432,
          "test_kappa_mean": 0.058333333333333307,
          "test_kappa_std": 0.04144678826290335,
          "confusion_matrix": [
            [
              25.41666666666667,
              54.166666666666664,
              20.416666666666664
            ],
            [
              39.58333333333333,
              57.499999999999986,
              2.9166666666666665
            ],
            [
              24.583333333333332,
              46.66666666666667,
              28.75
            ]
          ]
        },
        {
          "participant": "3248",
          "train_size": 2,
          "n_seeds": 20,
          "n_train_samples_mean": 6.0,
          "n_test_samples_mean": 36.0,
          "test_acc_mean": 0.6263888888888889,
          "test_acc_std": 0.07565771816800029,
          "test_bal_acc_mean": 0.6263888888888889,
          "test_bal_acc_std": 0.0756577181680003,
          "test_f1_mean": 0.5799900292280986,
          "test_f1_std": 0.11086233191352583,
          "test_kappa_mean": 0.4395833333333334,
          "test_kappa_std": 0.11348657725200045,
          "confusion_matrix": [
            [
              85.83333333333334,
              0.0,
              14.166666666666668
            ],
            [
              4.999999999999998,
              26.25,
              68.75
            ],
            [
              12.499999999999998,
              11.666666666666666,
              75.83333333333334
            ]
          ]
        },
        {
          "participant": "3250",
          "train_size": 2,
          "n_seeds": 20,
          "n_train_samples_mean": 6.0,
          "n_test_samples_mean": 36.0,
          "test_acc_mean": 0.36527777777777776,
          "test_acc_std": 0.051199865730411985,
          "test_bal_acc_mean": 0.36527777777777776,
          "test_bal_acc_std": 0.051199865730412006,
          "test_f1_mean": 0.29754111113940573,
          "test_f1_std": 0.07554885628343024,
          "test_kappa_mean": 0.04791666666666668,
          "test_kappa_std": 0.076799798595618,
          "confusion_matrix": [
            [
              10.416666666666668,
              18.33333333333333,
              71.25
            ],
            [
              11.249999999999998,
              29.999999999999993,
              58.75
            ],
            [
              4.166666666666666,
              26.666666666666657,
              69.16666666666666
            ]
          ]
        }
      ]
    },
    {
      "aggregated": {
        "train_size": 3,
        "n_participants": 37,
        "n_seeds": 20,
        "test_acc_mean": 0.49856674856674854,
        "test_acc_std": 0.12186532013937108,
        "test_bal_acc_mean": 0.49856674856674854,
        "test_bal_acc_std": 0.12186532013937106,
        "test_f1_mean": 0.4712549308633807,
        "test_f1_std": 0.1371583201577403,
        "test_kappa_mean": 0.24785012285012284,
        "test_kappa_std": 0.18279798020905663,
        "confusion_matrix": [
          [
            54.60687960687961,
            21.67076167076167,
            23.722358722358724
          ],
          [
            25.7985257985258,
            46.81818181818182,
            27.383292383292385
          ],
          [
            19.41031941031941,
            32.44471744471744,
            48.14496314496314
          ]
        ]
      },
      "per_participant": [
        {
          "participant": "3208",
          "train_size": 3,
          "n_seeds": 20,
          "n_train_samples_mean": 9.0,
          "n_test_samples_mean": 33.0,
          "test_acc_mean": 0.5742424242424242,
          "test_acc_std": 0.026880036615849014,
          "test_bal_acc_mean": 0.5742424242424241,
          "test_bal_acc_std": 0.02688003661584899,
          "test_f1_mean": 0.57613673626145,
          "test_f1_std": 0.027039233757866227,
          "test_kappa_mean": 0.36136363636363633,
          "test_kappa_std": 0.04032005492377349,
          "confusion_matrix": [
            [
              57.72727272727271,
              24.090909090909086,
              18.181818181818183
            ],
            [
              28.181818181818176,
              52.272727272727266,
              19.54545454545454
            ],
            [
              0.4545454545454546,
              37.27272727272727,
              62.27272727272727
            ]
          ]
        },
        {
          "participant": "3209",
          "train_size": 3,
          "n_seeds": 20,
          "n_train_samples_mean": 9.0,
          "n_test_samples_mean": 33.0,
          "test_acc_mean": 0.35151515151515145,
          "test_acc_std": 0.03981495062616887,
          "test_bal_acc_mean": 0.35151515151515145,
          "test_bal_acc_std": 0.03981495062616886,
