{
  "name": "eye",
  "config": {
    "n_seeds": 20,
    "feature_selection": "backward",
    "use_pose_derivatives": true,
    "use_time_features": false,
    "include_order": false,
    "normalize_features": true,
    "class_config": "all",
    "use_pca": false,
    "pca_variance": 0.9,
    "write_cm": true,
    "tune_hyperparameters": false,
    "tune_n_iter": 30,
    "tune_cv_folds": 5,
    "name": "eye",
    "feature_groups": [
      "eye_tracking"
    ],
    "split_strategy": "participant_specific",
    "sampling_strategy": "temporal_stratified"
  },
  "sampling_strategy": "temporal_stratified",
  "n_seeds": 20,
  "learning_curve": [
    {
      "aggregated": {
        "train_size": 2,
        "n_participants": 42,
        "n_seeds": 20,
        "test_acc_mean": 0.5246331487140312,
        "test_acc_std": 0.15423764975404516,
        "test_bal_acc_mean": 0.5234160052910054,
        "test_bal_acc_std": 0.1524899029658913,
        "test_f1_mean": 0.4951717271573126,
        "test_f1_std": 0.1667191048917517,
        "test_kappa_mean": 0.2870363262794208,
        "test_kappa_std": 0.22994437901725512,
        "confusion_matrix": [
          [
            50.10281385281386,
            23.127705627705627,
            26.769480519480513
          ],
          [
            21.395803270803277,
            51.655994468494455,
            26.94820226070226
          ],
          [
            18.53336940836941,
            26.200637325637324,
            55.26599326599327
          ]
        ]
      },
      "per_participant": [
        {
          "participant": "3105",
          "train_size": 2,
          "n_seeds": 20,
          "n_train_samples_mean": 6.0,
          "n_test_samples_mean": 36.0,
          "test_acc_mean": 0.7972222222222223,
          "test_acc_std": 0.03726779962499651,
          "test_bal_acc_mean": 0.7972222222222223,
          "test_bal_acc_std": 0.037267799624996496,
          "test_f1_mean": 0.7852035072126693,
          "test_f1_std": 0.04976787736884797,
          "test_kappa_mean": 0.6958333333333333,
          "test_kappa_std": 0.055901699437494734,
          "confusion_matrix": [
            [
              82.5,
              10.416666666666666,
              7.083333333333333
            ],
            [
              0.0,
              100.0,
              0.0
            ],
            [
              16.249999999999996,
              27.083333333333325,
              56.666666666666664
            ]
          ]
        },
        {
          "participant": "3206",
          "train_size": 2,
          "n_seeds": 20,
          "n_train_samples_mean": 6.0,
          "n_test_samples_mean": 32.0,
          "test_acc_mean": 0.44375,
          "test_acc_std": 0.10710760698327738,
          "test_bal_acc_mean": 0.4590277777777777,
          "test_bal_acc_std": 0.0872001266384974,
          "test_f1_mean": 0.44812491943692806,
          "test_f1_std": 0.12999529488472952,
          "test_kappa_mean": 0.2042665274455981,
          "test_kappa_std": 0.1297302339864664,
          "confusion_matrix": [
            [
              42.083333333333336,
              56.25,
              1.6666666666666665
            ],
            [
              3.75,
              58.125,
              38.125
            ],
            [
              5.833333333333332,
              56.666666666666664,
              37.49999999999999
            ]
          ]
        },
        {
          "participant": "3207",
          "train_size": 2,
          "n_seeds": 20,
          "n_train_samples_mean": 6.0,
          "n_test_samples_mean": 34.0,
          "test_acc_mean": 0.586764705882353,
          "test_acc_std": 0.08873696394803982,
          "test_bal_acc_mean": 0.5977272727272728,
          "test_bal_acc_std": 0.0871394128412096,
          "test_f1_mean": 0.5378009638838719,
          "test_f1_std": 0.11227213994334508,
          "test_kappa_mean": 0.38707903842775726,
          "test_kappa_std": 0.13061137243492027,
          "confusion_matrix": [
            [
              22.499999999999993,
              38.33333333333333,
              39.16666666666667
            ],
            [
              2.272727272727273,
              78.18181818181817,
              19.54545454545455
            ],
            [
              0.0,
              21.36363636363636,
              78.63636363636365
            ]
          ]
        },
        {
          "participant": "3208",
          "train_size": 2,
          "n_seeds": 20,
          "n_train_samples_mean": 6.0,
          "n_test_samples_mean": 36.0,
          "test_acc_mean": 0.4180555555555556,
          "test_acc_std": 0.09211744558809917,
          "test_bal_acc_mean": 0.4180555555555556,
          "test_bal_acc_std": 0.0921174455880992,
          "test_f1_mean": 0.4097873618904422,
          "test_f1_std": 0.08585306017476996,
          "test_kappa_mean": 0.12708333333333335,
          "test_kappa_std": 0.13817616838214875,
          "confusion_matrix": [
            [
              53.75,
              25.416666666666664,
              20.833333333333336
            ],
            [
              2.499999999999999,
              29.583333333333336,
              67.91666666666667
            ],
            [
              14.166666666666666,
              43.75,
              42.08333333333333
            ]
          ]
        },
        {
          "participant": "3209",
          "train_size": 2,
          "n_seeds": 20,
          "n_train_samples_mean": 6.0,
          "n_test_samples_mean": 35.0,
          "test_acc_mean": 0.8957142857142857,
          "test_acc_std": 0.031126366607331576,
          "test_bal_acc_mean": 0.8949494949494949,
          "test_bal_acc_std": 0.032270441340088565,
          "test_f1_mean": 0.8951007150199695,
          "test_f1_std": 0.03150182324159526,
          "test_kappa_mean": 0.8435614043166909,
          "test_kappa_std": 0.046787383761720425,
          "confusion_matrix": [
            [
              100.0,
              0.0,
              0.0
            ],
            [
              0.0,
              81.66666666666666,
              18.333333333333336
            ],
            [
              11.81818181818182,
              1.3636363636363638,
              86.81818181818184
            ]
          ]
        },
        {
          "participant": "3214",
          "train_size": 2,
          "n_seeds": 20,
          "n_train_samples_mean": 6.0,
          "n_test_samples_mean": 36.0,
          "test_acc_mean": 0.39861111111111114,
          "test_acc_std": 0.09591857807136876,
          "test_bal_acc_mean": 0.39861111111111114,
          "test_bal_acc_std": 0.09591857807136878,
          "test_f1_mean": 0.3651395095915325,
          "test_f1_std": 0.10287557534759355,
          "test_kappa_mean": 0.09791666666666668,
          "test_kappa_std": 0.14387786710705316,
          "confusion_matrix": [
            [
              16.249999999999996,
              15.416666666666668,
              68.33333333333334
            ],
            [
              2.083333333333333,
              57.91666666666665,
              40.0
            ],
            [
              16.25,
              38.33333333333333,
              45.416666666666664
            ]
          ]
        },
        {
          "participant": "3215",
          "train_size": 2,
          "n_seeds": 20,
          "n_train_samples_mean": 6.0,
          "n_test_samples_mean": 36.0,
          "test_acc_mean": 0.3875,
          "test_acc_std": 0.03183141712694068,
          "test_bal_acc_mean": 0.3875,
          "test_bal_acc_std": 0.031831417126940674,
          "test_f1_mean": 0.3164879110535197,
          "test_f1_std": 0.035304066647537984,
          "test_kappa_mean": 0.08125,
          "test_kappa_std": 0.047747125690411,
          "confusion_matrix": [
            [
              71.66666666666666,
              4.583333333333333,
              23.75
            ],
            [
              72.50000000000001,
              3.749999999999999,
              23.75
            ],
            [
              59.166666666666664,
              0.0,
              40.833333333333336
            ]
          ]
        },
        {
          "participant": "3216",
          "train_size": 2,
          "n_seeds": 20,
          "n_train_samples_mean": 6.0,
          "n_test_samples_mean": 34.0,
          "test_acc_mean": 0.5661764705882353,
          "test_acc_std": 0.04145746668991357,
          "test_bal_acc_mean": 0.5586111111111112,
          "test_bal_acc_std": 0.046182218125109226,
          "test_f1_mean": 0.5657589423870756,
          "test_f1_std": 0.051808299818237855,
          "test_kappa_mean": 0.3461581791495431,
          "test_kappa_std": 0.06627735506455323,
          "confusion_matrix": [
            [
              75.0,
              14.999999999999996,
              10.0
            ],
            [
              15.416666666666666,
              49.583333333333336,
              35.00000000000001
            ],
            [
              5.5,
              51.5,
              43.0
            ]
          ]
        },
        {
          "participant": "3217",
          "train_size": 2,
          "n_seeds": 20,
          "n_train_samples_mean": 6.0,
          "n_test_samples_mean": 36.0,
          "test_acc_mean": 0.7,
          "test_acc_std": 0.04648111258522641,
          "test_bal_acc_mean": 0.7,
          "test_bal_acc_std": 0.04648111258522644,
          "test_f1_mean": 0.6633107765305166,
          "test_f1_std": 0.0683951803014512,
          "test_kappa_mean": 0.55,
          "test_kappa_std": 0.06972166887783962,
          "confusion_matrix": [
            [
              97.08333333333334,
              2.9166666666666665,
              0.0
            ],
            [
              42.499999999999986,
              31.250000000000007,
              26.249999999999993
            ],
            [
              5.83333333333333,
              12.500000000000002,
              81.66666666666666
            ]
          ]
        },
        {
          "participant": "3218",
          "train_size": 2,
          "n_seeds": 20,
          "n_train_samples_mean": 6.0,
          "n_test_samples_mean": 36.0,
          "test_acc_mean": 0.5486111111111113,
          "test_acc_std": 0.06037232862560225,
          "test_bal_acc_mean": 0.5486111111111113,
          "test_bal_acc_std": 0.060372328625602246,
          "test_f1_mean": 0.46386616689443755,
          "test_f1_std": 0.046344643944847254,
          "test_kappa_mean": 0.3229166666666667,
          "test_kappa_std": 0.09055849293840337,
          "confusion_matrix": [
            [
              98.33333333333334,
              1.6666666666666665,
              0.0
            ],
            [
              13.75,
              63.33333333333333,
              22.916666666666664
            ],
            [
              26.666666666666664,
              70.41666666666667,
              2.9166666666666665
            ]
          ]
        },
        {
          "participant": "3219",
          "train_size": 2,
          "n_seeds": 20,
          "n_train_samples_mean": 6.0,
          "n_test_samples_mean": 34.0,
          "test_acc_mean": 0.33235294117647063,
          "test_acc_std": 0.045863296828656384,
          "test_bal_acc_mean": 0.32588383838383844,
          "test_bal_acc_std": 0.048077455945316275,
          "test_f1_mean": 0.2997156982236376,
          "test_f1_std": 0.052258196722239615,
          "test_kappa_mean": -0.007249852293512016,
          "test_kappa_std": 0.07298358158322572,
          "confusion_matrix": [
            [
              17.272727272727273,
              45.45454545454545,
              37.27272727272727
            ],
            [
              29.545454545454543,
              25.909090909090907,
              44.54545454545455
            ],
            [
              21.666666666666668,
              23.75,
              54.58333333333333
            ]
          ]
        },
        {
          "participant": "3220",
          "train_size": 2,
          "n_seeds": 20,
          "n_train_samples_mean": 6.0,
          "n_test_samples_mean": 36.0,
          "test_acc_mean": 0.575,
          "test_acc_std": 0.0372677996249965,
          "test_bal_acc_mean": 0.575,
          "test_bal_acc_std": 0.03726779962499649,
          "test_f1_mean": 0.5111242948138182,
          "test_f1_std": 0.04963842305579749,
          "test_kappa_mean": 0.36250000000000004,
          "test_kappa_std": 0.055901699437494734,
          "confusion_matrix": [
            [
              57.499999999999986,
              21.66666666666666,
              20.833333333333336
            ],
            [
              57.916666666666664,
              15.416666666666666,
              26.666666666666664
            ],
            [
              0.41666666666666663,
              0.0,
              99.58333333333334
            ]
          ]
        },
        {
          "participant": "3221",
          "train_size": 2,
          "n_seeds": 20,
          "n_train_samples_mean": 6.0,
          "n_test_samples_mean": 36.0,
          "test_acc_mean": 0.5375000000000001,
          "test_acc_std": 0.052762386182881274,
          "test_bal_acc_mean": 0.5375000000000001,
          "test_bal_acc_std": 0.052762386182881274,
          "test_f1_mean": 0.5152197572401046,
          "test_f1_std": 0.06946110524526629,
          "test_kappa_mean": 0.30625,
          "test_kappa_std": 0.07914357927432193,
          "confusion_matrix": [
            [
              29.583333333333332,
              37.499999999999986,
              32.91666666666667
            ],
            [
              0.8333333333333333,
              68.75000000000001,
              30.416666666666668
            ],
            [
              0.8333333333333333,
              36.25,
              62.916666666666664
            ]
          ]
        },
        {
          "participant": "3222",
          "train_size": 2,
          "n_seeds": 20,
          "n_train_samples_mean": 6.0,
          "n_test_samples_mean": 36.0,
          "test_acc_mean": 0.4541666666666667,
          "test_acc_std": 0.0705468061066683,
          "test_bal_acc_mean": 0.4541666666666667,
          "test_bal_acc_std": 0.07054680610666829,
          "test_f1_mean": 0.4192697535829028,
          "test_f1_std": 0.08617268797994129,
          "test_kappa_mean": 0.18125,
          "test_kappa_std": 0.10582020916000244,
          "confusion_matrix": [
            [
              70.41666666666667,
              10.416666666666666,
              19.166666666666664
            ],
            [
              32.08333333333333,
              23.749999999999993,
              44.16666666666667
            ],
            [
              57.91666666666665,
              0.0,
              42.083333333333336
            ]
          ]
        },
        {
          "participant": "3223",
          "train_size": 2,
          "n_seeds": 20,
          "n_train_samples_mean": 6.0,
          "n_test_samples_mean": 36.0,
          "test_acc_mean": 0.5652777777777779,
          "test_acc_std": 0.045308666319642615,
          "test_bal_acc_mean": 0.5652777777777779,
          "test_bal_acc_std": 0.045308666319642615,
          "test_f1_mean": 0.5399199677751948,
          "test_f1_std": 0.051453269851771656,
          "test_kappa_mean": 0.34791666666666665,
          "test_kappa_std": 0.06796299947946394,
          "confusion_matrix": [
            [
              30.416666666666668,
              22.083333333333332,
              47.5
            ],
            [
              0.41666666666666663,
              84.16666666666667,
              15.416666666666666
            ],
            [
              12.500000000000002,
              32.5,
              55.0
            ]
          ]
        },
        {
          "participant": "3224",
          "train_size": 2,
          "n_seeds": 20,
          "n_train_samples_mean": 6.0,
          "n_test_samples_mean": 21.0,
          "test_acc_mean": 0.6476190476190475,
          "test_acc_std": 0.06804868977060734,
          "test_bal_acc_mean": 0.7188552188552189,
          "test_bal_acc_std": 0.09784454340267892,
          "test_f1_mean": 0.7164978403363784,
          "test_f1_std": 0.04242300761030476,
          "test_kappa_mean": 0.46968134263506156,
          "test_kappa_std": 0.07366453336915606,
          "confusion_matrix": [
            [
              90.0,
              0.0,
              10.0
            ],
            [
              30.000000000000007,
              69.54545454545455,
              0.4545454545454546
            ],
            [
              31.666666666666668,
              12.222222222222223,
              56.1111111111111
            ]
          ]
        },
        {
          "participant": "3225",
          "train_size": 2,
          "n_seeds": 20,
          "n_train_samples_mean": 6.0,
          "n_test_samples_mean": 36.0,
          "test_acc_mean": 0.5277777777777779,
          "test_acc_std": 0.06683701433135943,
          "test_bal_acc_mean": 0.5277777777777779,
          "test_bal_acc_std": 0.06683701433135943,
          "test_f1_mean": 0.5224108048855293,
          "test_f1_std": 0.0755335921139233,
          "test_kappa_mean": 0.29166666666666663,
          "test_kappa_std": 0.10025552149703913,
          "confusion_matrix": [
            [
              66.66666666666666,
              26.666666666666664,
              6.666666666666666
            ],
            [
              2.499999999999999,
              49.166666666666664,
              48.33333333333333
            ],
            [
              8.333333333333332,
              49.16666666666666,
              42.500000000000014
            ]
          ]
        },
        {
          "participant": "3226",
          "train_size": 2,
          "n_seeds": 20,
          "n_train_samples_mean": 6.0,
          "n_test_samples_mean": 36.0,
          "test_acc_mean": 0.39444444444444443,
          "test_acc_std": 0.05599243427960786,
          "test_bal_acc_mean": 0.3944444444444445,
          "test_bal_acc_std": 0.05599243427960786,
          "test_f1_mean": 0.366935463995944,
          "test_f1_std": 0.07667017761840628,
          "test_kappa_mean": 0.09166666666666665,
          "test_kappa_std": 0.08398865141941178,
          "confusion_matrix": [
            [
              19.58333333333333,
              26.25,
              54.166666666666664
            ],
            [
              3.333333333333333,
              44.583333333333336,
              52.08333333333333
            ],
            [
              4.583333333333333,
              41.25,
              54.16666666666665
            ]
          ]
        },
        {
          "participant": "3227",
          "train_size": 2,
          "n_seeds": 20,
          "n_train_samples_mean": 6.0,
          "n_test_samples_mean": 36.0,
          "test_acc_mean": 0.7180555555555556,
          "test_acc_std": 0.05575621656380635,
          "test_bal_acc_mean": 0.7180555555555556,
          "test_bal_acc_std": 0.055756216563806325,
          "test_f1_mean": 0.6949239784366191,
          "test_f1_std": 0.0697312840074671,
          "test_kappa_mean": 0.5770833333333333,
          "test_kappa_std": 0.0836343248457095,
          "confusion_matrix": [
            [
              72.91666666666666,
              20.416666666666664,
              6.666666666666664
            ],
            [
              51.25,
              44.58333333333333,
              4.166666666666666
            ],
            [
              0.0,
              2.083333333333333,
              97.91666666666666
            ]
          ]
        },
        {
          "participant": "3228",
          "train_size": 2,
          "n_seeds": 20,
          "n_train_samples_mean": 6.0,
          "n_test_samples_mean": 36.0,
          "test_acc_mean": 0.5444444444444445,
          "test_acc_std": 0.06334307917217434,
          "test_bal_acc_mean": 0.5444444444444445,
          "test_bal_acc_std": 0.06334307917217435,
          "test_f1_mean": 0.49017516482204015,
          "test_f1_std": 0.08172914232583865,
          "test_kappa_mean": 0.31666666666666665,
          "test_kappa_std": 0.09501461875826152,
          "confusion_matrix": [
            [
              18.749999999999996,
              81.25000000000001,
              0.0
            ],
            [
              4.166666666666666,
              57.08333333333335,
              38.74999999999999
            ],
            [
              4.166666666666666,
              8.333333333333332,
              87.5
            ]
          ]
        },
        {
          "participant": "3229",
          "train_size": 2,
          "n_seeds": 20,
          "n_train_samples_mean": 6.0,
          "n_test_samples_mean": 36.0,
          "test_acc_mean": 0.29722222222222217,
          "test_acc_std": 0.03002597965414339,
          "test_bal_acc_mean": 0.29722222222222217,
          "test_bal_acc_std": 0.030025979654143393,
          "test_f1_mean": 0.27984344315478166,
          "test_f1_std": 0.0379568960744789,
          "test_kappa_mean": -0.05416666666666668,
          "test_kappa_std": 0.045038969481215066,
          "confusion_matrix": [
            [
              20.416666666666668,
              22.083333333333336,
              57.5
            ],
            [
              40.00000000000001,
              35.41666666666667,
              24.583333333333336
            ],
            [
              13.749999999999996,
              52.91666666666667,
              33.33333333333333
            ]
          ]
        },
        {
          "participant": "3230",
          "train_size": 2,
          "n_seeds": 20,
          "n_train_samples_mean": 6.0,
          "n_test_samples_mean": 36.0,
          "test_acc_mean": 0.5125,
          "test_acc_std": 0.06528477628279811,
          "test_bal_acc_mean": 0.5125,
          "test_bal_acc_std": 0.0652847762827981,
          "test_f1_mean": 0.49525597904793167,
          "test_f1_std": 0.07794132143143888,
          "test_kappa_mean": 0.26875,
          "test_kappa_std": 0.09792716442419715,
          "confusion_matrix": [
            [
              25.833333333333336,
              28.333333333333336,
              45.833333333333336
            ],
            [
              16.249999999999996,
              76.25,
              7.499999999999997
            ],
            [
              46.25000000000001,
              2.083333333333333,
              51.66666666666667
            ]
          ]
        },
        {
          "participant": "3231",
          "train_size": 2,
          "n_seeds": 20,
          "n_train_samples_mean": 6.0,
          "n_test_samples_mean": 36.0,
          "test_acc_mean": 0.5583333333333335,
          "test_acc_std": 0.10271651406277656,
          "test_bal_acc_mean": 0.5583333333333333,
          "test_bal_acc_std": 0.10271651406277656,
          "test_f1_mean": 0.5349686603765051,
          "test_f1_std": 0.10547469579005225,
          "test_kappa_mean": 0.3375,
          "test_kappa_std": 0.15407477109416487,
          "confusion_matrix": [
            [
              32.5,
              19.166666666666664,
              48.333333333333336
            ],
            [
              0.41666666666666663,
              72.91666666666666,
              26.666666666666664
            ],
            [
              21.249999999999996,
              16.666666666666668,
              62.083333333333336
            ]
          ]
        },
        {
          "participant": "3232",
          "train_size": 2,
          "n_seeds": 20,
          "n_train_samples_mean": 6.0,
          "n_test_samples_mean": 36.0,
          "test_acc_mean": 0.8375,
          "test_acc_std": 0.08796809259691664,
          "test_bal_acc_mean": 0.8375,
          "test_bal_acc_std": 0.08796809259691664,
          "test_f1_mean": 0.8352021481641525,
          "test_f1_std": 0.09085325036234394,
          "test_kappa_mean": 0.7562499999999999,
          "test_kappa_std": 0.13195213889537497,
          "confusion_matrix": [
            [
              74.58333333333334,
              24.999999999999996,
              0.41666666666666663
            ],
            [
              2.083333333333333,
              87.91666666666666,
              10.000000000000002
            ],
            [
              2.9166666666666656,
              8.333333333333334,
              88.75000000000001
            ]
          ]
        },
        {
          "participant": "3233",
          "train_size": 2,
          "n_seeds": 20,
          "n_train_samples_mean": 6.0,
          "n_test_samples_mean": 36.0,
          "test_acc_mean": 0.38888888888888895,
          "test_acc_std": 0.05481968789255168,
          "test_bal_acc_mean": 0.38888888888888895,
          "test_bal_acc_std": 0.05481968789255169,
          "test_f1_mean": 0.38261589529741163,
          "test_f1_std": 0.060313741420285685,
          "test_kappa_mean": 0.08333333333333334,
          "test_kappa_std": 0.08222953183882753,
          "confusion_matrix": [
            [
              23.749999999999993,
              0.8333333333333333,
              75.41666666666669
            ],
            [
              61.66666666666667,
              29.999999999999993,
              8.333333333333332
            ],
            [
              37.08333333333333,
              0.0,
              62.916666666666664
            ]
          ]
        },
        {
          "participant": "3234",
          "train_size": 2,
          "n_seeds": 20,
          "n_train_samples_mean": 6.0,
          "n_test_samples_mean": 36.0,
          "test_acc_mean": 0.3805555555555556,
          "test_acc_std": 0.0451515389381805,
          "test_bal_acc_mean": 0.38055555555555554,
          "test_bal_acc_std": 0.04515153893818049,
          "test_f1_mean": 0.30562141376969437,
          "test_f1_std": 0.06869929321607464,
          "test_kappa_mean": 0.07083333333333337,
          "test_kappa_std": 0.06772730840727076,
          "confusion_matrix": [
            [
              38.333333333333336,
              0.41666666666666663,
              61.25
            ],
            [
              28.333333333333336,
              12.083333333333334,
              59.58333333333333
            ],
            [
              30.416666666666668,
              5.833333333333331,
              63.749999999999986
            ]
          ]
        },
        {
          "participant": "3235",
          "train_size": 2,
          "n_seeds": 20,
          "n_train_samples_mean": 6.0,
          "n_test_samples_mean": 35.0,
          "test_acc_mean": 0.47857142857142854,
          "test_acc_std": 0.0627853315016516,
          "test_bal_acc_mean": 0.48851010101010106,
          "test_bal_acc_std": 0.059247776579692435,
          "test_f1_mean": 0.4423657653470932,
          "test_f1_std": 0.08976055997560507,
          "test_kappa_mean": 0.2243470326868493,
          "test_kappa_std": 0.08797855309585367,
          "confusion_matrix": [
            [
              83.63636363636364,
              8.181818181818183,
              8.181818181818183
            ],
            [
              32.08333333333333,
              35.0,
              32.91666666666667
            ],
            [
              40.416666666666664,
              31.666666666666668,
              27.916666666666664
            ]
          ]
        },
        {
          "participant": "3236",
          "train_size": 2,
          "n_seeds": 20,
          "n_train_samples_mean": 6.0,
          "n_test_samples_mean": 28.0,
          "test_acc_mean": 0.7553571428571428,
          "test_acc_std": 0.05468761987864716,
          "test_bal_acc_mean": 0.6402777777777777,
          "test_bal_acc_std": 0.04272534190390664,
          "test_f1_mean": 0.7631492655033029,
          "test_f1_std": 0.03811488996154088,
          "test_kappa_mean": 0.6061624222280413,
          "test_kappa_std": 0.07803927212640535,
          "confusion_matrix": [
            [
              92.5,
              6.249999999999998,
              1.2499999999999998
            ],
            [
              1.25,
              23.75,
              75.0
            ],
            [
              0.0,
              24.166666666666664,
              75.83333333333331
            ]
          ]
        },
        {
          "participant": "3237",
          "train_size": 2,
          "n_seeds": 20,
          "n_train_samples_mean": 6.0,
          "n_test_samples_mean": 33.0,
          "test_acc_mean": 0.4803030303030303,
          "test_acc_std": 0.07176058767764043,
          "test_bal_acc_mean": 0.4629629629629631,
          "test_bal_acc_std": 0.060828396789980206,
          "test_f1_mean": 0.44422085512538134,
          "test_f1_std": 0.0770487280216127,
          "test_kappa_mean": 0.21462786129330672,
          "test_kappa_std": 0.09350974379362625,
          "confusion_matrix": [
            [
              30.416666666666668,
              39.58333333333333,
              29.999999999999993
            ],
            [
              3.8888888888888884,
              27.222222222222218,
              68.8888888888889
            ],
            [
              6.249999999999999,
              12.5,
              81.25
            ]
          ]
        },
        {
          "participant": "3238",
          "train_size": 2,
          "n_seeds": 20,
          "n_train_samples_mean": 6.0,
          "n_test_samples_mean": 36.0,
          "test_acc_mean": 0.33749999999999997,
          "test_acc_std": 0.02744685928244678,
          "test_bal_acc_mean": 0.3374999999999999,
          "test_bal_acc_std": 0.02744685928244679,
          "test_f1_mean": 0.22285868064133982,
          "test_f1_std": 0.04156692773591003,
          "test_kappa_mean": 0.006249999999999989,
          "test_kappa_std": 0.041170288923670174,
          "confusion_matrix": [
            [
              2.9166666666666665,
              87.5,
              9.583333333333332
            ],
            [
              2.499999999999999,
              89.16666666666666,
              8.333333333333332
            ],
            [
              7.083333333333333,
              83.75,
              9.166666666666664
            ]
          ]
        },
        {
          "participant": "3239",
          "train_size": 2,
          "n_seeds": 20,
          "n_train_samples_mean": 6.0,
          "n_test_samples_mean": 35.0,
          "test_acc_mean": 0.51,
          "test_acc_std": 0.0644067365431403,
          "test_bal_acc_mean": 0.5116161616161616,
          "test_bal_acc_std": 0.06680386378902181,
          "test_f1_mean": 0.46874391630188217,
          "test_f1_std": 0.046917298578702506,
          "test_kappa_mean": 0.2627674103013778,
          "test_kappa_std": 0.09917225610972075,
          "confusion_matrix": [
            [
              23.749999999999993,
              24.583333333333336,
              51.666666666666664
            ],
            [
              30.0,
              56.81818181818181,
              13.181818181818183
            ],
            [
              24.583333333333336,
              2.499999999999999,
              72.91666666666666
            ]
          ]
        },
        {
          "participant": "3240",
          "train_size": 2,
          "n_seeds": 20,
          "n_train_samples_mean": 6.0,
          "n_test_samples_mean": 34.0,
          "test_acc_mean": 0.626470588235294,
          "test_acc_std": 0.04875055159880141,
          "test_bal_acc_mean": 0.6261363636363637,
          "test_bal_acc_std": 0.047607434730589406,
          "test_f1_mean": 0.6190186091235003,
          "test_f1_std": 0.051253324473002154,
          "test_kappa_mean": 0.43936696141389503,
          "test_kappa_std": 0.07173947658032176,
          "confusion_matrix": [
            [
              76.81818181818183,
              7.272727272727273,
              15.90909090909091
            ],
            [
              22.499999999999996,
              63.750000000000014,
              13.750000000000004
            ],
            [
              19.999999999999996,
              32.727272727272734,
              47.272727272727266
            ]
          ]
        },
        {
          "participant": "3241",
          "train_size": 2,
          "n_seeds": 20,
          "n_train_samples_mean": 6.0,
          "n_test_samples_mean": 36.0,
          "test_acc_mean": 0.5263888888888889,
          "test_acc_std": 0.05135825703138829,
          "test_bal_acc_mean": 0.5263888888888889,
          "test_bal_acc_std": 0.0513582570313883,
          "test_f1_mean": 0.4862153486841071,
          "test_f1_std": 0.06358271425348665,
          "test_kappa_mean": 0.2895833333333333,
          "test_kappa_std": 0.07703738554708243,
          "confusion_matrix": [
            [
              32.916666666666664,
              42.91666666666667,
              24.16666666666666
            ],
            [
              6.666666666666664,
              33.75,
              59.58333333333333
            ],
            [
              4.999999999999998,
              3.75,
              91.25
            ]
          ]
        },
        {
          "participant": "3242",
          "train_size": 2,
          "n_seeds": 20,
          "n_train_samples_mean": 6.0,
          "n_test_samples_mean": 36.0,
          "test_acc_mean": 0.5694444444444444,
          "test_acc_std": 0.060791294989157287,
          "test_bal_acc_mean": 0.5694444444444444,
          "test_bal_acc_std": 0.0607912949891573,
          "test_f1_mean": 0.5584403411066793,
          "test_f1_std": 0.07571407973986953,
          "test_kappa_mean": 0.3541666666666667,
          "test_kappa_std": 0.09118694248373593,
          "confusion_matrix": [
            [
              44.99999999999999,
              5.416666666666666,
              49.583333333333336
            ],
            [
              18.333333333333332,
              64.16666666666667,
              17.499999999999996
            ],
            [
              5.833333333333332,
              32.5,
              61.666666666666664
            ]
          ]
        },
        {
          "participant": "3243",
          "train_size": 2,
          "n_seeds": 20,
          "n_train_samples_mean": 6.0,
          "n_test_samples_mean": 35.0,
          "test_acc_mean": 0.677142857142857,
          "test_acc_std": 0.03719487392930029,
          "test_bal_acc_mean": 0.6646464646464646,
          "test_bal_acc_std": 0.03684665032227885,
          "test_f1_mean": 0.6463995855265667,
          "test_f1_std": 0.034104987005936026,
          "test_kappa_mean": 0.5114422595304624,
          "test_kappa_std": 0.055835767605785375,
          "confusion_matrix": [
            [
              22.727272727272727,
              74.54545454545455,
              2.7272727272727275
            ],
            [
              14.583333333333332,
              85.41666666666666,
              0.0
            ],
            [
              1.6666666666666665,
              7.083333333333331,
              91.25
            ]
          ]
        },
        {
          "participant": "3244",
          "train_size": 2,
          "n_seeds": 20,
          "n_train_samples_mean": 6.0,
          "n_test_samples_mean": 36.0,
          "test_acc_mean": 0.575,
          "test_acc_std": 0.07545616097258027,
          "test_bal_acc_mean": 0.575,
          "test_bal_acc_std": 0.0754561609725803,
          "test_f1_mean": 0.5256343247036867,
          "test_f1_std": 0.08484929413616354,
          "test_kappa_mean": 0.36249999999999993,
          "test_kappa_std": 0.11318424145887043,
          "confusion_matrix": [
            [
              51.66666666666667,
              20.416666666666664,
              27.916666666666668
            ],
            [
              0.0,
              98.75,
              1.25
            ],
            [
              27.499999999999993,
              50.41666666666667,
              22.083333333333336
            ]
          ]
        },
        {
          "participant": "3245",
          "train_size": 2,
          "n_seeds": 20,
          "n_train_samples_mean": 6.0,
          "n_test_samples_mean": 34.0,
          "test_acc_mean": 0.5779411764705882,
          "test_acc_std": 0.08863428880350306,
          "test_bal_acc_mean": 0.568611111111111,
          "test_bal_acc_std": 0.09023604523497869,
          "test_f1_mean": 0.5553461581982103,
          "test_f1_std": 0.10325282377925493,
          "test_kappa_mean": 0.3618629486739116,
          "test_kappa_std": 0.13373806869093696,
          "confusion_matrix": [
            [
              45.0,
              25.833333333333336,
              29.166666666666664
            ],
            [
              9.583333333333332,
              84.58333333333334,
              5.833333333333331
            ],
            [
              6.5,
              52.5,
              41.0
            ]
          ]
        },
        {
          "participant": "3246",
          "train_size": 2,
          "n_seeds": 20,
          "n_train_samples_mean": 6.0,
          "n_test_samples_mean": 36.0,
          "test_acc_mean": 0.0736111111111111,
          "test_acc_std": 0.0487622962283698,
          "test_bal_acc_mean": 0.0736111111111111,
          "test_bal_acc_std": 0.0487622962283698,
          "test_f1_mean": 0.07209442456157836,
          "test_f1_std": 0.05274062285330618,
          "test_kappa_mean": -0.3895833333333333,
          "test_kappa_std": 0.0731434443425547,
          "confusion_matrix": [
            [
              5.833333333333333,
              7.083333333333333,
              87.08333333333334
            ],
            [
              74.16666666666666,
              10.833333333333334,
              14.999999999999996
            ],
            [
              73.33333333333334,
              21.249999999999993,
              5.416666666666666
            ]
          ]
        },
        {
          "participant": "3247",
          "train_size": 2,
          "n_seeds": 20,
          "n_train_samples_mean": 6.0,
          "n_test_samples_mean": 36.0,
          "test_acc_mean": 0.3819444444444445,
          "test_acc_std": 0.05761884911970338,
          "test_bal_acc_mean": 0.3819444444444444,
          "test_bal_acc_std": 0.05761884911970336,
          "test_f1_mean": 0.29881656737490336,
          "test_f1_std": 0.07314253569922725,
          "test_kappa_mean": 0.0729166666666667,
          "test_kappa_std": 0.08642827367955506,
          "confusion_matrix": [
            [
              86.66666666666667,
              8.333333333333334,
              4.999999999999998
            ],
            [
              70.83333333333333,
              15.833333333333332,
              13.333333333333332
            ],
            [
              48.74999999999999,
              39.16666666666666,
              12.083333333333332
            ]
          ]
        },
        {
          "participant": "3248",
          "train_size": 2,
          "n_seeds": 20,
          "n_train_samples_mean": 6.0,
          "n_test_samples_mean": 35.0,
          "test_acc_mean": 0.4314285714285715,
          "test_acc_std": 0.060715391409657614,
          "test_bal_acc_mean": 0.44065656565656564,
          "test_bal_acc_std": 0.060780252065362424,
          "test_f1_mean": 0.35991880051822106,
          "test_f1_std": 0.04193970025206288,
          "test_kappa_mean": 0.15395216792669214,
          "test_kappa_std": 0.09145204735149982,
          "confusion_matrix": [
            [
              76.36363636363639,
              0.9090909090909092,
