{
  "name": "eye_gsr_ecg",
  "config": {
    "n_seeds": 20,
    "feature_selection": "backward",
    "use_pose_derivatives": true,
    "use_time_features": false,
    "include_order": false,
    "normalize_features": true,
    "class_config": "all",
    "use_pca": false,
    "pca_variance": 0.9,
    "write_cm": true,
    "tune_hyperparameters": false,
    "tune_n_iter": 30,
    "tune_cv_folds": 5,
    "name": "eye_gsr_ecg",
    "feature_groups": [
      "eye_tracking",
      "gsr",
      "ecg"
    ],
    "split_strategy": "participant_specific",
    "sampling_strategy": "temporal_stratified"
  },
  "sampling_strategy": "temporal_stratified",
  "n_seeds": 20,
  "learning_curve": [
    {
      "aggregated": {
        "train_size": 2,
        "n_participants": 36,
        "n_seeds": 20,
        "test_acc_mean": 0.5474450100969991,
        "test_acc_std": 0.10532576566543939,
        "test_bal_acc_mean": 0.5390720365025922,
        "test_bal_acc_std": 0.10757875651604487,
        "test_f1_mean": 0.5113849085083928,
        "test_f1_std": 0.11901615650289898,
        "test_kappa_mean": 0.31505332351862514,
        "test_kappa_std": 0.16101968759008606,
        "confusion_matrix": [
          [
            56.480429292929294,
            20.29882154882155,
            23.22074915824916
          ],
          [
            20.566077441077443,
            55.692340067340076,
            23.741582491582488
          ],
          [
            18.101571268237933,
            32.34958714125382,
            49.54884159050827
          ]
        ]
      },
      "per_participant": [
        {
          "participant": "3208",
          "train_size": 2,
          "n_seeds": 20,
          "n_train_samples_mean": 6.0,
          "n_test_samples_mean": 36.0,
          "test_acc_mean": 0.5472222222222222,
          "test_acc_std": 0.08506963092234006,
          "test_bal_acc_mean": 0.5472222222222222,
          "test_bal_acc_std": 0.08506963092234006,
          "test_f1_mean": 0.5257498646891314,
          "test_f1_std": 0.11115943236268686,
          "test_kappa_mean": 0.32083333333333336,
          "test_kappa_std": 0.12760444638351012,
          "confusion_matrix": [
            [
              40.83333333333333,
              50.00000000000001,
              9.166666666666668
            ],
            [
              6.249999999999998,
              74.99999999999999,
              18.749999999999996
            ],
            [
              3.749999999999999,
              47.91666666666667,
              48.33333333333333
            ]
          ]
        },
        {
          "participant": "3209",
          "train_size": 2,
          "n_seeds": 20,
          "n_train_samples_mean": 6.0,
          "n_test_samples_mean": 35.0,
          "test_acc_mean": 0.667142857142857,
          "test_acc_std": 0.058093594619097154,
          "test_bal_acc_mean": 0.649621212121212,
          "test_bal_acc_std": 0.0576246737651851,
          "test_f1_mean": 0.5623226113064365,
          "test_f1_std": 0.06473755276052028,
          "test_kappa_mean": 0.49368308499854185,
          "test_kappa_std": 0.08861207606998539,
          "confusion_matrix": [
            [
              99.58333333333333,
              0.41666666666666663,
              0.0
            ],
            [
              8.333333333333332,
              91.66666666666667,
              0.0
            ],
            [
              54.54545454545455,
              41.818181818181806,
              3.6363636363636367
            ]
          ]
        },
        {
          "participant": "3214",
          "train_size": 2,
          "n_seeds": 20,
          "n_train_samples_mean": 6.0,
          "n_test_samples_mean": 36.0,
          "test_acc_mean": 0.4,
          "test_acc_std": 0.03173558725430441,
          "test_bal_acc_mean": 0.4,
          "test_bal_acc_std": 0.03173558725430441,
          "test_f1_mean": 0.2833160924723147,
          "test_f1_std": 0.04957065261240356,
          "test_kappa_mean": 0.1,
          "test_kappa_std": 0.04760338088145661,
          "confusion_matrix": [
            [
              100.0,
              0.0,
              0.0
            ],
            [
              95.83333333333334,
              1.6666666666666665,
              2.499999999999999
            ],
            [
              81.66666666666667,
              0.0,
              18.333333333333336
            ]
          ]
        },
        {
          "participant": "3215",
          "train_size": 2,
          "n_seeds": 20,
          "n_train_samples_mean": 6.0,
          "n_test_samples_mean": 36.0,
          "test_acc_mean": 0.3944444444444445,
          "test_acc_std": 0.0899425851084146,
          "test_bal_acc_mean": 0.3944444444444445,
          "test_bal_acc_std": 0.08994258510841462,
          "test_f1_mean": 0.39229748893962435,
          "test_f1_std": 0.0827239358673799,
          "test_kappa_mean": 0.09166666666666667,
          "test_kappa_std": 0.13491387766262192,
          "confusion_matrix": [
            [
              66.24999999999999,
              15.833333333333334,
              17.916666666666664
            ],
            [
              6.666666666666666,
              19.583333333333336,
              73.74999999999999
            ],
            [
              4.999999999999999,
              62.5,
              32.5
            ]
          ]
        },
        {
          "participant": "3216",
          "train_size": 2,
          "n_seeds": 20,
          "n_train_samples_mean": 6.0,
          "n_test_samples_mean": 34.0,
          "test_acc_mean": 0.6764705882352942,
          "test_acc_std": 0.04674820083758979,
          "test_bal_acc_mean": 0.6858333333333333,
          "test_bal_acc_std": 0.04924626820149808,
          "test_f1_mean": 0.6696688807399538,
          "test_f1_std": 0.05201997314688114,
          "test_kappa_mean": 0.5192806929732688,
          "test_kappa_std": 0.07167076218156058,
          "confusion_matrix": [
            [
              69.16666666666666,
              9.583333333333334,
              21.249999999999996
            ],
            [
              12.916666666666668,
              52.08333333333333,
              35.00000000000001
            ],
            [
              1.5,
              14.0,
              84.5
            ]
          ]
        },
        {
          "participant": "3217",
          "train_size": 2,
          "n_seeds": 20,
          "n_train_samples_mean": 6.0,
          "n_test_samples_mean": 36.0,
          "test_acc_mean": 0.6013888888888889,
          "test_acc_std": 0.093343688509376,
          "test_bal_acc_mean": 0.6013888888888889,
          "test_bal_acc_std": 0.09334368850937602,
          "test_f1_mean": 0.5508797129129569,
          "test_f1_std": 0.10921252522970282,
          "test_kappa_mean": 0.4020833333333333,
          "test_kappa_std": 0.140015532764064,
          "confusion_matrix": [
            [
              97.91666666666667,
              0.41666666666666663,
              1.6666666666666665
            ],
            [
              52.08333333333333,
              25.833333333333332,
              22.083333333333336
            ],
            [
              29.583333333333336,
              13.75,
              56.666666666666664
            ]
          ]
        },
        {
          "participant": "3218",
          "train_size": 2,
          "n_seeds": 20,
          "n_train_samples_mean": 6.0,
          "n_test_samples_mean": 36.0,
          "test_acc_mean": 0.5819444444444445,
          "test_acc_std": 0.07565771816800029,
          "test_bal_acc_mean": 0.5819444444444445,
          "test_bal_acc_std": 0.0756577181680003,
          "test_f1_mean": 0.5531036056536793,
          "test_f1_std": 0.0738548397378178,
          "test_kappa_mean": 0.3729166666666667,
          "test_kappa_std": 0.11348657725200047,
          "confusion_matrix": [
            [
              73.33333333333334,
              5.833333333333333,
              20.83333333333333
            ],
            [
              3.333333333333332,
              76.24999999999999,
              20.416666666666664
            ],
            [
              9.583333333333332,
              65.41666666666666,
              25.0
            ]
          ]
        },
        {
          "participant": "3219",
          "train_size": 2,
          "n_seeds": 20,
          "n_train_samples_mean": 6.0,
          "n_test_samples_mean": 29.0,
          "test_acc_mean": 0.6017241379310346,
          "test_acc_std": 0.058642037321450034,
          "test_bal_acc_mean": 0.5876623376623378,
          "test_bal_acc_std": 0.058584839085431814,
          "test_f1_mean": 0.5668354161085466,
          "test_f1_std": 0.07692194657529675,
          "test_kappa_mean": 0.39816576808665705,
          "test_kappa_std": 0.08769434336193395,
          "confusion_matrix": [
            [
              95.9090909090909,
              0.0,
              4.090909090909092
            ],
            [
              25.0,
              31.81818181818182,
              43.18181818181818
            ],
            [
              39.99999999999999,
              11.428571428571423,
              48.57142857142857
            ]
          ]
        },
        {
          "participant": "3220",
          "train_size": 2,
          "n_seeds": 20,
          "n_train_samples_mean": 6.0,
          "n_test_samples_mean": 36.0,
          "test_acc_mean": 0.5805555555555555,
          "test_acc_std": 0.053998652306721226,
          "test_bal_acc_mean": 0.5805555555555556,
          "test_bal_acc_std": 0.05399865230672125,
          "test_f1_mean": 0.5583966126368817,
          "test_f1_std": 0.06892305420921327,
          "test_kappa_mean": 0.3708333333333334,
          "test_kappa_std": 0.08099797846008185,
          "confusion_matrix": [
            [
              57.91666666666667,
              16.666666666666664,
              25.416666666666664
            ],
            [
              16.249999999999996,
              33.33333333333333,
              50.41666666666667
            ],
            [
              7.916666666666666,
              9.166666666666666,
              82.91666666666667
            ]
          ]
        },
        {
          "participant": "3221",
          "train_size": 2,
          "n_seeds": 20,
          "n_train_samples_mean": 6.0,
          "n_test_samples_mean": 36.0,
          "test_acc_mean": 0.41388888888888886,
          "test_acc_std": 0.06492610884795463,
          "test_bal_acc_mean": 0.41388888888888886,
          "test_bal_acc_std": 0.06492610884795465,
          "test_f1_mean": 0.30758519114864785,
          "test_f1_std": 0.0881084424101713,
          "test_kappa_mean": 0.1208333333333333,
          "test_kappa_std": 0.09738916327193195,
          "confusion_matrix": [
            [
              29.166666666666664,
              67.91666666666664,
              2.9166666666666656
            ],
            [
              2.9166666666666656,
              92.50000000000001,
              4.583333333333331
            ],
            [
              14.166666666666663,
              83.33333333333333,
              2.499999999999999
            ]
          ]
        },
        {
          "participant": "3223",
          "train_size": 2,
          "n_seeds": 20,
          "n_train_samples_mean": 6.0,
          "n_test_samples_mean": 36.0,
          "test_acc_mean": 0.6458333333333333,
          "test_acc_std": 0.06676101997553766,
          "test_bal_acc_mean": 0.6458333333333333,
          "test_bal_acc_std": 0.06676101997553763,
          "test_f1_mean": 0.6142650039464453,
          "test_f1_std": 0.06324832634739815,
          "test_kappa_mean": 0.46875,
          "test_kappa_std": 0.10014152996330651,
          "confusion_matrix": [
            [
              75.83333333333334,
              0.41666666666666663,
              23.749999999999993
            ],
            [
              0.41666666666666663,
              87.91666666666666,
              11.666666666666668
            ],
            [
              21.25,
              48.74999999999999,
              30.0
            ]
          ]
        },
        {
          "participant": "3224",
          "train_size": 2,
          "n_seeds": 20,
          "n_train_samples_mean": 6.0,
          "n_test_samples_mean": 21.0,
          "test_acc_mean": 0.5833333333333333,
          "test_acc_std": 0.13457619801866558,
          "test_bal_acc_mean": 0.4436026936026936,
          "test_bal_acc_std": 0.09005429674634534,
          "test_f1_mean": 0.5911564362037509,
          "test_f1_std": 0.12235436932081094,
          "test_kappa_mean": 0.32067636298723573,
          "test_kappa_std": 0.15526164754002744,
          "confusion_matrix": [
            [
              10.0,
              0.0,
              90.0
            ],
            [
              18.18181818181818,
              53.63636363636364,
              28.18181818181818
            ],
            [
              16.11111111111111,
              14.444444444444446,
              69.44444444444443
            ]
          ]
        },
        {
          "participant": "3225",
          "train_size": 2,
          "n_seeds": 20,
          "n_train_samples_mean": 6.0,
          "n_test_samples_mean": 36.0,
          "test_acc_mean": 0.5513888888888889,
          "test_acc_std": 0.09506803076920224,
          "test_bal_acc_mean": 0.5513888888888889,
          "test_bal_acc_std": 0.09506803076920223,
          "test_f1_mean": 0.499389286012118,
          "test_f1_std": 0.12372587169495416,
          "test_kappa_mean": 0.32708333333333334,
          "test_kappa_std": 0.14260204615380337,
          "confusion_matrix": [
            [
              64.16666666666666,
              29.583333333333332,
              6.249999999999998
            ],
            [
              12.083333333333332,
              78.33333333333334,
              9.583333333333332
            ],
            [
              14.166666666666666,
              62.916666666666664,
              22.916666666666664
            ]
          ]
        },
        {
          "participant": "3226",
          "train_size": 2,
          "n_seeds": 20,
          "n_train_samples_mean": 6.0,
          "n_test_samples_mean": 36.0,
          "test_acc_mean": 0.6166666666666667,
          "test_acc_std": 0.06839855680567693,
          "test_bal_acc_mean": 0.6166666666666667,
          "test_bal_acc_std": 0.06839855680567693,
          "test_f1_mean": 0.5758692687891064,
          "test_f1_std": 0.08834556143480796,
          "test_kappa_mean": 0.425,
          "test_kappa_std": 0.10259783520851544,
          "confusion_matrix": [
            [
              97.5,
              2.5,
              0.0
            ],
            [
              1.6666666666666665,
              67.5,
              30.833333333333336
            ],
            [
              4.166666666666666,
              75.83333333333334,
              19.999999999999996
            ]
          ]
        },
        {
          "participant": "3227",
          "train_size": 2,
          "n_seeds": 20,
          "n_train_samples_mean": 6.0,
          "n_test_samples_mean": 36.0,
          "test_acc_mean": 0.6513888888888889,
          "test_acc_std": 0.10254834514958044,
          "test_bal_acc_mean": 0.6513888888888889,
          "test_bal_acc_std": 0.10254834514958046,
          "test_f1_mean": 0.6361114527406098,
          "test_f1_std": 0.11060194499742414,
          "test_kappa_mean": 0.4770833333333333,
          "test_kappa_std": 0.15382251772437067,
          "confusion_matrix": [
            [
              92.49999999999999,
              7.5,
              0.0
            ],
            [
              45.41666666666667,
              49.58333333333333,
              4.999999999999998
            ],
            [
              36.66666666666667,
              9.999999999999998,
              53.333333333333336
            ]
          ]
        },
        {
          "participant": "3228",
          "train_size": 2,
          "n_seeds": 20,
          "n_train_samples_mean": 6.0,
          "n_test_samples_mean": 27.0,
          "test_acc_mean": 0.4481481481481482,
          "test_acc_std": 0.061153922035696036,
          "test_bal_acc_mean": 0.35277777777777775,
          "test_bal_acc_std": 0.04424296436764141,
          "test_f1_mean": 0.39684693854996106,
          "test_f1_std": 0.0755026300683511,
          "test_kappa_mean": 0.038275842945873995,
          "test_kappa_std": 0.09558115482102388,
          "confusion_matrix": [
            [
              6.666666666666666,
              64.99999999999999,
              28.333333333333325
            ],
            [
              2.083333333333333,
              39.583333333333336,
              58.333333333333336
            ],
            [
              8.333333333333332,
              32.08333333333333,
              59.583333333333336
            ]
          ]
        },
        {
          "participant": "3229",
          "train_size": 2,
          "n_seeds": 20,
          "n_train_samples_mean": 6.0,
          "n_test_samples_mean": 36.0,
          "test_acc_mean": 0.5569444444444445,
          "test_acc_std": 0.06077459178922963,
          "test_bal_acc_mean": 0.5569444444444444,
          "test_bal_acc_std": 0.06077459178922965,
          "test_f1_mean": 0.5367425066416729,
          "test_f1_std": 0.08473872578577024,
          "test_kappa_mean": 0.3354166666666666,
          "test_kappa_std": 0.09116188768384444,
          "confusion_matrix": [
            [
              41.25,
              37.08333333333333,
              21.666666666666664
            ],
            [
              4.166666666666666,
              85.83333333333334,
              9.999999999999998
            ],
            [
              2.916666666666666,
              57.08333333333333,
              40.000000000000014
            ]
          ]
        },
        {
          "participant": "3230",
          "train_size": 2,
          "n_seeds": 20,
          "n_train_samples_mean": 6.0,
          "n_test_samples_mean": 36.0,
          "test_acc_mean": 0.5361111111111112,
          "test_acc_std": 0.04944460871252037,
          "test_bal_acc_mean": 0.5361111111111112,
          "test_bal_acc_std": 0.04944460871252035,
          "test_f1_mean": 0.4717370075952748,
          "test_f1_std": 0.04346087601097501,
          "test_kappa_mean": 0.3041666666666666,
          "test_kappa_std": 0.07416691306878051,
          "confusion_matrix": [
            [
              7.499999999999998,
              3.749999999999999,
              88.75
            ],
            [
              10.416666666666666,
              59.58333333333333,
              29.999999999999993
            ],
            [
              4.166666666666666,
              2.083333333333333,
              93.75000000000001
            ]
          ]
        },
        {
          "participant": "3232",
          "train_size": 2,
          "n_seeds": 20,
          "n_train_samples_mean": 6.0,
          "n_test_samples_mean": 36.0,
          "test_acc_mean": 0.6055555555555556,
          "test_acc_std": 0.07939013806570855,
          "test_bal_acc_mean": 0.6055555555555556,
          "test_bal_acc_std": 0.07939013806570855,
          "test_f1_mean": 0.5896720495706844,
          "test_f1_std": 0.08016027192367085,
          "test_kappa_mean": 0.4083333333333334,
          "test_kappa_std": 0.11908520709856286,
          "confusion_matrix": [
            [
              54.16666666666667,
              35.41666666666666,
              10.416666666666668
            ],
            [
              54.16666666666667,
              42.5,
              3.333333333333333
            ],
            [
              6.666666666666667,
              8.333333333333332,
              85.0
            ]
          ]
        },
        {
          "participant": "3233",
          "train_size": 2,
          "n_seeds": 20,
          "n_train_samples_mean": 6.0,
          "n_test_samples_mean": 36.0,
          "test_acc_mean": 0.6500000000000001,
          "test_acc_std": 0.061389583494786924,
          "test_bal_acc_mean": 0.6500000000000001,
          "test_bal_acc_std": 0.061389583494786945,
          "test_f1_mean": 0.6367472285250738,
          "test_f1_std": 0.06888418568257464,
          "test_kappa_mean": 0.475,
          "test_kappa_std": 0.09208437524218044,
          "confusion_matrix": [
            [
              54.583333333333336,
              15.0,
              30.416666666666668
            ],
            [
              25.416666666666664,
              63.333333333333336,
              11.25
            ],
            [
              11.666666666666668,
              11.249999999999998,
              77.08333333333333
            ]
          ]
        },
        {
          "participant": "3234",
          "train_size": 2,
          "n_seeds": 20,
          "n_train_samples_mean": 6.0,
          "n_test_samples_mean": 36.0,
          "test_acc_mean": 0.38888888888888895,
          "test_acc_std": 0.052550294607050956,
          "test_bal_acc_mean": 0.38888888888888895,
          "test_bal_acc_std": 0.05255029460705097,
          "test_f1_mean": 0.2970593194245739,
          "test_f1_std": 0.07810716474003356,
          "test_kappa_mean": 0.08333333333333333,
          "test_kappa_std": 0.07882544191057646,
          "confusion_matrix": [
            [
              39.58333333333333,
              0.0,
              60.41666666666667
            ],
            [
              33.75000000000001,
              4.583333333333333,
              61.66666666666667
            ],
            [
              26.25,
              1.2499999999999998,
              72.50000000000001
            ]
          ]
        },
        {
          "participant": "3235",
          "train_size": 2,
          "n_seeds": 20,
          "n_train_samples_mean": 6.0,
          "n_test_samples_mean": 35.0,
          "test_acc_mean": 0.49714285714285716,
          "test_acc_std": 0.0581859680191769,
          "test_bal_acc_mean": 0.5078282828282827,
          "test_bal_acc_std": 0.05680946829044678,
          "test_f1_mean": 0.4518134057636359,
          "test_f1_std": 0.056169621087715664,
          "test_kappa_mean": 0.2503179880661689,
          "test_kappa_std": 0.08441217092685523,
          "confusion_matrix": [
            [
              88.1818181818182,
              11.363636363636365,
              0.4545454545454546
            ],
            [
              44.16666666666667,
              40.41666666666667,
              15.416666666666666
            ],
            [
              11.666666666666666,
              64.58333333333333,
              23.75
            ]
          ]
        },
        {
          "participant": "3236",
          "train_size": 2,
          "n_seeds": 20,
          "n_train_samples_mean": 6.0,
          "n_test_samples_mean": 28.0,
          "test_acc_mean": 0.6732142857142857,
          "test_acc_std": 0.0998622843341681,
          "test_bal_acc_mean": 0.5930555555555556,
          "test_bal_acc_std": 0.08024238378778024,
          "test_f1_mean": 0.6589006179417394,
          "test_f1_std": 0.10336265037490643,
          "test_kappa_mean": 0.4538331117094404,
          "test_kappa_std": 0.16532356311375546,
          "confusion_matrix": [
            [
              57.5,
              0.41666666666666663,
              42.083333333333336
            ],
            [
              0.0,
              31.25,
              68.75
            ],
            [
              0.0,
              10.833333333333332,
              89.16666666666667
            ]
          ]
        },
        {
          "participant": "3237",
          "train_size": 2,
          "n_seeds": 20,
          "n_train_samples_mean": 6.0,
          "n_test_samples_mean": 33.0,
          "test_acc_mean": 0.5106060606060605,
          "test_acc_std": 0.1037105790209479,
          "test_bal_acc_mean": 0.525,
          "test_bal_acc_std": 0.09538196148264137,
          "test_f1_mean": 0.4734294734976294,
          "test_f1_std": 0.10986259917788155,
          "test_kappa_mean": 0.28214334915268724,
          "test_kappa_std": 0.14037216762804405,
          "confusion_matrix": [
            [
              50.0,
              37.5,
              12.5
            ],
            [
              8.333333333333332,
              68.33333333333334,
              23.33333333333333
            ],
            [
              18.333333333333336,
              42.5,
              39.166666666666664
            ]
          ]
        },
        {
          "participant": "3238",
          "train_size": 2,
          "n_seeds": 20,
          "n_train_samples_mean": 6.0,
          "n_test_samples_mean": 36.0,
          "test_acc_mean": 0.39722222222222225,
          "test_acc_std": 0.06315044898714063,
          "test_bal_acc_mean": 0.39722222222222225,
          "test_bal_acc_std": 0.06315044898714066,
          "test_f1_mean": 0.35698997361506163,
          "test_f1_std": 0.0802045281890841,
          "test_kappa_mean": 0.09583333333333333,
          "test_kappa_std": 0.09472567348071098,
          "confusion_matrix": [
            [
              15.0,
              75.41666666666666,
              9.583333333333334
            ],
            [
              2.083333333333333,
              47.91666666666667,
              49.99999999999999
            ],
            [
              3.75,
              40.0,
              56.250000000000014
            ]
          ]
        },
        {
          "participant": "3239",
          "train_size": 2,
          "n_seeds": 20,
          "n_train_samples_mean": 6.0,
          "n_test_samples_mean": 35.0,
          "test_acc_mean": 0.647142857142857,
          "test_acc_std": 0.09952626779230671,
          "test_bal_acc_mean": 0.6482323232323232,
          "test_bal_acc_std": 0.09552877631486757,
          "test_f1_mean": 0.6363980715328708,
          "test_f1_std": 0.12244753645707902,
          "test_kappa_mean": 0.47376704352085247,
          "test_kappa_std": 0.144968094708806,
          "confusion_matrix": [
            [
              55.833333333333336,
              39.999999999999986,
              4.166666666666666
            ],
            [
              16.36363636363636,
              68.63636363636364,
              15.000000000000004
            ],
            [
              5.0,
              25.0,
              70.0
            ]
          ]
        },
        {
          "participant": "3240",
          "train_size": 2,
          "n_seeds": 20,
          "n_train_samples_mean": 6.0,
          "n_test_samples_mean": 34.0,
          "test_acc_mean": 0.6882352941176471,
          "test_acc_std": 0.10161686858160632,
          "test_bal_acc_mean": 0.6872474747474747,
          "test_bal_acc_std": 0.10211804318183017,
          "test_f1_mean": 0.6729338891569574,
          "test_f1_std": 0.12028694296626861,
          "test_kappa_mean": 0.5326498626134845,
          "test_kappa_std": 0.151975877567459,
          "confusion_matrix": [
            [
              86.81818181818183,
              8.181818181818183,
              5.000000000000001
            ],
            [
              26.249999999999993,
              72.08333333333333,
              1.6666666666666665
            ],
            [
              39.999999999999986,
              12.727272727272727,
              47.27272727272728
            ]
          ]
        },
        {
          "participant": "3241",
          "train_size": 2,
          "n_seeds": 20,
          "n_train_samples_mean": 6.0,
          "n_test_samples_mean": 36.0,
          "test_acc_mean": 0.3833333333333333,
          "test_acc_std": 0.08289357652580667,
          "test_bal_acc_mean": 0.3833333333333333,
          "test_bal_acc_std": 0.08289357652580667,
          "test_f1_mean": 0.3592777303049364,
          "test_f1_std": 0.10448896726221192,
          "test_kappa_mean": 0.07499999999999998,
          "test_kappa_std": 0.12434036478871001,
          "confusion_matrix": [
            [
              33.74999999999999,
              56.66666666666667,
              9.583333333333334
            ],
            [
              34.583333333333336,
              56.66666666666665,
              8.750000000000002
            ],
            [
              14.583333333333334,
              60.833333333333336,
              24.583333333333325
            ]
          ]
        },
        {
          "participant": "3242",
          "train_size": 2,
          "n_seeds": 20,
          "n_train_samples_mean": 6.0,
          "n_test_samples_mean": 36.0,
          "test_acc_mean": 0.44722222222222224,
          "test_acc_std": 0.055482407985247506,
          "test_bal_acc_mean": 0.44722222222222224,
          "test_bal_acc_std": 0.05548240798524749,
          "test_f1_mean": 0.40816803231772025,
          "test_f1_std": 0.07239708922133094,
          "test_kappa_mean": 0.17083333333333334,
          "test_kappa_std": 0.08322361197787125,
          "confusion_matrix": [
            [
              20.416666666666664,
              21.666666666666668,
              57.91666666666665
            ],
            [
              5.416666666666666,
              72.91666666666666,
              21.666666666666668
            ],
            [
              0.8333333333333333,
              58.33333333333335,
              40.833333333333336
            ]
          ]
        },
        {
          "participant": "3243",
          "train_size": 2,
          "n_seeds": 20,
          "n_train_samples_mean": 6.0,
          "n_test_samples_mean": 35.0,
          "test_acc_mean": 0.6242857142857142,
          "test_acc_std": 0.07373712999174825,
          "test_bal_acc_mean": 0.6287878787878789,
          "test_bal_acc_std": 0.07315666406441083,
          "test_f1_mean": 0.6113012457123862,
          "test_f1_std": 0.09136095118098754,
          "test_kappa_mean": 0.44039348711412696,
          "test_kappa_std": 0.10926617614474368,
          "confusion_matrix": [
            [
              78.63636363636365,
              19.545454545454547,
              1.8181818181818183
            ],
            [
              52.083333333333336,
              47.5,
              0.41666666666666663
            ],
            [
              19.999999999999996,
              17.499999999999996,
              62.5
            ]
          ]
        },
        {
          "participant": "3244",
          "train_size": 2,
          "n_seeds": 20,
          "n_train_samples_mean": 6.0,
          "n_test_samples_mean": 36.0,
          "test_acc_mean": 0.5513888888888889,
          "test_acc_std": 0.06700389852205615,
          "test_bal_acc_mean": 0.5513888888888888,
          "test_bal_acc_std": 0.06700389852205615,
          "test_f1_mean": 0.5295885920367212,
          "test_f1_std": 0.07887399332996797,
          "test_kappa_mean": 0.32708333333333334,
          "test_kappa_std": 0.1005058477830842,
          "confusion_matrix": [
            [
              44.58333333333334,
              17.083333333333336,
              38.33333333333333
            ],
            [
              9.999999999999998,
              82.08333333333333,
              7.916666666666667
            ],
            [
              37.91666666666667,
              23.333333333333332,
              38.75
            ]
          ]
        },
        {
          "participant": "3245",
          "train_size": 2,
          "n_seeds": 20,
          "n_train_samples_mean": 6.0,
          "n_test_samples_mean": 34.0,
          "test_acc_mean": 0.711764705882353,
          "test_acc_std": 0.053641735654646534,
          "test_bal_acc_mean": 0.7066666666666667,
          "test_bal_acc_std": 0.05330530452570642,
          "test_f1_mean": 0.7092779006321266,
          "test_f1_std": 0.05496177437904399,
          "test_kappa_mean": 0.5662602387325986,
          "test_kappa_std": 0.08001496239560778,
          "confusion_matrix": [
            [
              72.91666666666666,
              8.333333333333334,
              18.749999999999993
            ],
            [
              10.0,
              77.08333333333334,
              12.916666666666668
            ],
            [
              2.0,
              36.0,
              62.0
            ]
          ]
        },
        {
          "participant": "3246",
          "train_size": 2,
          "n_seeds": 20,
          "n_train_samples_mean": 6.0,
          "n_test_samples_mean": 36.0,
          "test_acc_mean": 0.3041666666666666,
          "test_acc_std": 0.05590169943749474,
          "test_bal_acc_mean": 0.3041666666666666,
          "test_bal_acc_std": 0.055901699437494755,
          "test_f1_mean": 0.31174233041469857,
          "test_f1_std": 0.05156718564998519,
          "test_kappa_mean": -0.04375000000000001,
          "test_kappa_std": 0.0838525491562421,
          "confusion_matrix": [
            [
              11.666666666666664,
              3.749999999999999,
              84.58333333333333
            ],
            [
              51.666666666666664,
              35.41666666666667,
              12.916666666666663
            ],
            [
              53.749999999999986,
              2.083333333333333,
              44.16666666666667
            ]
          ]
        },
        {
          "participant": "3247",
          "train_size": 2,
          "n_seeds": 20,
          "n_train_samples_mean": 6.0,
          "n_test_samples_mean": 36.0,
          "test_acc_mean": 0.4625,
          "test_acc_std": 0.06326288787635402,
          "test_bal_acc_mean": 0.4625,
          "test_bal_acc_std": 0.06326288787635402,
          "test_f1_mean": 0.3989566583912927,
          "test_f1_std": 0.08631639452743135,
          "test_kappa_mean": 0.19375,
          "test_kappa_std": 0.09489433181453104,
          "confusion_matrix": [
            [
              26.666666666666664,
              60.833333333333336,
              12.499999999999998
            ],
            [
              10.833333333333334,
              89.16666666666667,
              0.0
            ],
            [
              22.916666666666664,
              54.16666666666667,
              22.916666666666664
            ]
          ]
        },
        {
          "participant": "3248",
          "train_size": 2,
          "n_seeds": 20,
          "n_train_samples_mean": 6.0,
          "n_test_samples_mean": 35.0,
          "test_acc_mean": 0.5871428571428571,
          "test_acc_std": 0.07208718912303753,
          "test_bal_acc_mean": 0.5986111111111111,
          "test_bal_acc_std": 0.07008476720295315,
          "test_f1_mean": 0.5499215598630964,
          "test_f1_std": 0.08883176995712254,
          "test_kappa_mean": 0.38497281376956793,
          "test_kappa_std": 0.10488435635713927,
          "confusion_matrix": [
            [
              100.0,
              0.0,
              0.0
            ],
            [
              29.999999999999993,
              30.416666666666668,
              39.58333333333333
            ],
            [
              17.916666666666664,
              32.91666666666667,
              49.16666666666667
            ]
          ]
        },
        {
          "participant": "3250",
          "train_size": 2,
          "n_seeds": 20,
          "n_train_samples_mean": 6.0,
          "n_test_samples_mean": 36.0,
          "test_acc_mean": 0.523611111111111,
          "test_acc_std": 0.07661781221620675,
          "test_bal_acc_mean": 0.523611111111111,
          "test_bal_acc_std": 0.07661781221620673,
          "test_f1_mean": 0.4654052505138214,
          "test_f1_std": 0.10104774108006402,
          "test_kappa_mean": 0.28541666666666665,
          "test_kappa_std": 0.11492671832431017,
          "confusion_matrix": [
            [
              17.499999999999996,
              7.083333333333331,
              75.41666666666666
            ],
            [
              1.25,
              52.91666666666665,
              45.833333333333336
            ],
            [
              2.9166666666666656,
              10.416666666666668,
              86.66666666666669
            ]
          ]
        }
      ]
    },
    {
      "aggregated": {
        "train_size": 3,
        "n_participants": 35,
        "n_seeds": 20,
        "test_acc_mean": 0.6061638034009001,
        "test_acc_std": 0.1392580160140894,
        "test_bal_acc_mean": 0.6011598124098123,
        "test_bal_acc_std": 0.14187854926232754,
        "test_f1_mean": 0.5808084773528391,
        "test_f1_std": 0.15375007334994223,
        "test_kappa_mean": 0.40445416803805023,
        "test_kappa_std": 0.20996658933052134,
        "confusion_matrix": [
          [
            64.54935064935064,
            15.779220779220775,
            19.67142857142857
          ],
          [
            19.123376623376622,
            53.25357142857143,
            27.62305194805195
          ],
          [
            13.838095238095239,
            23.616883116883116,
            62.54502164502164
          ]
        ]
      },
      "per_participant": [
        {
          "participant": "3208",
          "train_size": 3,
          "n_seeds": 20,
          "n_train_samples_mean": 9.0,
          "n_test_samples_mean": 33.0,
          "test_acc_mean": 0.6757575757575757,
          "test_acc_std": 0.042967584636175664,
          "test_bal_acc_mean": 0.6757575757575757,
          "test_bal_acc_std": 0.042967584636175615,
          "test_f1_mean": 0.6755711409956261,
          "test_f1_std": 0.0415528316428854,
          "test_kappa_mean": 0.5136363636363636,
          "test_kappa_std": 0.06445137695426344,
          "confusion_matrix": [
            [
              80.45454545454547,
              10.90909090909091,
              8.636363636363637
            ],
            [
              9.090909090909092,
              60.0,
              30.909090909090907
            ],
            [
              6.818181818181818,
              30.909090909090914,
              62.27272727272727
            ]
          ]
        },
        {
          "participant": "3209",
          "train_size": 3,
          "n_seeds": 20,
          "n_train_samples_mean": 9.0,
          "n_test_samples_mean": 32.0,
          "test_acc_mean": 0.85625,
          "test_acc_std": 0.021267407730585018,
          "test_bal_acc_mean": 0.8466666666666667,
          "test_bal_acc_std": 0.022685234912624013,
          "test_f1_mean": 0.8411990622335891,
          "test_f1_std": 0.025816246104093523,
          "test_kappa_mean": 0.7826677030869361,
          "test_kappa_std": 0.03232326651362508,
          "confusion_matrix": [
            [
              100.0,
              0.0,
              0.0
            ],
            [
              0.0,
              100.0,
              0.0
            ],
            [
              25.0,
              21.0,
              54.0
            ]
          ]
        },
        {
          "participant": "3214",
          "train_size": 3,
          "n_seeds": 20,
          "n_train_samples_mean": 9.0,
          "n_test_samples_mean": 33.0,
          "test_acc_mean": 0.3545454545454545,
          "test_acc_std": 0.04065578140908709,
          "test_bal_acc_mean": 0.3545454545454545,
          "test_bal_acc_std": 0.04065578140908709,
          "test_f1_mean": 0.20401784026145905,
          "test_f1_std": 0.07125683670282397,
          "test_kappa_mean": 0.0318181818181818,
          "test_kappa_std": 0.060983672113630594,
          "confusion_matrix": [
            [
              100.0,
              0.0,
