{
  "name": "eye_ecg",
  "config": {
    "n_seeds": 20,
    "feature_selection": "backward",
    "use_pose_derivatives": true,
    "use_time_features": false,
    "include_order": false,
    "normalize_features": true,
    "class_config": "all",
    "use_pca": false,
    "pca_variance": 0.9,
    "write_cm": true,
    "tune_hyperparameters": false,
    "tune_n_iter": 30,
    "tune_cv_folds": 5,
    "name": "eye_ecg",
    "feature_groups": [
      "eye_tracking",
      "ecg"
    ],
    "split_strategy": "participant_specific",
    "sampling_strategy": "temporal_stratified"
  },
  "sampling_strategy": "temporal_stratified",
  "n_seeds": 20,
  "learning_curve": [
    {
      "aggregated": {
        "train_size": 2,
        "n_participants": 36,
        "n_seeds": 20,
        "test_acc_mean": 0.5515057731846948,
        "test_acc_std": 0.1192150767512329,
        "test_bal_acc_mean": 0.5460657500935279,
        "test_bal_acc_std": 0.12229337007809961,
        "test_f1_mean": 0.5142278853029594,
        "test_f1_std": 0.13523045960885027,
        "test_kappa_mean": 0.3232992487709399,
        "test_kappa_std": 0.17993830070164787,
        "confusion_matrix": [
          [
            59.181397306397315,
            18.04292929292929,
            22.7756734006734
          ],
          [
            22.050364758698095,
            53.586910774410775,
            24.36272446689113
          ],
          [
            18.479447250280586,
            30.469135802469136,
            51.051416947250274
          ]
        ]
      },
      "per_participant": [
        {
          "participant": "3208",
          "train_size": 2,
          "n_seeds": 20,
          "n_train_samples_mean": 6.0,
          "n_test_samples_mean": 36.0,
          "test_acc_mean": 0.6027777777777777,
          "test_acc_std": 0.10239973146082397,
          "test_bal_acc_mean": 0.6027777777777777,
          "test_bal_acc_std": 0.10239973146082397,
          "test_f1_mean": 0.5882291134863213,
          "test_f1_std": 0.11498869146346696,
          "test_kappa_mean": 0.4041666666666666,
          "test_kappa_std": 0.15359959719123595,
          "confusion_matrix": [
            [
              45.416666666666664,
              41.66666666666667,
              12.916666666666668
            ],
            [
              0.8333333333333333,
              65.41666666666666,
              33.75
            ],
            [
              3.333333333333333,
              26.666666666666664,
              69.99999999999999
            ]
          ]
        },
        {
          "participant": "3209",
          "train_size": 2,
          "n_seeds": 20,
          "n_train_samples_mean": 6.0,
          "n_test_samples_mean": 35.0,
          "test_acc_mean": 0.6042857142857143,
          "test_acc_std": 0.11844861834555069,
          "test_bal_acc_mean": 0.5897727272727273,
          "test_bal_acc_std": 0.11749310574723391,
          "test_f1_mean": 0.516478131078101,
          "test_f1_std": 0.13948000364740046,
          "test_kappa_mean": 0.3985190405510058,
          "test_kappa_std": 0.18045930697171228,
          "confusion_matrix": [
            [
              98.75,
              0.41666666666666663,
              0.8333333333333333
            ],
            [
              28.333333333333332,
              70.0,
              1.6666666666666665
            ],
            [
              75.45454545454544,
              16.363636363636367,
              8.181818181818183
            ]
          ]
        },
        {
          "participant": "3214",
          "train_size": 2,
          "n_seeds": 20,
          "n_train_samples_mean": 6.0,
          "n_test_samples_mean": 36.0,
          "test_acc_mean": 0.3444444444444444,
          "test_acc_std": 0.01890436242718669,
          "test_bal_acc_mean": 0.3444444444444444,
          "test_bal_acc_std": 0.018904362427186686,
          "test_f1_mean": 0.18968108806409906,
          "test_f1_std": 0.04046711112363143,
          "test_kappa_mean": 0.016666666666666663,
          "test_kappa_std": 0.028356543640780028,
          "confusion_matrix": [
            [
              99.58333333333333,
              0.0,
              0.41666666666666663
            ],
            [
              99.16666666666667,
              0.41666666666666663,
              0.41666666666666663
            ],
            [
              96.66666666666666,
              0.0,
              3.333333333333333
            ]
          ]
        },
        {
          "participant": "3215",
          "train_size": 2,
          "n_seeds": 20,
          "n_train_samples_mean": 6.0,
          "n_test_samples_mean": 36.0,
          "test_acc_mean": 0.3861111111111112,
          "test_acc_std": 0.07480752864371591,
          "test_bal_acc_mean": 0.3861111111111112,
          "test_bal_acc_std": 0.0748075286437159,
          "test_f1_mean": 0.3891143831375372,
          "test_f1_std": 0.06123515003473443,
          "test_kappa_mean": 0.07916666666666665,
          "test_kappa_std": 0.11221129296557388,
          "confusion_matrix": [
            [
              79.58333333333334,
              7.499999999999998,
              12.916666666666668
            ],
            [
              10.0,
              19.583333333333336,
              70.41666666666667
            ],
            [
              0.0,
              83.33333333333334,
              16.666666666666664
            ]
          ]
        },
        {
          "participant": "3216",
          "train_size": 2,
          "n_seeds": 20,
          "n_train_samples_mean": 6.0,
          "n_test_samples_mean": 34.0,
          "test_acc_mean": 0.6794117647058823,
          "test_acc_std": 0.05389576265869492,
          "test_bal_acc_mean": 0.6880555555555554,
          "test_bal_acc_std": 0.054261986904941065,
          "test_f1_mean": 0.6676747923071528,
          "test_f1_std": 0.0695205957368625,
          "test_kappa_mean": 0.5246981660783354,
          "test_kappa_std": 0.08006730103044098,
          "confusion_matrix": [
            [
              79.58333333333334,
              4.999999999999998,
              15.416666666666668
            ],
            [
              9.583333333333332,
              43.33333333333333,
              47.083333333333336
            ],
            [
              4.5,
              12.0,
              83.5
            ]
          ]
        },
        {
          "participant": "3217",
          "train_size": 2,
          "n_seeds": 20,
          "n_train_samples_mean": 6.0,
          "n_test_samples_mean": 36.0,
          "test_acc_mean": 0.5347222222222222,
          "test_acc_std": 0.07258959644928856,
          "test_bal_acc_mean": 0.5347222222222222,
          "test_bal_acc_std": 0.07258959644928853,
          "test_f1_mean": 0.4809700733119291,
          "test_f1_std": 0.08561292491643233,
          "test_kappa_mean": 0.30208333333333337,
          "test_kappa_std": 0.10888439467393282,
          "confusion_matrix": [
            [
              96.66666666666667,
              2.9166666666666656,
              0.41666666666666663
            ],
            [
              64.16666666666666,
              21.666666666666664,
              14.166666666666666
            ],
            [
              34.999999999999986,
              22.916666666666664,
              42.083333333333336
            ]
          ]
        },
        {
          "participant": "3218",
          "train_size": 2,
          "n_seeds": 20,
          "n_train_samples_mean": 6.0,
          "n_test_samples_mean": 36.0,
          "test_acc_mean": 0.49861111111111117,
          "test_acc_std": 0.11201206365458384,
          "test_bal_acc_mean": 0.49861111111111117,
          "test_bal_acc_std": 0.11201206365458385,
          "test_f1_mean": 0.446294074423711,
          "test_f1_std": 0.10969190604561276,
          "test_kappa_mean": 0.24791666666666665,
          "test_kappa_std": 0.16801809548187577,
          "confusion_matrix": [
            [
              47.5,
              8.333333333333334,
              44.166666666666664
            ],
            [
              0.8333333333333333,
              87.08333333333334,
              12.083333333333334
            ],
            [
              3.333333333333333,
              81.66666666666666,
              14.999999999999996
            ]
          ]
        },
        {
          "participant": "3219",
          "train_size": 2,
          "n_seeds": 20,
          "n_train_samples_mean": 6.0,
          "n_test_samples_mean": 34.0,
          "test_acc_mean": 0.6323529411764705,
          "test_acc_std": 0.08667348408154438,
          "test_bal_acc_mean": 0.6354797979797979,
          "test_bal_acc_std": 0.0874745318442521,
          "test_f1_mean": 0.59914888975161,
          "test_f1_std": 0.1085464219666636,
          "test_kappa_mean": 0.4479127629008562,
          "test_kappa_std": 0.13056058841381787,
          "confusion_matrix": [
            [
              98.18181818181817,
              0.0,
              1.8181818181818183
            ],
            [
              10.90909090909091,
              39.54545454545455,
              49.54545454545454
            ],
            [
              37.91666666666667,
              9.166666666666664,
              52.916666666666664
            ]
          ]
        },
        {
          "participant": "3220",
          "train_size": 2,
          "n_seeds": 20,
          "n_train_samples_mean": 6.0,
          "n_test_samples_mean": 36.0,
          "test_acc_mean": 0.6,
          "test_acc_std": 0.04359569698171639,
          "test_bal_acc_mean": 0.6,
          "test_bal_acc_std": 0.04359569698171638,
          "test_f1_mean": 0.5561409475355504,
          "test_f1_std": 0.04747741513336763,
          "test_kappa_mean": 0.4,
          "test_kappa_std": 0.06539354547257463,
          "confusion_matrix": [
            [
              66.24999999999999,
              10.416666666666668,
              23.333333333333332
            ],
            [
              37.5,
              22.916666666666664,
              39.58333333333333
            ],
            [
              6.249999999999999,
              2.9166666666666656,
              90.83333333333334
            ]
          ]
        },
        {
          "participant": "3221",
          "train_size": 2,
          "n_seeds": 20,
          "n_train_samples_mean": 6.0,
          "n_test_samples_mean": 36.0,
          "test_acc_mean": 0.4416666666666666,
          "test_acc_std": 0.0795434503515353,
          "test_bal_acc_mean": 0.4416666666666666,
          "test_bal_acc_std": 0.0795434503515353,
          "test_f1_mean": 0.34253920520014364,
          "test_f1_std": 0.09354553153393359,
          "test_kappa_mean": 0.16249999999999998,
          "test_kappa_std": 0.11931517552730295,
          "confusion_matrix": [
            [
              35.83333333333333,
              57.499999999999986,
              6.666666666666667
            ],
            [
              1.6666666666666665,
              94.58333333333333,
              3.749999999999999
            ],
            [
              16.249999999999996,
              81.66666666666666,
              2.083333333333333
            ]
          ]
        },
        {
          "participant": "3223",
          "train_size": 2,
          "n_seeds": 20,
          "n_train_samples_mean": 6.0,
          "n_test_samples_mean": 36.0,
          "test_acc_mean": 0.7111111111111111,
          "test_acc_std": 0.05050106310681766,
          "test_bal_acc_mean": 0.7111111111111111,
          "test_bal_acc_std": 0.05050106310681769,
          "test_f1_mean": 0.6745598269852373,
          "test_f1_std": 0.06422540991595968,
          "test_kappa_mean": 0.5666666666666667,
          "test_kappa_std": 0.07575159466022645,
          "confusion_matrix": [
            [
              83.75,
              0.0,
              16.25
            ],
            [
              0.0,
              97.91666666666667,
              2.083333333333333
            ],
            [
              8.333333333333332,
              60.000000000000014,
              31.666666666666675
            ]
          ]
        },
        {
          "participant": "3224",
          "train_size": 2,
          "n_seeds": 20,
          "n_train_samples_mean": 6.0,
          "n_test_samples_mean": 21.0,
          "test_acc_mean": 0.46428571428571425,
          "test_acc_std": 0.1023357713444827,
          "test_bal_acc_mean": 0.3402356902356902,
          "test_bal_acc_std": 0.07077433658530477,
          "test_f1_mean": 0.438156329040559,
          "test_f1_std": 0.12021028473244184,
          "test_kappa_mean": 0.11567120396072136,
          "test_kappa_std": 0.15467184321880656,
          "confusion_matrix": [
            [
              0.0,
              0.0,
              100.0
            ],
            [
              18.636363636363633,
              28.18181818181818,
              53.18181818181817
            ],
            [
              10.555555555555557,
              15.555555555555554,
              73.88888888888889
            ]
          ]
        },
        {
          "participant": "3225",
          "train_size": 2,
          "n_seeds": 20,
          "n_train_samples_mean": 6.0,
          "n_test_samples_mean": 36.0,
          "test_acc_mean": 0.5361111111111112,
          "test_acc_std": 0.0878872660853722,
          "test_bal_acc_mean": 0.5361111111111111,
          "test_bal_acc_std": 0.08788726608537217,
          "test_f1_mean": 0.4962428430587945,
          "test_f1_std": 0.10862039677514139,
          "test_kappa_mean": 0.30416666666666664,
          "test_kappa_std": 0.1318308991280583,
          "confusion_matrix": [
            [
              59.166666666666664,
              36.24999999999999,
              4.583333333333332
            ],
            [
              18.75,
              74.58333333333334,
              6.666666666666666
            ],
            [
              22.916666666666664,
              49.999999999999986,
              27.083333333333332
            ]
          ]
        },
        {
          "participant": "3226",
          "train_size": 2,
          "n_seeds": 20,
          "n_train_samples_mean": 6.0,
          "n_test_samples_mean": 36.0,
          "test_acc_mean": 0.6055555555555555,
          "test_acc_std": 0.04090433219675682,
          "test_bal_acc_mean": 0.6055555555555555,
          "test_bal_acc_std": 0.040904332196756835,
          "test_f1_mean": 0.5686079149574158,
          "test_f1_std": 0.0533143170272674,
          "test_kappa_mean": 0.4083333333333333,
          "test_kappa_std": 0.06135649829513526,
          "confusion_matrix": [
            [
              100.0,
              0.0,
              0.0
            ],
            [
              2.083333333333333,
              63.333333333333336,
              34.58333333333333
            ],
            [
              1.6666666666666665,
              80.0,
              18.33333333333333
            ]
          ]
        },
        {
          "participant": "3227",
          "train_size": 2,
          "n_seeds": 20,
          "n_train_samples_mean": 6.0,
          "n_test_samples_mean": 36.0,
          "test_acc_mean": 0.6277777777777778,
          "test_acc_std": 0.11764419214487004,
          "test_bal_acc_mean": 0.6277777777777778,
          "test_bal_acc_std": 0.11764419214487006,
          "test_f1_mean": 0.604898260493764,
          "test_f1_std": 0.13600743740355958,
          "test_kappa_mean": 0.4416666666666666,
          "test_kappa_std": 0.17646628821730506,
          "confusion_matrix": [
            [
              87.91666666666666,
              12.083333333333332,
              0.0
            ],
            [
              43.75,
              51.666666666666664,
              4.583333333333333
            ],
            [
              27.916666666666668,
              23.333333333333332,
              48.75000000000001
            ]
          ]
        },
        {
          "participant": "3228",
          "train_size": 2,
          "n_seeds": 20,
          "n_train_samples_mean": 6.0,
          "n_test_samples_mean": 36.0,
          "test_acc_mean": 0.37777777777777777,
          "test_acc_std": 0.08663067178746209,
          "test_bal_acc_mean": 0.37777777777777777,
          "test_bal_acc_std": 0.08663067178746209,
          "test_f1_mean": 0.3254660002983061,
          "test_f1_std": 0.09311133790006672,
          "test_kappa_mean": 0.06666666666666665,
          "test_kappa_std": 0.1299460076811931,
          "confusion_matrix": [
            [
              9.166666666666666,
              81.25000000000001,
              9.583333333333332
            ],
            [
              0.8333333333333333,
              43.333333333333336,
              55.83333333333333
            ],
            [
              7.5,
              31.666666666666664,
              60.83333333333333
            ]
          ]
        },
        {
          "participant": "3229",
          "train_size": 2,
          "n_seeds": 20,
          "n_train_samples_mean": 6.0,
          "n_test_samples_mean": 36.0,
          "test_acc_mean": 0.5180555555555556,
          "test_acc_std": 0.07446746174672098,
          "test_bal_acc_mean": 0.5180555555555556,
          "test_bal_acc_std": 0.07446746174672099,
          "test_f1_mean": 0.5081108724822224,
          "test_f1_std": 0.08567736226549695,
          "test_kappa_mean": 0.27708333333333335,
          "test_kappa_std": 0.11170119262008144,
          "confusion_matrix": [
            [
              43.33333333333333,
              51.25,
              5.416666666666666
            ],
            [
              30.416666666666664,
              66.66666666666666,
              2.9166666666666656
            ],
            [
              7.916666666666664,
              46.66666666666667,
              45.41666666666667
            ]
          ]
        },
        {
          "participant": "3230",
          "train_size": 2,
          "n_seeds": 20,
          "n_train_samples_mean": 6.0,
          "n_test_samples_mean": 36.0,
          "test_acc_mean": 0.5444444444444445,
          "test_acc_std": 0.045420567370090426,
          "test_bal_acc_mean": 0.5444444444444445,
          "test_bal_acc_std": 0.04542056737009043,
          "test_f1_mean": 0.5042139933595714,
          "test_f1_std": 0.04381683672678676,
          "test_kappa_mean": 0.31666666666666665,
          "test_kappa_std": 0.06813085105513562,
          "confusion_matrix": [
            [
              13.333333333333334,
              1.2499999999999998,
              85.41666666666667
            ],
            [
              3.333333333333332,
              62.916666666666664,
              33.75000000000001
            ],
            [
              7.5,
              5.416666666666666,
              87.08333333333334
            ]
          ]
        },
        {
          "participant": "3232",
          "train_size": 2,
          "n_seeds": 20,
          "n_train_samples_mean": 6.0,
          "n_test_samples_mean": 36.0,
          "test_acc_mean": 0.6152777777777778,
          "test_acc_std": 0.08273420101864543,
          "test_bal_acc_mean": 0.6152777777777777,
          "test_bal_acc_std": 0.08273420101864545,
          "test_f1_mean": 0.5881632514095421,
          "test_f1_std": 0.09123594581571855,
          "test_kappa_mean": 0.4229166666666667,
          "test_kappa_std": 0.12410130152796817,
          "confusion_matrix": [
            [
              40.41666666666667,
              45.83333333333333,
              13.750000000000004
            ],
            [
              42.08333333333333,
              53.75,
              4.166666666666666
            ],
            [
              1.2499999999999998,
              8.333333333333332,
              90.41666666666666
            ]
          ]
        },
        {
          "participant": "3233",
          "train_size": 2,
          "n_seeds": 20,
          "n_train_samples_mean": 6.0,
          "n_test_samples_mean": 36.0,
          "test_acc_mean": 0.6291666666666665,
          "test_acc_std": 0.05352654451915555,
          "test_bal_acc_mean": 0.6291666666666665,
          "test_bal_acc_std": 0.053526544519155554,
          "test_f1_mean": 0.6124350767515012,
          "test_f1_std": 0.06510123498637331,
          "test_kappa_mean": 0.44375,
          "test_kappa_std": 0.08028981677873336,
          "confusion_matrix": [
            [
              55.416666666666664,
              5.416666666666666,
              39.166666666666664
            ],
            [
              27.916666666666668,
              51.25,
              20.833333333333332
            ],
            [
              6.666666666666666,
              11.249999999999998,
              82.08333333333333
            ]
          ]
        },
        {
          "participant": "3234",
          "train_size": 2,
          "n_seeds": 20,
          "n_train_samples_mean": 6.0,
          "n_test_samples_mean": 36.0,
          "test_acc_mean": 0.35138888888888886,
          "test_acc_std": 0.04706716890321748,
          "test_bal_acc_mean": 0.35138888888888886,
          "test_bal_acc_std": 0.04706716890321749,
          "test_f1_mean": 0.2500642487639736,
          "test_f1_std": 0.07136123808195005,
          "test_kappa_mean": 0.02708333333333332,
          "test_kappa_std": 0.07060075335482623,
          "confusion_matrix": [
            [
              35.83333333333333,
              0.0,
              64.16666666666667
            ],
            [
              36.25000000000001,
              3.333333333333333,
              60.41666666666667
            ],
            [
              32.08333333333333,
              1.6666666666666665,
              66.24999999999999
            ]
          ]
        },
        {
          "participant": "3235",
          "train_size": 2,
          "n_seeds": 20,
          "n_train_samples_mean": 6.0,
          "n_test_samples_mean": 35.0,
          "test_acc_mean": 0.49714285714285716,
          "test_acc_std": 0.05744282170857538,
          "test_bal_acc_mean": 0.509090909090909,
          "test_bal_acc_std": 0.05582314368975277,
          "test_f1_mean": 0.4422954058232233,
          "test_f1_std": 0.07153263733778421,
          "test_kappa_mean": 0.250904606775083,
          "test_kappa_std": 0.08340245316630307,
          "confusion_matrix": [
            [
              92.72727272727275,
              7.272727272727273,
              0.0
            ],
            [
              45.416666666666664,
              40.83333333333333,
              13.75
            ],
            [
              12.083333333333332,
              68.75,
              19.166666666666664
            ]
          ]
        },
        {
          "participant": "3236",
          "train_size": 2,
          "n_seeds": 20,
          "n_train_samples_mean": 6.0,
          "n_test_samples_mean": 28.0,
          "test_acc_mean": 0.6285714285714286,
          "test_acc_std": 0.11138229229816553,
          "test_bal_acc_mean": 0.55,
          "test_bal_acc_std": 0.08435051716847201,
          "test_f1_mean": 0.5908967639256159,
          "test_f1_std": 0.1267007000254042,
          "test_kappa_mean": 0.3709527805423831,
          "test_kappa_std": 0.18679930458693786,
          "confusion_matrix": [
            [
              42.91666666666666,
              0.8333333333333333,
              56.25
            ],
            [
              0.0,
              27.5,
              72.5
            ],
            [
              0.0,
              5.416666666666666,
              94.58333333333334
            ]
          ]
        },
        {
          "participant": "3237",
          "train_size": 2,
          "n_seeds": 20,
          "n_train_samples_mean": 6.0,
          "n_test_samples_mean": 33.0,
          "test_acc_mean": 0.5272727272727273,
          "test_acc_std": 0.090322402469163,
          "test_bal_acc_mean": 0.5277777777777778,
          "test_bal_acc_std": 0.07570094561681737,
          "test_f1_mean": 0.49829521627705187,
          "test_f1_std": 0.09444997083747192,
          "test_kappa_mean": 0.2983910575074195,
          "test_kappa_std": 0.12067774750207579,
          "confusion_matrix": [
            [
              56.666666666666664,
              35.83333333333332,
              7.499999999999998
            ],
            [
              15.555555555555554,
              53.333333333333336,
              31.111111111111104
            ],
            [
              20.416666666666664,
              31.25,
              48.33333333333333
            ]
          ]
        },
        {
          "participant": "3238",
          "train_size": 2,
          "n_seeds": 20,
          "n_train_samples_mean": 6.0,
          "n_test_samples_mean": 36.0,
          "test_acc_mean": 0.4805555555555555,
          "test_acc_std": 0.04236740198710681,
          "test_bal_acc_mean": 0.4805555555555555,
          "test_bal_acc_std": 0.0423674019871068,
          "test_f1_mean": 0.4559362939432129,
          "test_f1_std": 0.057542337612928346,
          "test_kappa_mean": 0.22083333333333335,
          "test_kappa_std": 0.06355110298066022,
          "confusion_matrix": [
            [
              24.999999999999993,
              73.33333333333334,
              1.6666666666666665
            ],
            [
              7.083333333333331,
              47.916666666666664,
              44.99999999999999
            ],
            [
              3.7499999999999987,
              25.0,
              71.24999999999999
            ]
          ]
        },
        {
          "participant": "3239",
          "train_size": 2,
          "n_seeds": 20,
          "n_train_samples_mean": 6.0,
          "n_test_samples_mean": 35.0,
          "test_acc_mean": 0.8185714285714287,
          "test_acc_std": 0.06507039895853554,
          "test_bal_acc_mean": 0.8143939393939392,
          "test_bal_acc_std": 0.06470655683271853,
          "test_f1_mean": 0.8098923709607755,
          "test_f1_std": 0.06990773115954806,
          "test_kappa_mean": 0.7273465762939281,
          "test_kappa_std": 0.0973301820595371,
          "confusion_matrix": [
            [
              83.75000000000001,
              14.583333333333332,
              1.6666666666666665
            ],
            [
              9.545454545454547,
              66.81818181818181,
              23.636363636363637
            ],
            [
              0.41666666666666663,
              5.833333333333333,
              93.75
            ]
          ]
        },
        {
          "participant": "3240",
          "train_size": 2,
          "n_seeds": 20,
          "n_train_samples_mean": 6.0,
          "n_test_samples_mean": 34.0,
          "test_acc_mean": 0.6941176470588235,
          "test_acc_std": 0.07949485390568872,
          "test_bal_acc_mean": 0.688510101010101,
          "test_bal_acc_std": 0.08131434893967163,
          "test_f1_mean": 0.669315546891398,
          "test_f1_std": 0.10180136500657602,
          "test_kappa_mean": 0.5378807178241967,
          "test_kappa_std": 0.12081353764414819,
          "confusion_matrix": [
            [
              77.27272727272728,
              15.909090909090907,
              6.818181818181818
            ],
            [
              10.833333333333332,
              87.91666666666667,
              1.2499999999999998
            ],
            [
              20.000000000000004,
              38.63636363636363,
              41.36363636363636
            ]
          ]
        },
        {
          "participant": "3241",
          "train_size": 2,
          "n_seeds": 20,
          "n_train_samples_mean": 6.0,
          "n_test_samples_mean": 36.0,
          "test_acc_mean": 0.47916666666666663,
          "test_acc_std": 0.05472700872586197,
          "test_bal_acc_mean": 0.47916666666666663,
          "test_bal_acc_std": 0.05472700872586196,
          "test_f1_mean": 0.4527823772258155,
          "test_f1_std": 0.06524298196941317,
          "test_kappa_mean": 0.21874999999999994,
          "test_kappa_std": 0.08209051308879298,
          "confusion_matrix": [
            [
              36.25000000000001,
              31.25,
              32.5
            ],
            [
              27.083333333333332,
              51.666666666666664,
              21.250000000000004
            ],
            [
              24.166666666666664,
              20.000000000000007,
              55.83333333333333
            ]
          ]
        },
        {
          "participant": "3242",
          "train_size": 2,
          "n_seeds": 20,
          "n_train_samples_mean": 6.0,
          "n_test_samples_mean": 36.0,
          "test_acc_mean": 0.47916666666666663,
          "test_acc_std": 0.07798374982755697,
          "test_bal_acc_mean": 0.47916666666666663,
          "test_bal_acc_std": 0.07798374982755696,
          "test_f1_mean": 0.44272279979450335,
          "test_f1_std": 0.1036023561228292,
          "test_kappa_mean": 0.21875000000000006,
          "test_kappa_std": 0.11697562474133544,
          "confusion_matrix": [
            [
              26.666666666666664,
              18.333333333333336,
              55.0
            ],
            [
              8.333333333333332,
              79.58333333333333,
              12.083333333333334
            ],
            [
              2.9166666666666665,
              59.583333333333336,
              37.5
            ]
          ]
        },
        {
          "participant": "3243",
          "train_size": 2,
          "n_seeds": 20,
          "n_train_samples_mean": 6.0,
          "n_test_samples_mean": 35.0,
          "test_acc_mean": 0.6957142857142855,
          "test_acc_std": 0.06507039895853559,
          "test_bal_acc_mean": 0.7008838383838384,
          "test_bal_acc_std": 0.06546446255462234,
          "test_f1_mean": 0.6904511452993078,
          "test_f1_std": 0.06272079354696249,
          "test_kappa_mean": 0.5468615232526993,
          "test_kappa_std": 0.09695187319485016,
          "confusion_matrix": [
            [
              88.18181818181817,
              11.363636363636363,
              0.4545454545454546
            ],
            [
              54.58333333333333,
              45.41666666666666,
              0.0
            ],
            [
              11.250000000000002,
              12.083333333333329,
              76.66666666666666
            ]
          ]
        },
        {
          "participant": "3244",
          "train_size": 2,
          "n_seeds": 20,
          "n_train_samples_mean": 6.0,
          "n_test_samples_mean": 36.0,
          "test_acc_mean": 0.5430555555555556,
          "test_acc_std": 0.04892857905103333,
          "test_bal_acc_mean": 0.5430555555555556,
          "test_bal_acc_std": 0.04892857905103333,
          "test_f1_mean": 0.5351762262421783,
          "test_f1_std": 0.04721399699832694,
          "test_kappa_mean": 0.3145833333333333,
          "test_kappa_std": 0.07339286857654997,
          "confusion_matrix": [
            [
              49.166666666666664,
              13.75,
              37.083333333333336
            ],
            [
              15.416666666666668,
              61.25,
              23.333333333333332
            ],
            [
              29.583333333333332,
              17.916666666666664,
              52.499999999999986
            ]
          ]
        },
        {
          "participant": "3245",
          "train_size": 2,
          "n_seeds": 20,
          "n_train_samples_mean": 6.0,
          "n_test_samples_mean": 34.0,
          "test_acc_mean": 0.7632352941176469,
          "test_acc_std": 0.04523859731001873,
          "test_bal_acc_mean": 0.7544444444444445,
          "test_bal_acc_std": 0.04954635007463212,
          "test_f1_mean": 0.7579735882199269,
          "test_f1_std": 0.052320902592109975,
          "test_kappa_mean": 0.6425046186857865,
          "test_kappa_std": 0.06932021902764951,
          "confusion_matrix": [
            [
              86.66666666666667,
              1.2499999999999998,
              12.083333333333332
            ],
            [
              8.333333333333332,
              79.16666666666666,
              12.499999999999998
            ],
            [
              1.0,
              38.5,
              60.5
            ]
          ]
        },
        {
          "participant": "3246",
          "train_size": 2,
          "n_seeds": 20,
          "n_train_samples_mean": 6.0,
          "n_test_samples_mean": 36.0,
          "test_acc_mean": 0.29166666666666663,
          "test_acc_std": 0.048949324686500595,
          "test_bal_acc_mean": 0.29166666666666663,
          "test_bal_acc_std": 0.0489493246865006,
          "test_f1_mean": 0.3015508868375714,
          "test_f1_std": 0.05133686122508148,
          "test_kappa_mean": -0.06249999999999998,
          "test_kappa_std": 0.07342398702975089,
          "confusion_matrix": [
            [
              36.25,
              2.9166666666666656,
              60.833333333333336
            ],
            [
              64.16666666666666,
              30.416666666666664,
              5.416666666666666
            ],
            [
              79.16666666666667,
              0.0,
              20.833333333333332
            ]
          ]
        },
        {
          "participant": "3247",
          "train_size": 2,
          "n_seeds": 20,
          "n_train_samples_mean": 6.0,
          "n_test_samples_mean": 36.0,
          "test_acc_mean": 0.5083333333333333,
          "test_acc_std": 0.042367401987106826,
          "test_bal_acc_mean": 0.5083333333333332,
          "test_bal_acc_std": 0.042367401987106826,
          "test_f1_mean": 0.46659122621918286,
          "test_f1_std": 0.05615520759120457,
          "test_kappa_mean": 0.2625,
          "test_kappa_std": 0.0635511029806602,
          "confusion_matrix": [
            [
              41.66666666666667,
              55.416666666666664,
              2.916666666666666
            ],
            [
              12.916666666666668,
              87.08333333333333,
              0.0
            ],
            [
              28.333333333333336,
              47.916666666666664,
              23.750000000000004
            ]
          ]
        },
        {
          "participant": "3248",
          "train_size": 2,
          "n_seeds": 20,
          "n_train_samples_mean": 6.0,
          "n_test_samples_mean": 35.0,
          "test_acc_mean": 0.6228571428571428,
          "test_acc_std": 0.07096087483430762,
          "test_bal_acc_mean": 0.6333333333333333,
          "test_bal_acc_std": 0.06898973942224348,
          "test_f1_mean": 0.5907369826644173,
          "test_f1_std": 0.08277704360837836,
          "test_kappa_mean": 0.4375465680480886,
          "test_kappa_std": 0.103981407472797,
          "confusion_matrix": [
            [
              100.0,
              0.0,
              0.0
            ],
            [
              25.416666666666668,
              45.83333333333333,
              28.749999999999993
            ],
            [
              15.833333333333332,
              39.99999999999999,
              44.166666666666664
            ]
          ]
        },
        {
          "participant": "3250",
          "train_size": 2,
          "n_seeds": 20,
          "n_train_samples_mean": 6.0,
          "n_test_samples_mean": 36.0,
          "test_acc_mean": 0.5194444444444444,
          "test_acc_std": 0.06185091803989791,
          "test_bal_acc_mean": 0.5194444444444444,
          "test_bal_acc_std": 0.061850918039897895,
          "test_f1_mean": 0.46039772468531215,
          "test_f1_std": 0.0890493960384596,
          "test_kappa_mean": 0.2791666666666667,
          "test_kappa_std": 0.09277637705984686,
          "confusion_matrix": [
            [
              11.666666666666666,
              0.41666666666666663,
              87.91666666666666
            ],
            [
              2.083333333333333,
              62.91666666666667,
              34.99999999999999
            ],
            [
              3.333333333333333,
              15.416666666666668,
              81.25
            ]
          ]
        }
      ]
    },
    {
      "aggregated": {
        "train_size": 3,
        "n_participants": 35,
        "n_seeds": 20,
        "test_acc_mean": 0.6098963727133082,
        "test_acc_std": 0.1491985961821496,
        "test_bal_acc_mean": 0.606814454064454,
        "test_bal_acc_std": 0.15283600347830378,
        "test_f1_mean": 0.5780279733029778,
        "test_f1_std": 0.17044413449776905,
        "test_kappa_mean": 0.4116250647570532,
        "test_kappa_std": 0.2275842107455238,
        "confusion_matrix": [
          [
            64.83636363636363,
            16.8,
            18.363636363636363
          ],
          [
            19.467532467532468,
            53.923701298701296,
            26.608766233766232
          ],
          [
            13.82077922077922,
            22.894949494949497,
            63.28427128427128
          ]
        ]
      },
      "per_participant": [
        {
          "participant": "3208",
          "train_size": 3,
          "n_seeds": 20,
          "n_train_samples_mean": 9.0,
          "n_test_samples_mean": 33.0,
          "test_acc_mean": 0.7393939393939395,
          "test_acc_std": 0.04101086047751239,
          "test_bal_acc_mean": 0.7393939393939394,
          "test_bal_acc_std": 0.04101086047751239,
          "test_f1_mean": 0.7373015653016891,
          "test_f1_std": 0.042222225386699896,
          "test_kappa_mean": 0.609090909090909,
          "test_kappa_std": 0.061516290716268615,
          "confusion_matrix": [
            [
              74.54545454545455,
              8.181818181818183,
              17.272727272727273
            ],
            [
              9.090909090909092,
              60.000000000000014,
              30.909090909090907
            ],
            [
              0.0,
              12.72727272727273,
              87.27272727272728
            ]
          ]
        },
        {
          "participant": "3209",
          "train_size": 3,
          "n_seeds": 20,
          "n_train_samples_mean": 9.0,
          "n_test_samples_mean": 32.0,
          "test_acc_mean": 0.8921875,
          "test_acc_std": 0.035810344267808256,
          "test_bal_acc_mean": 0.8893939393939394,
          "test_bal_acc_std": 0.03658227730615143,
          "test_f1_mean": 0.8901487545056161,
          "test_f1_std": 0.03748926934375918,
          "test_kappa_mean": 0.8379676971260315,
          "test_kappa_std": 0.053819410121272115,
          "confusion_matrix": [
            [
              100.0,
              0.0,
              0.0
            ],
            [
              0.4545454545454546,
              86.81818181818183,
              12.72727272727273
            ],
            [
              14.5,
              5.5,
              80.0
            ]
          ]
        },
        {
          "participant": "3214",
          "train_size": 3,
          "n_seeds": 20,
          "n_train_samples_mean": 9.0,
          "n_test_samples_mean": 33.0,
          "test_acc_mean": 0.33333333333333326,
          "test_acc_std": 5.695323946259567e-17,
          "test_bal_acc_mean": 0.33333333333333326,
          "test_bal_acc_std": 5.695323946259567e-17,
          "test_f1_mean": 0.16666666666666663,
          "test_f1_std": 2.8476619731297836e-17,
          "test_kappa_mean": 0.0,
          "test_kappa_std": 0.0,
