{
  "name": "eye_gsr",
  "config": {
    "n_seeds": 20,
    "feature_selection": "backward",
    "use_pose_derivatives": true,
    "use_time_features": false,
    "include_order": false,
    "normalize_features": true,
    "class_config": "all",
    "use_pca": false,
    "pca_variance": 0.9,
    "write_cm": true,
    "tune_hyperparameters": false,
    "tune_n_iter": 30,
    "tune_cv_folds": 5,
    "name": "eye_gsr",
    "feature_groups": [
      "eye_tracking",
      "gsr"
    ],
    "split_strategy": "participant_specific",
    "sampling_strategy": "temporal_stratified"
  },
  "sampling_strategy": "temporal_stratified",
  "n_seeds": 20,
  "learning_curve": [
    {
      "aggregated": {
        "train_size": 2,
        "n_participants": 39,
        "n_seeds": 20,
        "test_acc_mean": 0.5431370889771835,
        "test_acc_std": 0.15121940128160197,
        "test_bal_acc_mean": 0.5376411397244729,
        "test_bal_acc_std": 0.14922823308907557,
        "test_f1_mean": 0.5191302195886321,
        "test_f1_std": 0.16277942888311991,
        "test_kappa_mean": 0.3110593058548275,
        "test_kappa_std": 0.2260578254278447,
        "confusion_matrix": [
          [
            53.73154623154623,
            21.777389277389272,
            24.491064491064485
          ],
          [
            20.540339290339286,
            53.524831649831654,
            25.93482905982906
          ],
          [
            20.547147297147294,
            25.416888666888667,
            54.03596403596403
          ]
        ]
      },
      "per_participant": [
        {
          "participant": "3208",
          "train_size": 2,
          "n_seeds": 20,
          "n_train_samples_mean": 6.0,
          "n_test_samples_mean": 36.0,
          "test_acc_mean": 0.42361111111111116,
          "test_acc_std": 0.08448281292080861,
          "test_bal_acc_mean": 0.42361111111111116,
          "test_bal_acc_std": 0.08448281292080861,
          "test_f1_mean": 0.39057634515864664,
          "test_f1_std": 0.09717621247894957,
          "test_kappa_mean": 0.13541666666666663,
          "test_kappa_std": 0.12672421938121292,
          "confusion_matrix": [
            [
              47.91666666666667,
              32.5,
              19.583333333333336
            ],
            [
              2.083333333333333,
              62.5,
              35.416666666666664
            ],
            [
              11.666666666666666,
              71.66666666666666,
              16.666666666666664
            ]
          ]
        },
        {
          "participant": "3209",
          "train_size": 2,
          "n_seeds": 20,
          "n_train_samples_mean": 6.0,
          "n_test_samples_mean": 35.0,
          "test_acc_mean": 0.9014285714285715,
          "test_acc_std": 0.05363279693016293,
          "test_bal_acc_mean": 0.8981060606060606,
          "test_bal_acc_std": 0.05625361905419543,
          "test_f1_mean": 0.8986237275613046,
          "test_f1_std": 0.05784979659348098,
          "test_kappa_mean": 0.8516490566079937,
          "test_kappa_std": 0.08105440183101163,
          "confusion_matrix": [
            [
              100.0,
              0.0,
              0.0
            ],
            [
              0.0,
              91.25000000000001,
              8.75
            ],
            [
              20.454545454545446,
              1.3636363636363638,
              78.18181818181819
            ]
          ]
        },
        {
          "participant": "3214",
          "train_size": 2,
          "n_seeds": 20,
          "n_train_samples_mean": 6.0,
          "n_test_samples_mean": 36.0,
          "test_acc_mean": 0.37361111111111106,
          "test_acc_std": 0.08283231454380324,
          "test_bal_acc_mean": 0.37361111111111106,
          "test_bal_acc_std": 0.08283231454380326,
          "test_f1_mean": 0.3587318000606757,
          "test_f1_std": 0.07683044125956356,
          "test_kappa_mean": 0.06041666666666669,
          "test_kappa_std": 0.12424847181570489,
          "confusion_matrix": [
            [
              28.749999999999993,
              2.499999999999999,
              68.75000000000001
            ],
            [
              15.833333333333332,
              41.66666666666667,
              42.499999999999986
            ],
            [
              38.33333333333333,
              19.999999999999993,
              41.666666666666664
            ]
          ]
        },
        {
          "participant": "3215",
          "train_size": 2,
          "n_seeds": 20,
          "n_train_samples_mean": 6.0,
          "n_test_samples_mean": 36.0,
          "test_acc_mean": 0.4013888888888889,
          "test_acc_std": 0.06950289937436059,
          "test_bal_acc_mean": 0.40138888888888885,
          "test_bal_acc_std": 0.06950289937436059,
          "test_f1_mean": 0.3226721700046892,
          "test_f1_std": 0.0970607762859174,
          "test_kappa_mean": 0.10208333333333335,
          "test_kappa_std": 0.10425434906154087,
          "confusion_matrix": [
            [
              83.33333333333334,
              4.583333333333332,
              12.08333333333333
            ],
            [
              58.333333333333336,
              12.083333333333332,
              29.583333333333336
            ],
            [
              56.250000000000014,
              18.749999999999996,
              24.999999999999993
            ]
          ]
        },
        {
          "participant": "3216",
          "train_size": 2,
          "n_seeds": 20,
          "n_train_samples_mean": 6.0,
          "n_test_samples_mean": 34.0,
          "test_acc_mean": 0.538235294117647,
          "test_acc_std": 0.03583181743104281,
          "test_bal_acc_mean": 0.538888888888889,
          "test_bal_acc_std": 0.03609423807330289,
          "test_f1_mean": 0.5389323263587552,
          "test_f1_std": 0.03471850606702398,
          "test_kappa_mean": 0.3051676728046918,
          "test_kappa_std": 0.054392867916627126,
          "confusion_matrix": [
            [
              56.66666666666665,
              28.75,
              14.583333333333332
            ],
            [
              25.833333333333332,
              50.0,
              24.166666666666664
            ],
            [
              0.0,
              45.0,
              55.0
            ]
          ]
        },
        {
          "participant": "3217",
          "train_size": 2,
          "n_seeds": 20,
          "n_train_samples_mean": 6.0,
          "n_test_samples_mean": 36.0,
          "test_acc_mean": 0.7222222222222222,
          "test_acc_std": 0.056281802792164236,
          "test_bal_acc_mean": 0.7222222222222222,
          "test_bal_acc_std": 0.056281802792164215,
          "test_f1_mean": 0.6995896650453272,
          "test_f1_std": 0.06709562947512931,
          "test_kappa_mean": 0.5833333333333333,
          "test_kappa_std": 0.08442270418824628,
          "confusion_matrix": [
            [
              89.58333333333331,
              10.416666666666666,
              0.0
            ],
            [
              28.333333333333325,
              44.58333333333333,
              27.083333333333325
            ],
            [
              10.000000000000002,
              7.499999999999998,
              82.5
            ]
          ]
        },
        {
          "participant": "3218",
          "train_size": 2,
          "n_seeds": 20,
          "n_train_samples_mean": 6.0,
          "n_test_samples_mean": 36.0,
          "test_acc_mean": 0.5430555555555555,
          "test_acc_std": 0.04892857905103333,
          "test_bal_acc_mean": 0.5430555555555555,
          "test_bal_acc_std": 0.048928579051033295,
          "test_f1_mean": 0.47794066517579126,
          "test_f1_std": 0.052354351934534686,
          "test_kappa_mean": 0.3145833333333333,
          "test_kappa_std": 0.07339286857654997,
          "confusion_matrix": [
            [
              100.0,
              0.0,
              0.0
            ],
            [
              13.333333333333332,
              54.583333333333336,
              32.083333333333336
            ],
            [
              31.666666666666664,
              60.000000000000014,
              8.333333333333332
            ]
          ]
        },
        {
          "participant": "3219",
          "train_size": 2,
          "n_seeds": 20,
          "n_train_samples_mean": 6.0,
          "n_test_samples_mean": 29.0,
          "test_acc_mean": 0.3482758620689655,
          "test_acc_std": 0.058025159037215904,
          "test_bal_acc_mean": 0.3277056277056277,
          "test_bal_acc_std": 0.048289568658735814,
          "test_f1_mean": 0.31942461040047393,
          "test_f1_std": 0.050389704703902936,
          "test_kappa_mean": -0.002002856442702189,
          "test_kappa_std": 0.07984424355074039,
          "confusion_matrix": [
            [
              48.63636363636363,
              26.363636363636363,
              24.999999999999993
            ],
            [
              48.18181818181819,
              31.81818181818182,
              19.999999999999993
            ],
            [
              69.28571428571428,
              12.857142857142852,
              17.85714285714285
            ]
          ]
        },
        {
          "participant": "3220",
          "train_size": 2,
          "n_seeds": 20,
          "n_train_samples_mean": 6.0,
          "n_test_samples_mean": 36.0,
          "test_acc_mean": 0.5902777777777778,
          "test_acc_std": 0.07587212233336049,
          "test_bal_acc_mean": 0.5902777777777778,
          "test_bal_acc_std": 0.0758721223333605,
          "test_f1_mean": 0.5374983737680823,
          "test_f1_std": 0.07784340458708007,
          "test_kappa_mean": 0.38541666666666663,
          "test_kappa_std": 0.11380818350004078,
          "confusion_matrix": [
            [
              55.833333333333336,
              27.916666666666668,
              16.249999999999993
            ],
            [
              38.33333333333333,
              22.499999999999996,
              39.16666666666667
            ],
            [
              0.8333333333333333,
              0.41666666666666663,
              98.75
            ]
          ]
        },
        {
          "participant": "3221",
          "train_size": 2,
          "n_seeds": 20,
          "n_train_samples_mean": 6.0,
          "n_test_samples_mean": 36.0,
          "test_acc_mean": 0.5791666666666667,
          "test_acc_std": 0.05352654451915556,
          "test_bal_acc_mean": 0.5791666666666667,
          "test_bal_acc_std": 0.05352654451915559,
          "test_f1_mean": 0.5593460474220804,
          "test_f1_std": 0.06410015554667034,
          "test_kappa_mean": 0.36875,
          "test_kappa_std": 0.08028981677873337,
          "confusion_matrix": [
            [
              35.00000000000001,
              43.75000000000001,
              21.249999999999996
            ],
            [
              1.6666666666666665,
              85.00000000000001,
              13.333333333333334
            ],
            [
              2.083333333333333,
              44.16666666666667,
              53.75
            ]
          ]
        },
        {
          "participant": "3222",
          "train_size": 2,
          "n_seeds": 20,
          "n_train_samples_mean": 6.0,
          "n_test_samples_mean": 32.0,
          "test_acc_mean": 0.5375,
          "test_acc_std": 0.09270248108869578,
          "test_bal_acc_mean": 0.49930555555555556,
          "test_bal_acc_std": 0.09316677476830323,
          "test_f1_mean": 0.469324410835565,
          "test_f1_std": 0.12633977081412906,
          "test_kappa_mean": 0.2712193984579522,
          "test_kappa_std": 0.15150567022094222,
          "confusion_matrix": [
            [
              39.166666666666664,
              10.0,
              50.83333333333333
            ],
            [
              21.25,
              19.375,
              59.375
            ],
            [
              8.75,
              0.0,
              91.25
            ]
          ]
        },
        {
          "participant": "3223",
          "train_size": 2,
          "n_seeds": 20,
          "n_train_samples_mean": 6.0,
          "n_test_samples_mean": 36.0,
          "test_acc_mean": 0.4375,
          "test_acc_std": 0.04215117907408916,
          "test_bal_acc_mean": 0.4375,
          "test_bal_acc_std": 0.042151179074089176,
          "test_f1_mean": 0.42320108425574565,
          "test_f1_std": 0.03805556817524359,
          "test_kappa_mean": 0.15625,
          "test_kappa_std": 0.06322676861113374,
          "confusion_matrix": [
            [
              26.666666666666675,
              27.916666666666664,
              45.41666666666667
            ],
            [
              0.8333333333333333,
              67.49999999999999,
              31.666666666666664
            ],
            [
              13.749999999999996,
              49.166666666666664,
              37.083333333333336
            ]
          ]
        },
        {
          "participant": "3224",
          "train_size": 2,
          "n_seeds": 20,
          "n_train_samples_mean": 6.0,
          "n_test_samples_mean": 21.0,
          "test_acc_mean": 0.680952380952381,
          "test_acc_std": 0.12174880374668433,
          "test_bal_acc_mean": 0.71010101010101,
          "test_bal_acc_std": 0.12337304308615049,
          "test_f1_mean": 0.7438301690866543,
          "test_f1_std": 0.09696677592681786,
          "test_kappa_mean": 0.5242787044065294,
          "test_kappa_std": 0.14327573197393528,
          "confusion_matrix": [
            [
              80.0,
              0.0,
              20.0
            ],
            [
              23.636363636363633,
              76.36363636363637,
              0.0
            ],
            [
              38.33333333333333,
              5.0,
              56.66666666666667
            ]
          ]
        },
        {
          "participant": "3225",
          "train_size": 2,
          "n_seeds": 20,
          "n_train_samples_mean": 6.0,
          "n_test_samples_mean": 36.0,
          "test_acc_mean": 0.6680555555555554,
          "test_acc_std": 0.07565771816800029,
          "test_bal_acc_mean": 0.6680555555555554,
          "test_bal_acc_std": 0.07565771816800029,
          "test_f1_mean": 0.6569623976197113,
          "test_f1_std": 0.08299065126539548,
          "test_kappa_mean": 0.5020833333333334,
          "test_kappa_std": 0.11348657725200044,
          "confusion_matrix": [
            [
              75.00000000000001,
              22.083333333333336,
              2.9166666666666656
            ],
            [
              4.583333333333333,
              59.16666666666667,
              36.24999999999999
            ],
            [
              3.7499999999999987,
              30.000000000000007,
              66.25000000000001
            ]
          ]
        },
        {
          "participant": "3226",
          "train_size": 2,
          "n_seeds": 20,
          "n_train_samples_mean": 6.0,
          "n_test_samples_mean": 36.0,
          "test_acc_mean": 0.47916666666666663,
          "test_acc_std": 0.07031616615595587,
          "test_bal_acc_mean": 0.47916666666666663,
          "test_bal_acc_std": 0.07031616615595587,
          "test_f1_mean": 0.4740729680424619,
          "test_f1_std": 0.07377511354596925,
          "test_kappa_mean": 0.21875000000000006,
          "test_kappa_std": 0.10547424923393381,
          "confusion_matrix": [
            [
              49.166666666666664,
              10.416666666666668,
              40.41666666666667
            ],
            [
              4.999999999999998,
              49.99999999999999,
              44.999999999999986
            ],
            [
              25.416666666666664,
              30.0,
              44.58333333333333
            ]
          ]
        },
        {
          "participant": "3227",
          "train_size": 2,
          "n_seeds": 20,
          "n_train_samples_mean": 6.0,
          "n_test_samples_mean": 36.0,
          "test_acc_mean": 0.7791666666666667,
          "test_acc_std": 0.05873573264886181,
          "test_bal_acc_mean": 0.7791666666666667,
          "test_bal_acc_std": 0.058735732648861796,
          "test_f1_mean": 0.7483544069091825,
          "test_f1_std": 0.08270938403308278,
          "test_kappa_mean": 0.66875,
          "test_kappa_std": 0.08810359897329272,
          "confusion_matrix": [
            [
              92.91666666666666,
              4.583333333333333,
              2.499999999999999
            ],
            [
              50.83333333333333,
              41.250000000000014,
              7.916666666666666
            ],
            [
              0.0,
              0.41666666666666663,
              99.58333333333334
            ]
          ]
        },
        {
          "participant": "3228",
          "train_size": 2,
          "n_seeds": 20,
          "n_train_samples_mean": 6.0,
          "n_test_samples_mean": 27.0,
          "test_acc_mean": 0.6981481481481482,
          "test_acc_std": 0.07904837953510394,
          "test_bal_acc_mean": 0.5902777777777778,
          "test_bal_acc_std": 0.07089135910195003,
          "test_f1_mean": 0.6679876241153699,
          "test_f1_std": 0.09234821597658553,
          "test_kappa_mean": 0.4784559029902432,
          "test_kappa_std": 0.1330883891260934,
          "confusion_matrix": [
            [
              26.666666666666657,
              73.33333333333334,
              0.0
            ],
            [
              8.333333333333332,
              56.66666666666667,
              34.99999999999999
            ],
            [
              0.0,
              6.249999999999998,
              93.74999999999999
            ]
          ]
        },
        {
          "participant": "3229",
          "train_size": 2,
          "n_seeds": 20,
          "n_train_samples_mean": 6.0,
          "n_test_samples_mean": 36.0,
          "test_acc_mean": 0.42361111111111116,
          "test_acc_std": 0.03590811137665243,
          "test_bal_acc_mean": 0.42361111111111105,
          "test_bal_acc_std": 0.03590811137665243,
          "test_f1_mean": 0.40587069617092136,
          "test_f1_std": 0.04163256302909461,
          "test_kappa_mean": 0.13541666666666669,
          "test_kappa_std": 0.053862167064978664,
          "confusion_matrix": [
            [
              22.500000000000004,
              8.333333333333334,
              69.16666666666666
            ],
            [
              6.249999999999998,
              48.75000000000001,
              45.00000000000001
            ],
            [
              0.8333333333333333,
              43.33333333333333,
              55.83333333333333
            ]
          ]
        },
        {
          "participant": "3230",
          "train_size": 2,
          "n_seeds": 20,
          "n_train_samples_mean": 6.0,
          "n_test_samples_mean": 36.0,
          "test_acc_mean": 0.475,
          "test_acc_std": 0.08871510790372952,
          "test_bal_acc_mean": 0.475,
          "test_bal_acc_std": 0.08871510790372952,
          "test_f1_mean": 0.4604592766590699,
          "test_f1_std": 0.09038799980791054,
          "test_kappa_mean": 0.2125,
          "test_kappa_std": 0.13307266185559427,
          "confusion_matrix": [
            [
              38.75,
              14.583333333333332,
              46.66666666666667
            ],
            [
              57.08333333333333,
              37.08333333333333,
              5.833333333333332
            ],
            [
              31.666666666666664,
              1.6666666666666665,
              66.66666666666666
            ]
          ]
        },
        {
          "participant": "3231",
          "train_size": 2,
          "n_seeds": 20,
          "n_train_samples_mean": 6.0,
          "n_test_samples_mean": 36.0,
          "test_acc_mean": 0.5777777777777778,
          "test_acc_std": 0.0490322194532271,
          "test_bal_acc_mean": 0.5777777777777778,
          "test_bal_acc_std": 0.0490322194532271,
          "test_f1_mean": 0.552213452559714,
          "test_f1_std": 0.05671574234294119,
          "test_kappa_mean": 0.3666666666666667,
          "test_kappa_std": 0.07354832917984065,
          "confusion_matrix": [
            [
              37.916666666666664,
              34.58333333333333,
              27.500000000000007
            ],
            [
              0.8333333333333333,
              91.25,
              7.916666666666667
            ],
            [
              31.25,
              24.58333333333333,
              44.166666666666664
            ]
          ]
        },
        {
          "participant": "3232",
          "train_size": 2,
          "n_seeds": 20,
          "n_train_samples_mean": 6.0,
          "n_test_samples_mean": 36.0,
          "test_acc_mean": 0.8416666666666666,
          "test_acc_std": 0.07271536540836288,
          "test_bal_acc_mean": 0.8416666666666666,
          "test_bal_acc_std": 0.07271536540836285,
          "test_f1_mean": 0.8377750496359171,
          "test_f1_std": 0.07630121162972671,
          "test_kappa_mean": 0.7625,
          "test_kappa_std": 0.1090730481125443,
          "confusion_matrix": [
            [
              70.41666666666667,
              22.083333333333336,
              7.5
            ],
            [
              0.0,
              89.58333333333334,
              10.416666666666666
            ],
            [
              0.41666666666666663,
              7.083333333333333,
              92.5
            ]
          ]
        },
        {
          "participant": "3233",
          "train_size": 2,
          "n_seeds": 20,
          "n_train_samples_mean": 6.0,
          "n_test_samples_mean": 36.0,
          "test_acc_mean": 0.44027777777777777,
          "test_acc_std": 0.0705468061066683,
          "test_bal_acc_mean": 0.44027777777777777,
          "test_bal_acc_std": 0.0705468061066683,
          "test_f1_mean": 0.41371850957761824,
          "test_f1_std": 0.083787198676125,
          "test_kappa_mean": 0.16041666666666665,
          "test_kappa_std": 0.10582020916000245,
          "confusion_matrix": [
            [
              29.583333333333336,
              0.41666666666666663,
              69.99999999999999
            ],
            [
              63.33333333333335,
              31.666666666666664,
              4.999999999999999
            ],
            [
              27.916666666666664,
              1.2499999999999998,
              70.83333333333334
            ]
          ]
        },
        {
          "participant": "3234",
          "train_size": 2,
          "n_seeds": 20,
          "n_train_samples_mean": 6.0,
          "n_test_samples_mean": 36.0,
          "test_acc_mean": 0.41111111111111115,
          "test_acc_std": 0.044699560202100516,
          "test_bal_acc_mean": 0.41111111111111115,
          "test_bal_acc_std": 0.04469956020210052,
          "test_f1_mean": 0.3613440132320275,
          "test_f1_std": 0.07090997215095918,
          "test_kappa_mean": 0.11666666666666665,
          "test_kappa_std": 0.06704934030315077,
          "confusion_matrix": [
            [
              37.083333333333336,
              0.0,
              62.91666666666667
            ],
            [
              25.0,
              18.749999999999996,
              56.25
            ],
            [
              26.25,
              6.249999999999998,
              67.50000000000001
            ]
          ]
        },
        {
          "participant": "3235",
          "train_size": 2,
          "n_seeds": 20,
          "n_train_samples_mean": 6.0,
          "n_test_samples_mean": 35.0,
          "test_acc_mean": 0.46571428571428564,
          "test_acc_std": 0.05870057282743096,
          "test_bal_acc_mean": 0.472979797979798,
          "test_bal_acc_std": 0.0603402152758678,
          "test_f1_mean": 0.4527412380541346,
          "test_f1_std": 0.05632207311414108,
          "test_kappa_mean": 0.19861913310190946,
          "test_kappa_std": 0.08994816611591487,
          "confusion_matrix": [
            [
              72.72727272727275,
              17.727272727272727,
              9.545454545454547
            ],
            [
              18.75,
              31.666666666666668,
              49.583333333333336
            ],
            [
              14.166666666666663,
              48.33333333333334,
              37.5
            ]
          ]
        },
        {
          "participant": "3236",
          "train_size": 2,
          "n_seeds": 20,
          "n_train_samples_mean": 6.0,
          "n_test_samples_mean": 28.0,
          "test_acc_mean": 0.6607142857142858,
          "test_acc_std": 0.07729656088327853,
          "test_bal_acc_mean": 0.6138888888888889,
          "test_bal_acc_std": 0.060389143088712155,
          "test_f1_mean": 0.6996492924806434,
          "test_f1_std": 0.059482417604399276,
          "test_kappa_mean": 0.4926472143640475,
          "test_kappa_std": 0.09600177081043587,
          "confusion_matrix": [
            [
              80.0,
              19.999999999999996,
              0.0
            ],
            [
              0.0,
              45.0,
              55.0
            ],
            [
              0.0,
              40.83333333333333,
              59.16666666666665
            ]
          ]
        },
        {
          "participant": "3237",
          "train_size": 2,
          "n_seeds": 20,
          "n_train_samples_mean": 6.0,
          "n_test_samples_mean": 33.0,
          "test_acc_mean": 0.553030303030303,
          "test_acc_std": 0.052830564832701404,
          "test_bal_acc_mean": 0.5282407407407407,
          "test_bal_acc_std": 0.04430156940847585,
          "test_f1_mean": 0.5342097977822918,
          "test_f1_std": 0.050804206288279634,
          "test_kappa_mean": 0.3184155840332962,
          "test_kappa_std": 0.07069908258730939,
          "confusion_matrix": [
            [
              52.5,
              28.333333333333325,
              19.166666666666668
            ],
            [
              4.444444444444445,
              25.55555555555556,
              70.00000000000003
            ],
            [
              10.833333333333332,
              8.75,
              80.41666666666667
            ]
          ]
        },
        {
          "participant": "3238",
          "train_size": 2,
          "n_seeds": 20,
          "n_train_samples_mean": 6.0,
          "n_test_samples_mean": 36.0,
          "test_acc_mean": 0.3458333333333333,
          "test_acc_std": 0.03183141712694067,
          "test_bal_acc_mean": 0.3458333333333333,
          "test_bal_acc_std": 0.031831417126940674,
          "test_f1_mean": 0.231582259002007,
          "test_f1_std": 0.044322719914219495,
          "test_kappa_mean": 0.01874999999999999,
          "test_kappa_std": 0.04774712569041101,
          "confusion_matrix": [
            [
              7.916666666666666,
              84.16666666666666,
              7.916666666666664
            ],
            [
              0.8333333333333333,
              91.66666666666666,
              7.499999999999997
            ],
            [
              14.583333333333334,
              81.24999999999999,
              4.166666666666665
            ]
          ]
        },
        {
          "participant": "3239",
          "train_size": 2,
          "n_seeds": 20,
          "n_train_samples_mean": 6.0,
          "n_test_samples_mean": 35.0,
          "test_acc_mean": 0.4885714285714286,
          "test_acc_std": 0.05476244959955617,
          "test_bal_acc_mean": 0.4895202020202021,
          "test_bal_acc_std": 0.05543626335055239,
          "test_f1_mean": 0.44823100660861553,
          "test_f1_std": 0.05719441048371538,
          "test_kappa_mean": 0.23161086587440702,
          "test_kappa_std": 0.0826884150074691,
          "confusion_matrix": [
            [
              22.083333333333336,
              30.833333333333336,
              47.08333333333333
            ],
            [
              27.72727272727273,
              52.27272727272727,
              19.999999999999996
            ],
            [
              19.583333333333332,
              7.916666666666667,
              72.50000000000001
            ]
          ]
        },
        {
          "participant": "3240",
          "train_size": 2,
          "n_seeds": 20,
          "n_train_samples_mean": 6.0,
          "n_test_samples_mean": 34.0,
          "test_acc_mean": 0.6573529411764705,
          "test_acc_std": 0.07884790067299866,
          "test_bal_acc_mean": 0.657449494949495,
          "test_bal_acc_std": 0.07750628808317443,
          "test_f1_mean": 0.647771010099219,
          "test_f1_std": 0.08897077374332255,
          "test_kappa_mean": 0.4869871663157225,
          "test_kappa_std": 0.11675833973923878,
          "confusion_matrix": [
            [
              80.45454545454547,
              2.2727272727272725,
              17.272727272727273
            ],
            [
              27.500000000000007,
              65.41666666666667,
              7.083333333333333
            ],
            [
              28.181818181818187,
              20.454545454545453,
              51.36363636363635
            ]
          ]
        },
        {
          "participant": "3241",
          "train_size": 2,
          "n_seeds": 20,
          "n_train_samples_mean": 6.0,
          "n_test_samples_mean": 36.0,
          "test_acc_mean": 0.5416666666666666,
          "test_acc_std": 0.038763373051353384,
          "test_bal_acc_mean": 0.5416666666666666,
          "test_bal_acc_std": 0.03876337305135337,
          "test_f1_mean": 0.5218107160445,
          "test_f1_std": 0.044495008994808814,
          "test_kappa_mean": 0.31249999999999994,
          "test_kappa_std": 0.058145059577030055,
          "confusion_matrix": [
            [
              47.083333333333336,
              48.33333333333333,
              4.583333333333332
            ],
            [
              32.916666666666664,
              34.583333333333336,
              32.5
            ],
            [
              10.0,
              9.166666666666668,
              80.83333333333334
            ]
          ]
        },
        {
          "participant": "3242",
          "train_size": 2,
          "n_seeds": 20,
          "n_train_samples_mean": 6.0,
          "n_test_samples_mean": 36.0,
          "test_acc_mean": 0.425,
          "test_acc_std": 0.05489371856489357,
          "test_bal_acc_mean": 0.425,
          "test_bal_acc_std": 0.05489371856489357,
          "test_f1_mean": 0.4132055407275944,
          "test_f1_std": 0.06473126522776251,
          "test_kappa_mean": 0.13749999999999998,
          "test_kappa_std": 0.08234057784734035,
          "confusion_matrix": [
            [
              32.91666666666666,
              2.499999999999999,
              64.58333333333331
            ],
            [
              14.999999999999996,
              41.25000000000001,
              43.75
            ],
            [
              16.666666666666668,
              29.999999999999993,
              53.333333333333336
            ]
          ]
        },
        {
          "participant": "3243",
          "train_size": 2,
          "n_seeds": 20,
          "n_train_samples_mean": 6.0,
          "n_test_samples_mean": 35.0,
          "test_acc_mean": 0.6814285714285715,
          "test_acc_std": 0.10333847278257721,
          "test_bal_acc_mean": 0.6751262626262626,
          "test_bal_acc_std": 0.09903123763883055,
          "test_f1_mean": 0.6576748716049917,
          "test_f1_std": 0.10624801570278695,
          "test_kappa_mean": 0.521804063207789,
          "test_kappa_std": 0.15132405931465004,
          "confusion_matrix": [
            [
              45.45454545454545,
              46.81818181818181,
              7.727272727272728
            ],
            [
              17.5,
              82.50000000000001,
              0.0
            ],
            [
              21.249999999999996,
              4.166666666666665,
              74.58333333333334
            ]
          ]
        },
        {
          "participant": "3244",
          "train_size": 2,
          "n_seeds": 20,
          "n_train_samples_mean": 6.0,
          "n_test_samples_mean": 36.0,
          "test_acc_mean": 0.5583333333333333,
          "test_acc_std": 0.0679816701205896,
          "test_bal_acc_mean": 0.5583333333333333,
          "test_bal_acc_std": 0.0679816701205896,
          "test_f1_mean": 0.5115528294671872,
          "test_f1_std": 0.08288104020545944,
          "test_kappa_mean": 0.3375,
          "test_kappa_std": 0.1019725051808844,
          "confusion_matrix": [
            [
              47.5,
              26.250000000000007,
              26.25
            ],
            [
              0.41666666666666663,
              96.66666666666667,
              2.9166666666666656
            ],
            [
              36.666666666666664,
              40.0,
              23.333333333333336
            ]
          ]
        },
        {
          "participant": "3245",
          "train_size": 2,
          "n_seeds": 20,
          "n_train_samples_mean": 6.0,
          "n_test_samples_mean": 34.0,
          "test_acc_mean": 0.7264705882352942,
          "test_acc_std": 0.03032633773064225,
          "test_bal_acc_mean": 0.7138888888888889,
          "test_bal_acc_std": 0.03296581015804434,
          "test_f1_mean": 0.7187541430755106,
          "test_f1_std": 0.0370565060767505,
          "test_kappa_mean": 0.5835161911223328,
          "test_kappa_std": 0.047233047004741596,
          "confusion_matrix": [
            [
              84.16666666666667,
              10.416666666666666,
              5.416666666666664
            ],
            [
              19.583333333333332,
              80.0,
              0.41666666666666663
            ],
            [
              18.0,
              32.0,
              50.0
            ]
          ]
        },
        {
          "participant": "3246",
          "train_size": 2,
          "n_seeds": 20,
          "n_train_samples_mean": 6.0,
          "n_test_samples_mean": 36.0,
          "test_acc_mean": 0.1472222222222222,
          "test_acc_std": 0.058475877078757475,
          "test_bal_acc_mean": 0.1472222222222222,
          "test_bal_acc_std": 0.05847587707875749,
          "test_f1_mean": 0.1498023116503246,
          "test_f1_std": 0.05021269148087822,
          "test_kappa_mean": -0.27916666666666673,
          "test_kappa_std": 0.08771381561813622,
          "confusion_matrix": [
            [
              2.916666666666666,
              17.916666666666668,
              79.16666666666666
            ],
            [
              56.666666666666664,
              28.333333333333332,
              14.999999999999996
            ],
            [
              63.749999999999986,
              23.333333333333336,
              12.916666666666668
            ]
          ]
        },
        {
          "participant": "3247",
          "train_size": 2,
          "n_seeds": 20,
          "n_train_samples_mean": 6.0,
          "n_test_samples_mean": 36.0,
          "test_acc_mean": 0.48888888888888893,
          "test_acc_std": 0.04451748384366844,
          "test_bal_acc_mean": 0.4888888888888888,
          "test_bal_acc_std": 0.04451748384366843,
          "test_f1_mean": 0.42518617368887524,
          "test_f1_std": 0.05786007786964838,
          "test_kappa_mean": 0.2333333333333333,
          "test_kappa_std": 0.06677622576550264,
          "confusion_matrix": [
            [
              80.83333333333333,
              19.166666666666668,
              0.0
            ],
            [
              31.25,
              55.41666666666665,
              13.333333333333332
            ],
            [
              57.083333333333336,
              32.5,
              10.416666666666663
            ]
          ]
        },
        {
          "participant": "3248",
          "train_size": 2,
          "n_seeds": 20,
          "n_train_samples_mean": 6.0,
          "n_test_samples_mean": 35.0,
          "test_acc_mean": 0.5028571428571429,
          "test_acc_std": 0.06176772957423783,
          "test_bal_acc_mean": 0.5108585858585858,
          "test_bal_acc_std": 0.061327773533288756,
          "test_f1_mean": 0.48125899358331276,
          "test_f1_std": 0.06975538116230283,
          "test_kappa_mean": 0.25644483149405917,
          "test_kappa_std": 0.09107149591074046,
          "confusion_matrix": [
            [
              79.09090909090911,
              8.636363636363637,
              12.272727272727275
            ],
            [
              31.666666666666664,
              32.916666666666664,
              35.41666666666666
            ],
            [
              11.666666666666668,
              47.08333333333333,
              41.25
            ]
          ]
        },
        {
          "participant": "3249",
          "train_size": 2,
          "n_seeds": 20,
          "n_train_samples_mean": 6.0,
          "n_test_samples_mean": 36.0,
          "test_acc_mean": 0.4041666666666667,
          "test_acc_std": 0.03873717272862267,
          "test_bal_acc_mean": 0.4041666666666667,
          "test_bal_acc_std": 0.03873717272862267,
          "test_f1_mean": 0.38624854927154556,
          "test_f1_std": 0.04370218357099715,
          "test_kappa_mean": 0.10625,
          "test_kappa_std": 0.05810575909293401,
          "confusion_matrix": [
            [
              21.25,
              65.0,
              13.75
            ],
            [
              5.833333333333331,
              57.91666666666667,
              36.25000000000001
            ],
            [
              2.9166666666666656,
              55.0,
              42.083333333333336
            ]
          ]
        },
        {
          "participant": "3250",
          "train_size": 2,
          "n_seeds": 20,
          "n_train_samples_mean": 6.0,
          "n_test_samples_mean": 36.0,
          "test_acc_mean": 0.663888888888889,
          "test_acc_std": 0.044971292554207315,
          "test_bal_acc_mean": 0.663888888888889,
          "test_bal_acc_std": 0.0449712925542073,
          "test_f1_mean": 0.6479500411601145,
          "test_f1_std": 0.0548781855999015,
          "test_kappa_mean": 0.4958333333333334,
          "test_kappa_std": 0.06745693883131096,
          "confusion_matrix": [
            [
              67.08333333333333,
              15.833333333333334,
              17.083333333333332
            ],
            [
              12.083333333333332,
              82.91666666666667,
              4.999999999999999
            ],
            [
              27.083333333333332,
              23.75,
              49.16666666666667
            ]
          ]
        }
      ]
    },
    {
      "aggregated": {
        "train_size": 3,
        "n_participants": 38,
        "n_seeds": 20,
        "test_acc_mean": 0.5924757894827252,
        "test_acc_std": 0.18649600973229127,
        "test_bal_acc_mean": 0.5819462323738638,
        "test_bal_acc_std": 0.18075877045070182,
        "test_f1_mean": 0.5762724269803771,
        "test_f1_std": 0.19203051622284775,
        "test_kappa_mean": 0.3855464623511267,
        "test_kappa_std": 0.2749017980475034,
        "confusion_matrix": [
          [
            55.87200956937799,
            18.720095693779903,
            25.407894736842106
