{
  "name": "gsr_ecg",
  "config": {
    "n_seeds": 20,
    "feature_selection": "backward",
    "use_pose_derivatives": true,
    "use_time_features": false,
    "include_order": false,
    "normalize_features": true,
    "class_config": "all",
    "use_pca": false,
    "pca_variance": 0.9,
    "write_cm": true,
    "tune_hyperparameters": false,
    "tune_n_iter": 30,
    "tune_cv_folds": 5,
    "name": "gsr_ecg",
    "feature_groups": [
      "gsr",
      "ecg"
    ],
    "split_strategy": "participant_specific",
    "sampling_strategy": "temporal_stratified"
  },
  "sampling_strategy": "temporal_stratified",
  "n_seeds": 20,
  "learning_curve": [
    {
      "aggregated": {
        "train_size": 2,
        "n_participants": 37,
        "n_seeds": 20,
        "test_acc_mean": 0.47965546191352637,
        "test_acc_std": 0.11505386799379495,
        "test_bal_acc_mean": 0.4774828399828399,
        "test_bal_acc_std": 0.11785069057144675,
        "test_f1_mean": 0.44166716996399963,
        "test_f1_std": 0.13023802579075303,
        "test_kappa_mean": 0.2148106228221212,
        "test_kappa_std": 0.18147196914638933,
        "confusion_matrix": [
          [
            51.66666666666667,
            21.62162162162162,
            26.71171171171171
          ],
          [
            23.434684684684687,
            43.35585585585584,
            33.20945945945945
          ],
          [
            20.17535392535392,
            31.602316602316606,
            48.222329472329484
          ]
        ]
      },
      "per_participant": [
        {
          "participant": "3208",
          "train_size": 2,
          "n_seeds": 20,
          "n_train_samples_mean": 6.0,
          "n_test_samples_mean": 36.0,
          "test_acc_mean": 0.611111111111111,
          "test_acc_std": 0.05628180279216418,
          "test_bal_acc_mean": 0.611111111111111,
          "test_bal_acc_std": 0.05628180279216417,
          "test_f1_mean": 0.5999368979387029,
          "test_f1_std": 0.06653836631852722,
          "test_kappa_mean": 0.4166666666666667,
          "test_kappa_std": 0.08442270418824632,
          "confusion_matrix": [
            [
              47.916666666666664,
              34.16666666666667,
              17.916666666666664
            ],
            [
              11.666666666666668,
              67.91666666666667,
              20.416666666666664
            ],
            [
              6.249999999999999,
              26.25,
              67.49999999999999
            ]
          ]
        },
        {
          "participant": "3209",
          "train_size": 2,
          "n_seeds": 20,
          "n_train_samples_mean": 6.0,
          "n_test_samples_mean": 36.0,
          "test_acc_mean": 0.3597222222222222,
          "test_acc_std": 0.07008476720295315,
          "test_bal_acc_mean": 0.35972222222222217,
          "test_bal_acc_std": 0.07008476720295315,
          "test_f1_mean": 0.27832238604259396,
          "test_f1_std": 0.07233226808843503,
          "test_kappa_mean": 0.03958333333333332,
          "test_kappa_std": 0.10512715080442976,
          "confusion_matrix": [
            [
              69.58333333333334,
              27.499999999999993,
              2.916666666666666
            ],
            [
              60.000000000000014,
              37.49999999999999,
              2.499999999999999
            ],
            [
              77.08333333333333,
              22.083333333333336,
              0.8333333333333333
            ]
          ]
        },
        {
          "participant": "3210",
          "train_size": 2,
          "n_seeds": 20,
          "n_train_samples_mean": 6.0,
          "n_test_samples_mean": 36.0,
          "test_acc_mean": 0.3388888888888889,
          "test_acc_std": 0.04469956020210051,
          "test_bal_acc_mean": 0.33888888888888885,
          "test_bal_acc_std": 0.04469956020210052,
          "test_f1_mean": 0.24738720882181867,
          "test_f1_std": 0.06582926425048471,
          "test_kappa_mean": 0.008333333333333314,
          "test_kappa_std": 0.06704934030315077,
          "confusion_matrix": [
            [
              10.416666666666668,
              7.916666666666667,
              81.66666666666667
            ],
            [
              0.0,
              12.5,
              87.50000000000001
            ],
            [
              0.0,
              21.25,
              78.75
            ]
          ]
        },
        {
          "participant": "3214",
          "train_size": 2,
          "n_seeds": 20,
          "n_train_samples_mean": 6.0,
          "n_test_samples_mean": 36.0,
          "test_acc_mean": 0.36111111111111105,
          "test_acc_std": 0.020152118058611446,
          "test_bal_acc_mean": 0.36111111111111105,
          "test_bal_acc_std": 0.020152118058611446,
          "test_f1_mean": 0.21957763636302027,
          "test_f1_std": 0.037050544930587424,
          "test_kappa_mean": 0.04166666666666666,
          "test_kappa_std": 0.030228177087917165,
          "confusion_matrix": [
            [
              100.0,
              0.0,
              0.0
            ],
            [
              99.58333333333334,
              0.0,
              0.41666666666666663
            ],
            [
              91.66666666666666,
              0.0,
              8.333333333333332
            ]
          ]
        },
        {
          "participant": "3215",
          "train_size": 2,
          "n_seeds": 20,
          "n_train_samples_mean": 6.0,
          "n_test_samples_mean": 36.0,
          "test_acc_mean": 0.3388888888888889,
          "test_acc_std": 0.06410781205088752,
          "test_bal_acc_mean": 0.3388888888888889,
          "test_bal_acc_std": 0.0641078120508875,
          "test_f1_mean": 0.35417389225252077,
          "test_f1_std": 0.056933180875565356,
          "test_kappa_mean": 0.008333333333333342,
          "test_kappa_std": 0.09616171807633127,
          "confusion_matrix": [
            [
              66.25,
              8.75,
              24.999999999999996
            ],
            [
              1.6666666666666665,
              9.583333333333332,
              88.75
            ],
            [
              0.41666666666666663,
              73.75,
              25.833333333333332
            ]
          ]
        },
        {
          "participant": "3216",
          "train_size": 2,
          "n_seeds": 20,
          "n_train_samples_mean": 6.0,
          "n_test_samples_mean": 36.0,
          "test_acc_mean": 0.5972222222222223,
          "test_acc_std": 0.04460861491927589,
          "test_bal_acc_mean": 0.5972222222222222,
          "test_bal_acc_std": 0.044608614919275896,
          "test_f1_mean": 0.5544932584613336,
          "test_f1_std": 0.05605657085577475,
          "test_kappa_mean": 0.39583333333333337,
          "test_kappa_std": 0.06691292237891387,
          "confusion_matrix": [
            [
              64.16666666666666,
              17.083333333333332,
              18.749999999999993
            ],
            [
              15.833333333333334,
              19.166666666666664,
              65.0
            ],
            [
              0.0,
              4.166666666666665,
              95.83333333333334
            ]
          ]
        },
        {
          "participant": "3217",
          "train_size": 2,
          "n_seeds": 20,
          "n_train_samples_mean": 6.0,
          "n_test_samples_mean": 36.0,
          "test_acc_mean": 0.3638888888888888,
          "test_acc_std": 0.031089173552070293,
          "test_bal_acc_mean": 0.3638888888888888,
          "test_bal_acc_std": 0.031089173552070297,
          "test_f1_mean": 0.2977644092631927,
          "test_f1_std": 0.04148447379512377,
          "test_kappa_mean": 0.0458333333333333,
          "test_kappa_std": 0.046633760328105456,
          "confusion_matrix": [
            [
              82.08333333333334,
              9.166666666666668,
              8.749999999999998
            ],
            [
              47.91666666666667,
              12.916666666666666,
              39.16666666666667
            ],
            [
              55.833333333333314,
              30.000000000000007,
              14.166666666666666
            ]
          ]
        },
        {
          "participant": "3218",
          "train_size": 2,
          "n_seeds": 20,
          "n_train_samples_mean": 6.0,
          "n_test_samples_mean": 36.0,
          "test_acc_mean": 0.4555555555555556,
          "test_acc_std": 0.10011364562478933,
          "test_bal_acc_mean": 0.4555555555555556,
          "test_bal_acc_std": 0.10011364562478932,
          "test_f1_mean": 0.41503770966722414,
          "test_f1_std": 0.10707887922580382,
          "test_kappa_mean": 0.18333333333333335,
          "test_kappa_std": 0.150170468437184,
          "confusion_matrix": [
            [
              35.00000000000001,
              21.249999999999993,
              43.75
            ],
            [
              1.2499999999999998,
              77.5,
              21.25
            ],
            [
              5.416666666666664,
              70.41666666666667,
              24.166666666666664
            ]
          ]
        },
        {
          "participant": "3219",
          "train_size": 2,
          "n_seeds": 20,
          "n_train_samples_mean": 6.0,
          "n_test_samples_mean": 31.0,
          "test_acc_mean": 0.5935483870967742,
          "test_acc_std": 0.08333378972801617,
          "test_bal_acc_mean": 0.5835317460317461,
          "test_bal_acc_std": 0.07324429192692544,
          "test_f1_mean": 0.5633536449434233,
          "test_f1_std": 0.097659550920664,
          "test_kappa_mean": 0.3967802281171272,
          "test_kappa_std": 0.11744645705493058,
          "confusion_matrix": [
            [
              94.58333333333334,
              0.0,
              5.416666666666664
            ],
            [
              12.916666666666666,
              28.333333333333332,
              58.750000000000014
            ],
            [
              33.57142857142857,
              14.285714285714281,
              52.142857142857146
            ]
          ]
        },
        {
          "participant": "3220",
          "train_size": 2,
          "n_seeds": 20,
          "n_train_samples_mean": 6.0,
          "n_test_samples_mean": 36.0,
          "test_acc_mean": 0.4041666666666666,
          "test_acc_std": 0.04366550598877059,
          "test_bal_acc_mean": 0.4041666666666667,
          "test_bal_acc_std": 0.04366550598877061,
          "test_f1_mean": 0.3879579377776769,
          "test_f1_std": 0.044920659843815755,
          "test_kappa_mean": 0.10625,
          "test_kappa_std": 0.0654982589831559,
          "confusion_matrix": [
            [
              49.58333333333333,
              28.333333333333325,
              22.08333333333333
            ],
            [
              2.499999999999999,
              35.41666666666667,
              62.08333333333333
            ],
            [
              30.833333333333332,
              32.91666666666667,
              36.24999999999999
            ]
          ]
        },
        {
          "participant": "3221",
          "train_size": 2,
          "n_seeds": 20,
          "n_train_samples_mean": 6.0,
          "n_test_samples_mean": 36.0,
          "test_acc_mean": 0.44027777777777777,
          "test_acc_std": 0.035222997021382076,
          "test_bal_acc_mean": 0.44027777777777777,
          "test_bal_acc_std": 0.035222997021382076,
          "test_f1_mean": 0.33957804756482873,
          "test_f1_std": 0.04190232869981546,
          "test_kappa_mean": 0.16041666666666665,
          "test_kappa_std": 0.052834495532073124,
          "confusion_matrix": [
            [
              42.08333333333333,
              57.499999999999986,
              0.41666666666666663
            ],
            [
              9.583333333333332,
              90.0,
              0.41666666666666663
            ],
            [
              21.25,
              78.75,
              0.0
            ]
          ]
        },
        {
          "participant": "3223",
          "train_size": 2,
          "n_seeds": 20,
          "n_train_samples_mean": 6.0,
          "n_test_samples_mean": 36.0,
          "test_acc_mean": 0.711111111111111,
          "test_acc_std": 0.042653994219439696,
          "test_bal_acc_mean": 0.7111111111111111,
          "test_bal_acc_std": 0.042653994219439724,
          "test_f1_mean": 0.676972940794718,
          "test_f1_std": 0.05274576260626701,
          "test_kappa_mean": 0.5666666666666667,
          "test_kappa_std": 0.06398099132915953,
          "confusion_matrix": [
            [
              100.0,
              0.0,
              0.0
            ],
            [
              1.2499999999999998,
              80.0,
              18.750000000000004
            ],
            [
              4.999999999999999,
              61.66666666666667,
              33.333333333333336
            ]
          ]
        },
        {
          "participant": "3224",
          "train_size": 2,
          "n_seeds": 20,
          "n_train_samples_mean": 6.0,
          "n_test_samples_mean": 36.0,
          "test_acc_mean": 0.4583333333333333,
          "test_acc_std": 0.08944453525112532,
          "test_bal_acc_mean": 0.45833333333333337,
          "test_bal_acc_std": 0.08944453525112533,
          "test_f1_mean": 0.40869969857064714,
          "test_f1_std": 0.11322065259626268,
          "test_kappa_mean": 0.1875,
          "test_kappa_std": 0.13416680287668797,
          "confusion_matrix": [
            [
              17.083333333333332,
              28.333333333333325,
              54.583333333333336
            ],
            [
              0.0,
              46.66666666666667,
              53.33333333333333
            ],
            [
              0.8333333333333333,
              25.416666666666664,
              73.74999999999999
            ]
          ]
        },
        {
          "participant": "3225",
          "train_size": 2,
          "n_seeds": 20,
          "n_train_samples_mean": 6.0,
          "n_test_samples_mean": 36.0,
          "test_acc_mean": 0.5111111111111113,
          "test_acc_std": 0.09383186267756419,
          "test_bal_acc_mean": 0.5111111111111113,
          "test_bal_acc_std": 0.09383186267756417,
          "test_f1_mean": 0.4993306531579237,
          "test_f1_std": 0.10402767607251619,
          "test_kappa_mean": 0.2666666666666667,
          "test_kappa_std": 0.1407477940163463,
          "confusion_matrix": [
            [
              50.83333333333334,
              22.083333333333336,
              27.083333333333332
            ],
            [
              45.83333333333334,
              49.58333333333333,
              4.583333333333332
            ],
            [
              34.583333333333336,
              12.5,
              52.916666666666664
            ]
          ]
        },
        {
          "participant": "3226",
          "train_size": 2,
          "n_seeds": 20,
          "n_train_samples_mean": 6.0,
          "n_test_samples_mean": 36.0,
          "test_acc_mean": 0.6180555555555556,
          "test_acc_std": 0.04215117907408915,
          "test_bal_acc_mean": 0.6180555555555556,
          "test_bal_acc_std": 0.042151179074089155,
          "test_f1_mean": 0.5631081565067049,
          "test_f1_std": 0.05987403771645655,
          "test_kappa_mean": 0.4270833333333333,
          "test_kappa_std": 0.06322676861113376,
          "confusion_matrix": [
            [
              100.0,
              0.0,
              0.0
            ],
            [
              0.41666666666666663,
              74.16666666666667,
              25.416666666666664
            ],
            [
              0.41666666666666663,
              88.33333333333333,
              11.249999999999998
            ]
          ]
        },
        {
          "participant": "3227",
          "train_size": 2,
          "n_seeds": 20,
          "n_train_samples_mean": 6.0,
          "n_test_samples_mean": 36.0,
          "test_acc_mean": 0.513888888888889,
          "test_acc_std": 0.0976910167970065,
          "test_bal_acc_mean": 0.513888888888889,
          "test_bal_acc_std": 0.09769101679700652,
          "test_f1_mean": 0.4700651954851952,
          "test_f1_std": 0.10480659414026779,
          "test_kappa_mean": 0.27083333333333326,
          "test_kappa_std": 0.1465365251955098,
          "confusion_matrix": [
            [
              80.41666666666666,
              17.083333333333332,
              2.5
            ],
            [
              40.83333333333333,
              39.166666666666664,
              19.999999999999993
            ],
            [
              43.33333333333333,
              22.083333333333336,
              34.58333333333333
            ]
          ]
        },
        {
          "participant": "3228",
          "train_size": 2,
          "n_seeds": 20,
          "n_train_samples_mean": 6.0,
          "n_test_samples_mean": 27.0,
          "test_acc_mean": 0.33148148148148143,
          "test_acc_std": 0.056967122538542136,
          "test_bal_acc_mean": 0.2611111111111111,
          "test_bal_acc_std": 0.052858510121528264,
          "test_f1_mean": 0.2986844719843598,
          "test_f1_std": 0.04157463996977762,
          "test_kappa_mean": -0.18212051703197468,
          "test_kappa_std": 0.10941077545916511,
          "confusion_matrix": [
            [
              4.999999999999999,
              44.99999999999999,
              49.999999999999986
            ],
            [
              0.8333333333333333,
              25.0,
              74.16666666666667
            ],
            [
              4.999999999999999,
              46.66666666666667,
              48.33333333333334
            ]
          ]
        },
        {
          "participant": "3229",
          "train_size": 2,
          "n_seeds": 20,
          "n_train_samples_mean": 6.0,
          "n_test_samples_mean": 36.0,
          "test_acc_mean": 0.6236111111111111,
          "test_acc_std": 0.08666582320777147,
          "test_bal_acc_mean": 0.6236111111111111,
          "test_bal_acc_std": 0.0866658232077715,
          "test_f1_mean": 0.6094306191624556,
          "test_f1_std": 0.10271519370730228,
          "test_kappa_mean": 0.4354166666666667,
          "test_kappa_std": 0.1299987348116572,
          "confusion_matrix": [
            [
              54.166666666666664,
              45.83333333333333,
              0.0
            ],
            [
              12.916666666666666,
              87.08333333333333,
              0.0
            ],
            [
              2.083333333333333,
              52.083333333333336,
              45.83333333333333
            ]
          ]
        },
        {
          "participant": "3230",
          "train_size": 2,
          "n_seeds": 20,
          "n_train_samples_mean": 6.0,
          "n_test_samples_mean": 36.0,
          "test_acc_mean": 0.5180555555555556,
          "test_acc_std": 0.05040044323577497,
          "test_bal_acc_mean": 0.5180555555555556,
          "test_bal_acc_std": 0.050400443235774965,
          "test_f1_mean": 0.4692721154545311,
          "test_f1_std": 0.0707157191456133,
          "test_kappa_mean": 0.27708333333333335,
          "test_kappa_std": 0.07560066485366243,
          "confusion_matrix": [
            [
              18.749999999999996,
              6.666666666666666,
              74.58333333333334
            ],
            [
              21.249999999999993,
              50.41666666666667,
              28.333333333333332
            ],
            [
              0.8333333333333333,
              12.916666666666666,
              86.25000000000001
            ]
          ]
        },
        {
          "participant": "3232",
          "train_size": 2,
          "n_seeds": 20,
          "n_train_samples_mean": 6.0,
          "n_test_samples_mean": 36.0,
          "test_acc_mean": 0.4124999999999999,
          "test_acc_std": 0.054279946026233164,
          "test_bal_acc_mean": 0.4125,
          "test_bal_acc_std": 0.054279946026233164,
          "test_f1_mean": 0.3801277857612776,
          "test_f1_std": 0.04253363662969819,
          "test_kappa_mean": 0.11875,
          "test_kappa_std": 0.08141991903934978,
          "confusion_matrix": [
            [
              35.416666666666664,
              21.249999999999996,
              43.333333333333336
            ],
            [
              69.16666666666667,
              16.666666666666668,
              14.166666666666666
            ],
            [
              11.666666666666666,
              16.666666666666664,
              71.66666666666666
            ]
          ]
        },
        {
          "participant": "3233",
          "train_size": 2,
          "n_seeds": 20,
          "n_train_samples_mean": 6.0,
          "n_test_samples_mean": 36.0,
          "test_acc_mean": 0.5666666666666669,
          "test_acc_std": 0.05798769782820495,
          "test_bal_acc_mean": 0.5666666666666668,
          "test_bal_acc_std": 0.05798769782820493,
          "test_f1_mean": 0.5627476033038036,
          "test_f1_std": 0.05864280088257215,
          "test_kappa_mean": 0.35,
          "test_kappa_std": 0.08698154674230743,
          "confusion_matrix": [
            [
              54.58333333333333,
              31.666666666666664,
              13.75
            ],
            [
              15.416666666666666,
              57.916666666666664,
              26.666666666666664
            ],
            [
              0.41666666666666663,
              42.08333333333333,
              57.500000000000014
            ]
          ]
        },
        {
          "participant": "3234",
          "train_size": 2,
          "n_seeds": 20,
          "n_train_samples_mean": 6.0,
          "n_test_samples_mean": 36.0,
          "test_acc_mean": 0.36111111111111105,
          "test_acc_std": 0.05331749277429961,
          "test_bal_acc_mean": 0.36111111111111105,
          "test_bal_acc_std": 0.05331749277429962,
          "test_f1_mean": 0.31238788143055485,
          "test_f1_std": 0.06706833793710956,
          "test_kappa_mean": 0.04166666666666666,
          "test_kappa_std": 0.07997623916144941,
          "confusion_matrix": [
            [
              51.25,
              0.0,
              48.75
            ],
            [
              42.08333333333333,
              11.249999999999996,
              46.666666666666664
            ],
            [
              52.08333333333333,
              2.083333333333333,
              45.83333333333333
            ]
          ]
        },
        {
          "participant": "3235",
          "train_size": 2,
          "n_seeds": 20,
          "n_train_samples_mean": 6.0,
          "n_test_samples_mean": 36.0,
          "test_acc_mean": 0.5652777777777778,
          "test_acc_std": 0.060640800560823487,
          "test_bal_acc_mean": 0.5652777777777778,
          "test_bal_acc_std": 0.060640800560823487,
          "test_f1_mean": 0.530726178992217,
          "test_f1_std": 0.08293806528782215,
          "test_kappa_mean": 0.3479166666666667,
          "test_kappa_std": 0.09096120084123521,
          "confusion_matrix": [
            [
              77.91666666666667,
              19.999999999999996,
              2.083333333333333
            ],
            [
              27.083333333333332,
              66.25,
              6.666666666666666
            ],
            [
              14.999999999999996,
              59.58333333333333,
              25.416666666666668
            ]
          ]
        },
        {
          "participant": "3236",
          "train_size": 2,
          "n_seeds": 20,
          "n_train_samples_mean": 6.0,
          "n_test_samples_mean": 36.0,
          "test_acc_mean": 0.4527777777777778,
          "test_acc_std": 0.039386952583161015,
          "test_bal_acc_mean": 0.45277777777777783,
          "test_bal_acc_std": 0.03938695258316103,
          "test_f1_mean": 0.39901717508333345,
          "test_f1_std": 0.06795164065789079,
          "test_kappa_mean": 0.1791666666666667,
          "test_kappa_std": 0.05908042887474153,
          "confusion_matrix": [
            [
              20.416666666666668,
              0.0,
              79.58333333333333
            ],
            [
              0.8333333333333333,
              22.916666666666668,
              76.24999999999999
            ],
            [
              0.0,
              7.499999999999998,
              92.49999999999999
            ]
          ]
        },
        {
          "participant": "3237",
          "train_size": 2,
          "n_seeds": 20,
          "n_train_samples_mean": 6.0,
          "n_test_samples_mean": 36.0,
          "test_acc_mean": 0.45972222222222214,
          "test_acc_std": 0.05135825703138829,
          "test_bal_acc_mean": 0.45972222222222225,
          "test_bal_acc_std": 0.05135825703138829,
          "test_f1_mean": 0.4286130884957206,
          "test_f1_std": 0.049943069812427666,
          "test_kappa_mean": 0.18958333333333333,
          "test_kappa_std": 0.07703738554708241,
          "confusion_matrix": [
            [
              55.833333333333336,
              28.749999999999993,
              15.416666666666668
            ],
            [
              30.416666666666675,
              50.83333333333333,
              18.750000000000004
            ],
            [
              26.249999999999993,
              42.50000000000001,
              31.25
            ]
          ]
        },
        {
          "participant": "3238",
          "train_size": 2,
          "n_seeds": 20,
          "n_train_samples_mean": 6.0,
          "n_test_samples_mean": 36.0,
          "test_acc_mean": 0.4458333333333334,
          "test_acc_std": 0.06528477628279811,
          "test_bal_acc_mean": 0.4458333333333334,
          "test_bal_acc_std": 0.0652847762827981,
          "test_f1_mean": 0.40503000427093455,
          "test_f1_std": 0.07429711168474412,
          "test_kappa_mean": 0.16875,
          "test_kappa_std": 0.09792716442419713,
          "confusion_matrix": [
            [
              34.16666666666667,
              27.916666666666668,
              37.91666666666667
            ],
            [
              2.4999999999999996,
              20.0,
              77.50000000000001
            ],
            [
              7.499999999999998,
              12.916666666666666,
              79.58333333333333
            ]
          ]
        },
        {
          "participant": "3239",
          "train_size": 2,
          "n_seeds": 20,
          "n_train_samples_mean": 6.0,
          "n_test_samples_mean": 36.0,
          "test_acc_mean": 0.6763888888888889,
          "test_acc_std": 0.08562871862226765,
          "test_bal_acc_mean": 0.6763888888888889,
          "test_bal_acc_std": 0.08562871862226765,
          "test_f1_mean": 0.666305542016288,
          "test_f1_std": 0.09077347186252774,
          "test_kappa_mean": 0.5145833333333333,
          "test_kappa_std": 0.1284430779334015,
          "confusion_matrix": [
            [
              61.25000000000002,
              38.333333333333336,
              0.41666666666666663
            ],
            [
              17.916666666666664,
              64.99999999999999,
              17.083333333333336
            ],
            [
              1.2499999999999998,
              22.083333333333336,
              76.66666666666667
            ]
          ]
        },
        {
          "participant": "3240",
          "train_size": 2,
          "n_seeds": 20,
          "n_train_samples_mean": 6.0,
          "n_test_samples_mean": 36.0,
          "test_acc_mean": 0.5680555555555556,
          "test_acc_std": 0.06465972812999878,
          "test_bal_acc_mean": 0.5680555555555556,
          "test_bal_acc_std": 0.06465972812999879,
          "test_f1_mean": 0.5613677245756209,
          "test_f1_std": 0.07286393027871026,
          "test_kappa_mean": 0.35208333333333336,
          "test_kappa_std": 0.09698959219499816,
          "confusion_matrix": [
            [
              51.666666666666664,
              37.916666666666664,
              10.416666666666666
            ],
            [
              21.249999999999996,
              60.83333333333335,
              17.916666666666664
            ],
            [
              4.583333333333333,
              37.49999999999999,
              57.91666666666667
            ]
          ]
        },
        {
          "participant": "3241",
          "train_size": 2,
          "n_seeds": 20,
          "n_train_samples_mean": 6.0,
          "n_test_samples_mean": 36.0,
          "test_acc_mean": 0.2527777777777777,
          "test_acc_std": 0.0569275042553311,
          "test_bal_acc_mean": 0.2527777777777777,
          "test_bal_acc_std": 0.0569275042553311,
          "test_f1_mean": 0.20045335476634926,
          "test_f1_std": 0.044961221065121994,
          "test_kappa_mean": -0.12083333333333332,
          "test_kappa_std": 0.08539125638299666,
          "confusion_matrix": [
            [
              34.58333333333333,
              44.58333333333333,
              20.833333333333332
            ],
            [
              57.5,
              38.333333333333336,
              4.166666666666666
            ],
            [
              44.166666666666664,
              52.916666666666664,
              2.916666666666666
            ]
          ]
        },
        {
          "participant": "3242",
          "train_size": 2,
          "n_seeds": 20,
          "n_train_samples_mean": 6.0,
          "n_test_samples_mean": 36.0,
          "test_acc_mean": 0.3930555555555556,
          "test_acc_std": 0.039566978769762826,
          "test_bal_acc_mean": 0.3930555555555556,
          "test_bal_acc_std": 0.03956697876976283,
          "test_f1_mean": 0.3690886347036332,
          "test_f1_std": 0.04361676114771403,
          "test_kappa_mean": 0.08958333333333332,
          "test_kappa_std": 0.059350468154644224,
          "confusion_matrix": [
            [
              29.583333333333343,
              21.249999999999996,
              49.166666666666664
            ],
            [
              14.583333333333334,
              46.66666666666667,
              38.75000000000001
            ],
            [
              19.166666666666664,
              39.166666666666664,
              41.666666666666664
            ]
          ]
        },
        {
          "participant": "3243",
          "train_size": 2,
          "n_seeds": 20,
          "n_train_samples_mean": 6.0,
          "n_test_samples_mean": 36.0,
          "test_acc_mean": 0.3388888888888889,
          "test_acc_std": 0.07354832917984064,
          "test_bal_acc_mean": 0.3388888888888889,
          "test_bal_acc_std": 0.07354832917984067,
          "test_f1_mean": 0.3211554833908612,
          "test_f1_std": 0.08621926675905844,
          "test_kappa_mean": 0.008333333333333321,
          "test_kappa_std": 0.11032249376976093,
          "confusion_matrix": [
            [
              38.333333333333336,
              57.083333333333336,
              4.583333333333333
            ],
            [
              51.66666666666667,
              38.333333333333336,
              10.0
            ],
            [
              37.08333333333333,
              37.916666666666664,
              24.999999999999993
            ]
          ]
        },
        {
          "participant": "3244",
          "train_size": 2,
          "n_seeds": 20,
          "n_train_samples_mean": 6.0,
          "n_test_samples_mean": 36.0,
          "test_acc_mean": 0.42361111111111116,
          "test_acc_std": 0.05831940797306489,
          "test_bal_acc_mean": 0.42361111111111116,
          "test_bal_acc_std": 0.058319407973064896,
          "test_f1_mean": 0.4170497022876306,
          "test_f1_std": 0.05916116383017036,
          "test_kappa_mean": 0.13541666666666669,
          "test_kappa_std": 0.08747911195959733,
          "confusion_matrix": [
            [
              35.833333333333336,
              15.833333333333334,
              48.33333333333333
            ],
            [
              43.74999999999999,
              46.249999999999986,
              9.999999999999996
            ],
            [
              44.166666666666664,
              10.833333333333332,
              45.000000000000014
            ]
          ]
        },
        {
          "participant": "3245",
          "train_size": 2,
          "n_seeds": 20,
          "n_train_samples_mean": 6.0,
          "n_test_samples_mean": 36.0,
          "test_acc_mean": 0.6611111111111111,
          "test_acc_std": 0.04090433219675682,
          "test_bal_acc_mean": 0.6611111111111111,
          "test_bal_acc_std": 0.04090433219675685,
          "test_f1_mean": 0.6589425979827768,
          "test_f1_std": 0.04360900905845379,
          "test_kappa_mean": 0.4916666666666666,
          "test_kappa_std": 0.061356498295135266,
          "confusion_matrix": [
            [
              71.25,
              7.499999999999998,
              21.25
            ],
            [
              14.583333333333334,
              55.83333333333333,
              29.583333333333332
            ],
            [
              2.083333333333333,
              26.666666666666657,
              71.25000000000001
            ]
          ]
        },
        {
          "participant": "3246",
          "train_size": 2,
          "n_seeds": 20,
          "n_train_samples_mean": 6.0,
          "n_test_samples_mean": 36.0,
          "test_acc_mean": 0.5388888888888889,
          "test_acc_std": 0.04359569698171642,
          "test_bal_acc_mean": 0.5388888888888889,
          "test_bal_acc_std": 0.043595696981716406,
          "test_f1_mean": 0.5313255323962973,
          "test_f1_std": 0.045759501716976306,
          "test_kappa_mean": 0.3083333333333334,
          "test_kappa_std": 0.06539354547257462,
          "confusion_matrix": [
            [
              46.66666666666665,
              0.8333333333333333,
              52.500000000000014
            ],
            [
              35.41666666666667,
              41.24999999999999,
              23.33333333333333
            ],
            [
              24.999999999999996,
              1.2499999999999998,
              73.74999999999999
            ]
          ]
        },
        {
          "participant": "3247",
          "train_size": 2,
          "n_seeds": 20,
          "n_train_samples_mean": 6.0,
          "n_test_samples_mean": 36.0,
          "test_acc_mean": 0.4527777777777778,
          "test_acc_std": 0.05106087029843428,
          "test_bal_acc_mean": 0.4527777777777778,
          "test_bal_acc_std": 0.051060870298434285,
          "test_f1_mean": 0.4342162133364241,
          "test_f1_std": 0.042177698155053615,
          "test_kappa_mean": 0.17916666666666664,
          "test_kappa_std": 0.07659130544765143,
          "confusion_matrix": [
            [
              30.0,
              57.5,
              12.499999999999998
            ],
            [
              27.916666666666668,
              72.08333333333334,
              0.0
            ],
            [
              29.583333333333336,
              36.66666666666667,
              33.75000000000001
            ]
          ]
        },
        {
          "participant": "3248",
          "train_size": 2,
          "n_seeds": 20,
          "n_train_samples_mean": 6.0,
          "n_test_samples_mean": 36.0,
          "test_acc_mean": 0.6138888888888888,
          "test_acc_std": 0.06916610887771517,
          "test_bal_acc_mean": 0.6138888888888888,
          "test_bal_acc_std": 0.0691661088777152,
          "test_f1_mean": 0.5810381441661936,
          "test_f1_std": 0.09050406359723283,
          "test_kappa_mean": 0.4208333333333334,
          "test_kappa_std": 0.10374916331657279,
          "confusion_matrix": [
            [
              81.25,
              0.0,
              18.749999999999996
            ],
            [
              2.083333333333333,
              25.416666666666664,
              72.49999999999999
            ],
            [
              6.666666666666664,
              15.833333333333334,
              77.5
            ]
          ]
        },
        {
          "participant": "3250",
          "train_size": 2,
          "n_seeds": 20,
          "n_train_samples_mean": 6.0,
          "n_test_samples_mean": 36.0,
          "test_acc_mean": 0.4138888888888889,
          "test_acc_std": 0.05548240798524751,
          "test_bal_acc_mean": 0.41388888888888886,
          "test_bal_acc_std": 0.055482407985247506,
          "test_f1_mean": 0.3289457614951996,
          "test_f1_std": 0.08812165083580412,
          "test_kappa_mean": 0.12083333333333332,
          "test_kappa_std": 0.08322361197787125,
          "confusion_matrix": [
            [
              13.75,
              12.916666666666668,
              73.33333333333333
            ],
            [
              6.666666666666667,
              25.416666666666664,
              67.91666666666667
            ],
            [
              5.416666666666666,
              9.583333333333332,
              85.0
            ]
          ]
        }
      ]
    },
    {
      "aggregated": {
        "train_size": 3,
        "n_participants": 37,
        "n_seeds": 20,
        "test_acc_mean": 0.5266994266994266,
        "test_acc_std": 0.1144746584298431,
        "test_bal_acc_mean": 0.5270406770406769,
        "test_bal_acc_std": 0.113389202752839,
        "test_f1_mean": 0.4961005449470098,
        "test_f1_std": 0.1345063585018953,
        "test_kappa_mean": 0.2856885650372199,
        "test_kappa_std": 0.17645343333193117,
        "confusion_matrix": [
          [
            61.46805896805895,
            17.757985257985258,
            20.773955773955773
          ],
          [
            24.98771498771499,
            44.52088452088452,
            30.491400491400494
          ],
          [
            19.129811629811634,
            28.746928746928745,
            52.123259623259635
          ]
        ]
      },
      "per_participant": [
        {
          "participant": "3208",
          "train_size": 3,
          "n_seeds": 20,
          "n_train_samples_mean": 9.0,
          "n_test_samples_mean": 33.0,
          "test_acc_mean": 0.6106060606060606,
          "test_acc_std": 0.034445699447531265,
          "test_bal_acc_mean": 0.6106060606060605,
          "test_bal_acc_std": 0.03444569944753127,
          "test_f1_mean": 0.614310043757412,
          "test_f1_std": 0.03415629671809337,
          "test_kappa_mean": 0.4159090909090909,
          "test_kappa_std": 0.05166854917129689,
          "confusion_matrix": [
            [
              61.81818181818183,
              20.0,
              18.181818181818183
            ],
            [
              13.636363636363637,
              66.36363636363637,
              19.999999999999996
            ],
            [
              1.8181818181818183,
              43.181818181818194,
              55.0
            ]
          ]
        },
        {
          "participant": "3209",
          "train_size": 3,
          "n_seeds": 20,
          "n_train_samples_mean": 9.0,
          "n_test_samples_mean": 33.0,
          "test_acc_mean": 0.41515151515151505,
          "test_acc_std": 0.03419927840283847,
          "test_bal_acc_mean": 0.41515151515151516,
          "test_bal_acc_std": 0.03419927840283849,
