{
  "name": "gsr",
  "config": {
    "n_seeds": 20,
    "feature_selection": "backward",
    "use_pose_derivatives": true,
    "use_time_features": false,
    "include_order": false,
    "normalize_features": true,
    "class_config": "all",
    "use_pca": false,
    "pca_variance": 0.9,
    "write_cm": true,
    "tune_hyperparameters": false,
    "tune_n_iter": 30,
    "tune_cv_folds": 5,
    "name": "gsr",
    "feature_groups": [
      "gsr"
    ],
    "split_strategy": "participant_specific",
    "sampling_strategy": "temporal_stratified"
  },
  "sampling_strategy": "temporal_stratified",
  "n_seeds": 20,
  "learning_curve": [
    {
      "aggregated": {
        "train_size": 2,
        "n_participants": 40,
        "n_seeds": 20,
        "test_acc_mean": 0.42213849686379934,
        "test_acc_std": 0.1135895978686539,
        "test_bal_acc_mean": 0.4177951388888889,
        "test_bal_acc_std": 0.11417448290659679,
        "test_f1_mean": 0.38441622162402833,
        "test_f1_std": 0.12138157403278134,
        "test_kappa_mean": 0.1289076107249517,
        "test_kappa_std": 0.17065541178501653,
        "confusion_matrix": [
          [
            44.708333333333336,
            29.166666666666664,
            26.125
          ],
          [
            29.166666666666664,
            44.14062500000001,
            26.692708333333336
          ],
          [
            32.52083333333333,
            30.989583333333332,
            36.48958333333334
          ]
        ]
      },
      "per_participant": [
        {
          "participant": "3208",
          "train_size": 2,
          "n_seeds": 20,
          "n_train_samples_mean": 6.0,
          "n_test_samples_mean": 36.0,
          "test_acc_mean": 0.39861111111111114,
          "test_acc_std": 0.04958813472911569,
          "test_bal_acc_mean": 0.39861111111111114,
          "test_bal_acc_std": 0.04958813472911569,
          "test_f1_mean": 0.38597160895224564,
          "test_f1_std": 0.04696549068976891,
          "test_kappa_mean": 0.09791666666666665,
          "test_kappa_std": 0.07438220209367358,
          "confusion_matrix": [
            [
              35.0,
              41.249999999999986,
              23.75
            ],
            [
              27.083333333333332,
              51.666666666666664,
              21.249999999999996
            ],
            [
              15.833333333333329,
              51.249999999999986,
              32.916666666666664
            ]
          ]
        },
        {
          "participant": "3209",
          "train_size": 2,
          "n_seeds": 20,
          "n_train_samples_mean": 6.0,
          "n_test_samples_mean": 36.0,
          "test_acc_mean": 0.525,
          "test_acc_std": 0.06105792475542055,
          "test_bal_acc_mean": 0.525,
          "test_bal_acc_std": 0.06105792475542055,
          "test_f1_mean": 0.5067860736129279,
          "test_f1_std": 0.06508838418709818,
          "test_kappa_mean": 0.28750000000000003,
          "test_kappa_std": 0.0915868871331308,
          "confusion_matrix": [
            [
              35.41666666666666,
              9.583333333333334,
              55.0
            ],
            [
              0.0,
              81.25000000000001,
              18.749999999999996
            ],
            [
              21.666666666666664,
              37.5,
              40.83333333333333
            ]
          ]
        },
        {
          "participant": "3210",
          "train_size": 2,
          "n_seeds": 20,
          "n_train_samples_mean": 6.0,
          "n_test_samples_mean": 36.0,
          "test_acc_mean": 0.6402777777777777,
          "test_acc_std": 0.0777751670405608,
          "test_bal_acc_mean": 0.6402777777777777,
          "test_bal_acc_std": 0.0777751670405608,
          "test_f1_mean": 0.5934980743896425,
          "test_f1_std": 0.09543645159782044,
          "test_kappa_mean": 0.4604166666666666,
          "test_kappa_std": 0.1166627505608412,
          "confusion_matrix": [
            [
              97.08333333333333,
              1.25,
              1.6666666666666665
            ],
            [
              20.0,
              47.08333333333333,
              32.91666666666666
            ],
            [
              19.166666666666668,
              32.916666666666664,
              47.916666666666664
            ]
          ]
        },
        {
          "participant": "3214",
          "train_size": 2,
          "n_seeds": 20,
          "n_train_samples_mean": 6.0,
          "n_test_samples_mean": 36.0,
          "test_acc_mean": 0.3527777777777777,
          "test_acc_std": 0.02401402016307271,
          "test_bal_acc_mean": 0.3527777777777777,
          "test_bal_acc_std": 0.024014020163072712,
          "test_f1_mean": 0.2503917378917379,
          "test_f1_std": 0.05587552491094679,
          "test_kappa_mean": 0.029166666666666646,
          "test_kappa_std": 0.03602103024460908,
          "confusion_matrix": [
            [
              82.5,
              1.6666666666666665,
              15.833333333333334
            ],
            [
              93.75000000000001,
              0.8333333333333333,
              5.416666666666664
            ],
            [
              75.00000000000001,
              2.5,
              22.499999999999993
            ]
          ]
        },
        {
          "participant": "3215",
          "train_size": 2,
          "n_seeds": 20,
          "n_train_samples_mean": 6.0,
          "n_test_samples_mean": 36.0,
          "test_acc_mean": 0.3347222222222222,
          "test_acc_std": 0.07402989667046439,
          "test_bal_acc_mean": 0.3347222222222222,
          "test_bal_acc_std": 0.07402989667046439,
          "test_f1_mean": 0.30928122454590934,
          "test_f1_std": 0.07318767356183425,
          "test_kappa_mean": 0.0020833333333332817,
          "test_kappa_std": 0.11104484500569663,
          "confusion_matrix": [
            [
              57.5,
              7.499999999999998,
              35.0
            ],
            [
              47.916666666666664,
              28.333333333333325,
              23.749999999999996
            ],
            [
              47.5,
              37.916666666666664,
              14.583333333333334
            ]
          ]
        },
        {
          "participant": "3216",
          "train_size": 2,
          "n_seeds": 20,
          "n_train_samples_mean": 6.0,
          "n_test_samples_mean": 36.0,
          "test_acc_mean": 0.4125,
          "test_acc_std": 0.035222997021382076,
          "test_bal_acc_mean": 0.4125,
          "test_bal_acc_std": 0.03522299702138209,
          "test_f1_mean": 0.3687295246652475,
          "test_f1_std": 0.01966647231333149,
          "test_kappa_mean": 0.11874999999999998,
          "test_kappa_std": 0.052834495532073124,
          "confusion_matrix": [
            [
              20.416666666666668,
              38.75,
              40.83333333333333
            ],
            [
              39.58333333333333,
              22.916666666666664,
              37.5
            ],
            [
              5.416666666666667,
              14.166666666666666,
              80.41666666666666
            ]
          ]
        },
        {
          "participant": "3217",
          "train_size": 2,
          "n_seeds": 20,
          "n_train_samples_mean": 6.0,
          "n_test_samples_mean": 36.0,
          "test_acc_mean": 0.5819444444444446,
          "test_acc_std": 0.03873717272862266,
          "test_bal_acc_mean": 0.5819444444444446,
          "test_bal_acc_std": 0.03873717272862268,
          "test_f1_mean": 0.5712191955571055,
          "test_f1_std": 0.05064160675115105,
          "test_kappa_mean": 0.37291666666666673,
          "test_kappa_std": 0.058105759092934,
          "confusion_matrix": [
            [
              56.25,
              35.41666666666667,
              8.333333333333332
            ],
            [
              0.0,
              77.91666666666666,
              22.083333333333336
            ],
            [
              54.166666666666664,
              5.416666666666666,
              40.416666666666664
            ]
          ]
        },
        {
          "participant": "3218",
          "train_size": 2,
          "n_seeds": 20,
          "n_train_samples_mean": 6.0,
          "n_test_samples_mean": 36.0,
          "test_acc_mean": 0.41527777777777786,
          "test_acc_std": 0.024640033564528235,
          "test_bal_acc_mean": 0.41527777777777775,
          "test_bal_acc_std": 0.02464003356452826,
          "test_f1_mean": 0.3458522838081047,
          "test_f1_std": 0.040975855309379264,
          "test_kappa_mean": 0.12291666666666672,
          "test_kappa_std": 0.03696005034679233,
          "confusion_matrix": [
            [
              92.91666666666669,
              0.0,
              7.083333333333331
            ],
            [
              29.583333333333336,
              28.75,
              41.666666666666664
            ],
            [
              52.91666666666667,
              44.16666666666667,
              2.9166666666666656
            ]
          ]
        },
        {
          "participant": "3219",
          "train_size": 2,
          "n_seeds": 20,
          "n_train_samples_mean": 6.0,
          "n_test_samples_mean": 31.0,
          "test_acc_mean": 0.3483870967741935,
          "test_acc_std": 0.028852490032255363,
          "test_bal_acc_mean": 0.29999999999999993,
          "test_bal_acc_std": 0.02484519974999766,
          "test_f1_mean": 0.2519191976188125,
          "test_f1_std": 0.019035644061373667,
          "test_kappa_mean": -0.03609799179278521,
          "test_kappa_std": 0.03990030969365352,
          "confusion_matrix": [
            [
              82.08333333333334,
              0.8333333333333333,
              17.083333333333336
            ],
            [
              83.74999999999999,
              7.916666666666666,
              8.333333333333332
            ],
            [
              100.0,
              0.0,
              0.0
            ]
          ]
        },
        {
          "participant": "3220",
          "train_size": 2,
          "n_seeds": 20,
          "n_train_samples_mean": 6.0,
          "n_test_samples_mean": 36.0,
          "test_acc_mean": 0.24027777777777776,
          "test_acc_std": 0.07870943678236106,
          "test_bal_acc_mean": 0.24027777777777776,
          "test_bal_acc_std": 0.07870943678236104,
          "test_f1_mean": 0.1988429556714662,
          "test_f1_std": 0.05640374487776323,
          "test_kappa_mean": -0.13958333333333328,
          "test_kappa_std": 0.11806415517354157,
          "confusion_matrix": [
            [
              13.333333333333332,
              63.33333333333333,
              23.333333333333332
            ],
            [
              4.166666666666666,
              38.75000000000001,
              57.08333333333333
            ],
            [
              15.416666666666663,
              64.58333333333334,
              19.999999999999996
            ]
          ]
        },
        {
          "participant": "3221",
          "train_size": 2,
          "n_seeds": 20,
          "n_train_samples_mean": 6.0,
          "n_test_samples_mean": 36.0,
          "test_acc_mean": 0.4375,
          "test_acc_std": 0.026848490748840572,
          "test_bal_acc_mean": 0.4375,
          "test_bal_acc_std": 0.026848490748840558,
          "test_f1_mean": 0.37286741316470656,
          "test_f1_std": 0.019059189341319605,
          "test_kappa_mean": 0.15625,
          "test_kappa_std": 0.04027273612326088,
          "confusion_matrix": [
            [
              50.83333333333332,
              36.66666666666667,
              12.5
            ],
            [
              21.25,
              72.08333333333334,
              6.666666666666666
            ],
            [
              41.25000000000001,
              50.416666666666664,
              8.333333333333332
            ]
          ]
        },
        {
          "participant": "3222",
          "train_size": 2,
          "n_seeds": 20,
          "n_train_samples_mean": 6.0,
          "n_test_samples_mean": 32.0,
          "test_acc_mean": 0.459375,
          "test_acc_std": 0.025041084662063492,
          "test_bal_acc_mean": 0.4437500000000001,
          "test_bal_acc_std": 0.03295194829879046,
          "test_f1_mean": 0.3525018506819978,
          "test_f1_std": 0.03019295976340009,
          "test_kappa_mean": 0.16329354802734428,
          "test_kappa_std": 0.05344678957938039,
          "confusion_matrix": [
            [
              1.2499999999999998,
              25.416666666666668,
              73.33333333333334
            ],
            [
              27.5,
              31.875,
              40.625
            ],
            [
              0.0,
              0.0,
              100.0
            ]
          ]
        },
        {
          "participant": "3223",
          "train_size": 2,
          "n_seeds": 20,
          "n_train_samples_mean": 6.0,
          "n_test_samples_mean": 36.0,
          "test_acc_mean": 0.24722222222222223,
          "test_acc_std": 0.032369094590371086,
          "test_bal_acc_mean": 0.24722222222222223,
          "test_bal_acc_std": 0.03236909459037108,
          "test_f1_mean": 0.2540028662897754,
          "test_f1_std": 0.028222444349046485,
          "test_kappa_mean": -0.1291666666666667,
          "test_kappa_std": 0.04855364188555663,
          "confusion_matrix": [
            [
              45.83333333333333,
              31.666666666666664,
              22.499999999999996
            ],
            [
              19.583333333333336,
              8.333333333333332,
              72.08333333333333
            ],
            [
              17.916666666666664,
              62.083333333333336,
              19.999999999999996
            ]
          ]
        },
        {
          "participant": "3224",
          "train_size": 2,
          "n_seeds": 20,
          "n_train_samples_mean": 6.0,
          "n_test_samples_mean": 36.0,
          "test_acc_mean": 0.5111111111111111,
          "test_acc_std": 0.05437338721439922,
          "test_bal_acc_mean": 0.5111111111111111,
          "test_bal_acc_std": 0.054373387214399216,
          "test_f1_mean": 0.43257764497353246,
          "test_f1_std": 0.06135340663806703,
          "test_kappa_mean": 0.2666666666666666,
          "test_kappa_std": 0.08156008082159882,
          "confusion_matrix": [
            [
              10.0,
              55.0,
              34.99999999999999
            ],
            [
              2.9166666666666656,
              87.08333333333334,
              9.999999999999998
            ],
            [
              12.916666666666663,
              30.833333333333332,
              56.25
            ]
          ]
        },
        {
          "participant": "3225",
          "train_size": 2,
          "n_seeds": 20,
          "n_train_samples_mean": 6.0,
          "n_test_samples_mean": 36.0,
          "test_acc_mean": 0.6222222222222222,
          "test_acc_std": 0.03536682365896737,
          "test_bal_acc_mean": 0.6222222222222222,
          "test_bal_acc_std": 0.035366823658967414,
          "test_f1_mean": 0.5830669502865626,
          "test_f1_std": 0.04318450843481765,
          "test_kappa_mean": 0.4333333333333334,
          "test_kappa_std": 0.05305023548845111,
          "confusion_matrix": [
            [
              64.16666666666666,
              0.0,
              35.83333333333333
            ],
            [
              13.75,
              22.500000000000004,
              63.75
            ],
            [
              0.0,
              0.0,
              100.0
            ]
          ]
        },
        {
          "participant": "3226",
          "train_size": 2,
          "n_seeds": 20,
          "n_train_samples_mean": 6.0,
          "n_test_samples_mean": 36.0,
          "test_acc_mean": 0.4805555555555556,
          "test_acc_std": 0.03616168298681972,
          "test_bal_acc_mean": 0.4805555555555556,
          "test_bal_acc_std": 0.03616168298681972,
          "test_f1_mean": 0.4656588794510882,
          "test_f1_std": 0.031152579396720153,
          "test_kappa_mean": 0.2208333333333333,
          "test_kappa_std": 0.054242524480229586,
          "confusion_matrix": [
            [
              68.33333333333331,
              4.999999999999999,
              26.666666666666664
            ],
            [
              35.0,
              58.749999999999986,
              6.249999999999998
            ],
            [
              80.41666666666666,
              2.499999999999999,
              17.083333333333336
            ]
          ]
        },
        {
          "participant": "3227",
          "train_size": 2,
          "n_seeds": 20,
          "n_train_samples_mean": 6.0,
          "n_test_samples_mean": 36.0,
          "test_acc_mean": 0.4541666666666666,
          "test_acc_std": 0.03157522449357033,
          "test_bal_acc_mean": 0.4541666666666666,
          "test_bal_acc_std": 0.03157522449357031,
          "test_f1_mean": 0.3735900319477502,
          "test_f1_std": 0.034249228809386356,
          "test_kappa_mean": 0.18124999999999997,
          "test_kappa_std": 0.04736283674035549,
          "confusion_matrix": [
            [
              97.91666666666666,
              0.0,
              2.083333333333333
            ],
            [
              50.41666666666667,
              10.0,
              39.58333333333333
            ],
            [
              62.91666666666665,
              8.750000000000002,
              28.333333333333336
            ]
          ]
        },
        {
          "participant": "3228",
          "train_size": 2,
          "n_seeds": 20,
          "n_train_samples_mean": 6.0,
          "n_test_samples_mean": 27.0,
          "test_acc_mean": 0.48888888888888893,
          "test_acc_std": 0.03723145851481739,
          "test_bal_acc_mean": 0.3791666666666667,
          "test_bal_acc_std": 0.03635768270418143,
          "test_f1_mean": 0.47917083969578067,
          "test_f1_std": 0.023828061711117392,
          "test_kappa_mean": 0.14577553943017466,
          "test_kappa_std": 0.0516864943713233,
          "confusion_matrix": [
            [
              4.999999999999999,
              95.0,
              0.0
            ],
            [
              20.416666666666664,
              42.08333333333333,
              37.50000000000001
            ],
            [
              7.083333333333331,
              26.249999999999993,
              66.66666666666669
            ]
          ]
        },
        {
          "participant": "3229",
          "train_size": 2,
          "n_seeds": 20,
          "n_train_samples_mean": 6.0,
          "n_test_samples_mean": 36.0,
          "test_acc_mean": 0.475,
          "test_acc_std": 0.06857644672068033,
          "test_bal_acc_mean": 0.475,
          "test_bal_acc_std": 0.06857644672068032,
          "test_f1_mean": 0.4809683316329282,
          "test_f1_std": 0.07641931141474695,
          "test_kappa_mean": 0.2125,
          "test_kappa_std": 0.1028646700810205,
          "confusion_matrix": [
            [
              45.416666666666664,
              1.6666666666666665,
              52.91666666666667
            ],
            [
              0.0,
              35.416666666666664,
              64.58333333333331
            ],
            [
              1.2499999999999998,
              37.08333333333333,
              61.666666666666664
            ]
          ]
        },
        {
          "participant": "3230",
          "train_size": 2,
          "n_seeds": 20,
          "n_train_samples_mean": 6.0,
          "n_test_samples_mean": 36.0,
          "test_acc_mean": 0.35277777777777775,
          "test_acc_std": 0.05262751771205644,
          "test_bal_acc_mean": 0.35277777777777775,
          "test_bal_acc_std": 0.052627517712056406,
          "test_f1_mean": 0.30566425627584703,
          "test_f1_std": 0.04840770967408753,
          "test_kappa_mean": 0.029166666666666646,
          "test_kappa_std": 0.07894127656808467,
          "confusion_matrix": [
            [
              63.33333333333333,
              0.8333333333333333,
              35.833333333333336
            ],
            [
              77.08333333333334,
              7.916666666666666,
              14.999999999999996
            ],
            [
              64.58333333333333,
              0.8333333333333333,
              34.58333333333333
            ]
          ]
        },
        {
          "participant": "3231",
          "train_size": 2,
          "n_seeds": 20,
          "n_train_samples_mean": 6.0,
          "n_test_samples_mean": 36.0,
          "test_acc_mean": 0.3597222222222223,
          "test_acc_std": 0.027741203992623756,
          "test_bal_acc_mean": 0.3597222222222222,
          "test_bal_acc_std": 0.027741203992623746,
          "test_f1_mean": 0.32967839597614595,
          "test_f1_std": 0.04635566404712365,
          "test_kappa_mean": 0.03958333333333334,
          "test_kappa_std": 0.04161180598893565,
          "confusion_matrix": [
            [
              16.249999999999993,
              59.583333333333336,
              24.16666666666666
            ],
            [
              24.166666666666664,
              55.0,
              20.83333333333333
            ],
            [
              19.166666666666668,
              44.16666666666667,
              36.666666666666664
            ]
          ]
        },
        {
          "participant": "3232",
          "train_size": 2,
          "n_seeds": 20,
          "n_train_samples_mean": 6.0,
          "n_test_samples_mean": 36.0,
          "test_acc_mean": 0.4736111111111111,
          "test_acc_std": 0.08234057784734035,
          "test_bal_acc_mean": 0.4736111111111111,
          "test_bal_acc_std": 0.08234057784734036,
          "test_f1_mean": 0.44699981204650074,
          "test_f1_std": 0.09362854120256016,
          "test_kappa_mean": 0.21041666666666664,
          "test_kappa_std": 0.12351086677101053,
          "confusion_matrix": [
            [
              20.83333333333333,
              35.416666666666664,
              43.75
            ],
            [
              16.666666666666664,
              70.83333333333333,
              12.5
            ],
            [
              35.41666666666666,
              14.166666666666666,
              50.41666666666666
            ]
          ]
        },
        {
          "participant": "3233",
          "train_size": 2,
          "n_seeds": 20,
          "n_train_samples_mean": 6.0,
          "n_test_samples_mean": 36.0,
          "test_acc_mean": 0.6069444444444445,
          "test_acc_std": 0.04876229622836978,
          "test_bal_acc_mean": 0.6069444444444444,
          "test_bal_acc_std": 0.04876229622836981,
          "test_f1_mean": 0.5994781047653414,
          "test_f1_std": 0.05443851014749141,
          "test_kappa_mean": 0.4104166666666666,
          "test_kappa_std": 0.07314344434255472,
          "confusion_matrix": [
            [
              71.25,
              17.916666666666668,
              10.833333333333334
            ],
            [
              25.0,
              65.83333333333334,
              9.166666666666668
            ],
            [
              18.333333333333332,
              36.666666666666664,
              45.000000000000014
            ]
          ]
        },
        {
          "participant": "3234",
          "train_size": 2,
          "n_seeds": 20,
          "n_train_samples_mean": 6.0,
          "n_test_samples_mean": 36.0,
          "test_acc_mean": 0.42361111111111116,
          "test_acc_std": 0.05167358313763428,
          "test_bal_acc_mean": 0.42361111111111116,
          "test_bal_acc_std": 0.05167358313763428,
          "test_f1_mean": 0.38735311727361205,
          "test_f1_std": 0.05007020377716219,
          "test_kappa_mean": 0.13541666666666669,
          "test_kappa_std": 0.0775103747064514,
          "confusion_matrix": [
            [
              65.41666666666666,
              9.999999999999996,
              24.583333333333336
            ],
            [
              51.66666666666667,
              32.08333333333333,
              16.249999999999996
            ],
            [
              33.75,
              36.666666666666664,
              29.583333333333332
            ]
          ]
        },
        {
          "participant": "3235",
          "train_size": 2,
          "n_seeds": 20,
          "n_train_samples_mean": 6.0,
          "n_test_samples_mean": 36.0,
          "test_acc_mean": 0.5222222222222223,
          "test_acc_std": 0.03780872485437338,
          "test_bal_acc_mean": 0.5222222222222223,
          "test_bal_acc_std": 0.03780872485437336,
          "test_f1_mean": 0.5131129491375324,
          "test_f1_std": 0.0440204564804841,
          "test_kappa_mean": 0.2833333333333333,
          "test_kappa_std": 0.05671308728156005,
          "confusion_matrix": [
            [
              46.666666666666664,
              15.0,
              38.33333333333333
            ],
            [
              21.25,
              68.75,
              10.0
            ],
            [
              20.0,
              38.74999999999999,
              41.24999999999999
            ]
          ]
        },
        {
          "participant": "3236",
          "train_size": 2,
          "n_seeds": 20,
          "n_train_samples_mean": 6.0,
          "n_test_samples_mean": 36.0,
          "test_acc_mean": 0.36944444444444435,
          "test_acc_std": 0.03616168298681972,
          "test_bal_acc_mean": 0.3694444444444444,
          "test_bal_acc_std": 0.03616168298681972,
          "test_f1_mean": 0.2909292986579078,
          "test_f1_std": 0.039815604671373316,
          "test_kappa_mean": 0.054166666666666655,
          "test_kappa_std": 0.054242524480229586,
          "confusion_matrix": [
            [
              21.25,
              45.000000000000014,
              33.74999999999999
            ],
            [
              10.416666666666663,
              85.41666666666666,
              4.166666666666667
            ],
            [
              10.833333333333329,
              84.99999999999999,
              4.166666666666667
            ]
          ]
        },
        {
          "participant": "3237",
          "train_size": 2,
          "n_seeds": 20,
          "n_train_samples_mean": 6.0,
          "n_test_samples_mean": 36.0,
          "test_acc_mean": 0.49444444444444446,
          "test_acc_std": 0.07678988318681085,
          "test_bal_acc_mean": 0.49444444444444446,
          "test_bal_acc_std": 0.07678988318681085,
          "test_f1_mean": 0.48123025689206944,
          "test_f1_std": 0.07396558016949563,
          "test_kappa_mean": 0.2416666666666666,
          "test_kappa_std": 0.11518482478021627,
          "confusion_matrix": [
            [
              55.0,
              22.499999999999996,
              22.5
            ],
            [
              31.25,
              27.916666666666664,
              40.83333333333332
            ],
            [
              15.0,
              19.583333333333336,
              65.41666666666666
            ]
          ]
        },
        {
          "participant": "3238",
          "train_size": 2,
          "n_seeds": 20,
          "n_train_samples_mean": 6.0,
          "n_test_samples_mean": 36.0,
          "test_acc_mean": 0.2638888888888889,
          "test_acc_std": 0.04639365980298957,
          "test_bal_acc_mean": 0.2638888888888889,
          "test_bal_acc_std": 0.04639365980298956,
          "test_f1_mean": 0.22721175667657484,
          "test_f1_std": 0.041474955409724255,
          "test_kappa_mean": -0.10416666666666666,
          "test_kappa_std": 0.06959048970448432,
          "confusion_matrix": [
            [
              12.916666666666666,
              53.75,
              33.33333333333333
            ],
            [
              20.000000000000004,
              54.583333333333336,
              25.416666666666668
            ],
            [
              26.666666666666664,
              61.66666666666667,
              11.666666666666668
            ]
          ]
        },
        {
          "participant": "3239",
          "train_size": 2,
          "n_seeds": 20,
          "n_train_samples_mean": 6.0,
          "n_test_samples_mean": 36.0,
          "test_acc_mean": 0.19166666666666668,
          "test_acc_std": 0.02835654364078002,
          "test_bal_acc_mean": 0.19166666666666665,
          "test_bal_acc_std": 0.028356543640780024,
          "test_f1_mean": 0.15479047694231482,
          "test_f1_std": 0.034857313117632606,
          "test_kappa_mean": -0.2125,
          "test_kappa_std": 0.04253481546117002,
          "confusion_matrix": [
            [
              30.833333333333332,
              56.666666666666664,
              12.5
            ],
            [
              67.50000000000001,
              25.833333333333332,
              6.666666666666666
            ],
            [
              49.166666666666664,
              50.0,
              0.8333333333333333
            ]
          ]
        },
        {
          "participant": "3240",
          "train_size": 2,
          "n_seeds": 20,
          "n_train_samples_mean": 6.0,
          "n_test_samples_mean": 36.0,
          "test_acc_mean": 0.42777777777777787,
          "test_acc_std": 0.03536682365896739,
          "test_bal_acc_mean": 0.42777777777777787,
          "test_bal_acc_std": 0.035366823658967414,
          "test_f1_mean": 0.3834672894870792,
          "test_f1_std": 0.040170606622658284,
          "test_kappa_mean": 0.1416666666666667,
          "test_kappa_std": 0.053050235488451086,
          "confusion_matrix": [
            [
              49.16666666666668,
              1.6666666666666665,
              49.16666666666665
            ],
            [
              36.249999999999986,
              31.666666666666664,
              32.083333333333336
            ],
            [
              40.83333333333333,
              11.666666666666668,
              47.49999999999998
            ]
          ]
        },
        {
          "participant": "3241",
          "train_size": 2,
          "n_seeds": 20,
          "n_train_samples_mean": 6.0,
          "n_test_samples_mean": 36.0,
          "test_acc_mean": 0.24722222222222223,
          "test_acc_std": 0.03478794948685069,
          "test_bal_acc_mean": 0.24722222222222218,
          "test_bal_acc_std": 0.03478794948685068,
          "test_f1_mean": 0.2260107490668013,
          "test_f1_std": 0.04371583015744217,
          "test_kappa_mean": -0.1291666666666667,
          "test_kappa_std": 0.05218192423027605,
          "confusion_matrix": [
            [
              42.916666666666664,
              41.66666666666667,
              15.416666666666666
            ],
            [
              77.08333333333334,
              19.583333333333336,
              3.333333333333332
            ],
            [
              38.33333333333334,
              49.99999999999999,
              11.666666666666664
            ]
          ]
        },
        {
          "participant": "3242",
          "train_size": 2,
          "n_seeds": 20,
          "n_train_samples_mean": 6.0,
          "n_test_samples_mean": 36.0,
          "test_acc_mean": 0.23194444444444443,
          "test_acc_std": 0.01359334680359981,
          "test_bal_acc_mean": 0.23194444444444445,
          "test_bal_acc_std": 0.013593346803599799,
          "test_f1_mean": 0.1910863922877271,
          "test_f1_std": 0.01352221203624768,
          "test_kappa_mean": -0.1520833333333334,
          "test_kappa_std": 0.020390020205399737,
          "confusion_matrix": [
            [
              44.166666666666664,
              0.0,
              55.833333333333336
            ],
            [
              29.999999999999993,
              0.41666666666666663,
              69.58333333333334
            ],
            [
              66.66666666666666,
              8.333333333333332,
              25.0
            ]
          ]
        },
        {
          "participant": "3243",
          "train_size": 2,
          "n_seeds": 20,
          "n_train_samples_mean": 6.0,
          "n_test_samples_mean": 36.0,
          "test_acc_mean": 0.3708333333333333,
          "test_acc_std": 0.030261745312683493,
          "test_bal_acc_mean": 0.3708333333333333,
          "test_bal_acc_std": 0.030261745312683483,
          "test_f1_mean": 0.3336871421638624,
          "test_f1_std": 0.042404916918837424,
          "test_kappa_mean": 0.05624999999999998,
          "test_kappa_std": 0.045392617969025224,
          "confusion_matrix": [
            [
              13.333333333333332,
              77.49999999999999,
              9.166666666666666
            ],
            [
              21.250000000000004,
              78.33333333333334,
              0.41666666666666663
            ],
            [
              62.499999999999986,
              17.916666666666664,
              19.583333333333332
            ]
          ]
        },
        {
          "participant": "3244",
          "train_size": 2,
          "n_seeds": 20,
          "n_train_samples_mean": 6.0,
          "n_test_samples_mean": 36.0,
          "test_acc_mean": 0.48472222222222217,
          "test_acc_std": 0.029168407077007262,
          "test_bal_acc_mean": 0.48472222222222217,
          "test_bal_acc_std": 0.029168407077007262,
          "test_f1_mean": 0.46305169240792177,
          "test_f1_std": 0.03573250045931329,
          "test_kappa_mean": 0.22708333333333336,
          "test_kappa_std": 0.043752610615510855,
          "confusion_matrix": [
            [
              61.249999999999986,
              24.583333333333336,
              14.166666666666666
            ],
            [
              26.666666666666664,
              61.249999999999986,
              12.08333333333333
            ],
            [
              35.833333333333336,
              41.25,
              22.916666666666668
            ]
          ]
        },
        {
          "participant": "3245",
          "train_size": 2,
          "n_seeds": 20,
          "n_train_samples_mean": 6.0,
          "n_test_samples_mean": 36.0,
          "test_acc_mean": 0.5347222222222223,
          "test_acc_std": 0.05397984727313454,
          "test_bal_acc_mean": 0.5347222222222223,
          "test_bal_acc_std": 0.05397984727313453,
          "test_f1_mean": 0.5120654658369633,
          "test_f1_std": 0.0705558717727195,
          "test_kappa_mean": 0.30208333333333337,
          "test_kappa_std": 0.08096977090970178,
          "confusion_matrix": [
            [
              74.58333333333331,
              20.416666666666664,
              4.999999999999998
            ],
            [
              27.5,
              53.749999999999986,
              18.749999999999993
            ],
            [
              10.833333333333332,
              57.083333333333336,
              32.083333333333336
            ]
          ]
        },
        {
          "participant": "3246",
          "train_size": 2,
          "n_seeds": 20,
          "n_train_samples_mean": 6.0,
          "n_test_samples_mean": 36.0,
          "test_acc_mean": 0.37499999999999994,
          "test_acc_std": 0.03548146520325029,
          "test_bal_acc_mean": 0.375,
          "test_bal_acc_std": 0.03548146520325028,
          "test_f1_mean": 0.32465943537153497,
          "test_f1_std": 0.05086372906045365,
          "test_kappa_mean": 0.06250000000000003,
          "test_kappa_std": 0.05322219780487541,
          "confusion_matrix": [
            [
              18.750000000000004,
              58.333333333333336,
              22.91666666666667
            ],
            [
              24.999999999999996,
              21.250000000000004,
              53.75
            ],
            [
              24.58333333333333,
              2.9166666666666665,
              72.5
            ]
          ]
        },
        {
          "participant": "3247",
          "train_size": 2,
          "n_seeds": 20,
          "n_train_samples_mean": 6.0,
          "n_test_samples_mean": 36.0,
          "test_acc_mean": 0.4444444444444445,
          "test_acc_std": 0.05177172868311629,
          "test_bal_acc_mean": 0.44444444444444436,
          "test_bal_acc_std": 0.05177172868311631,
          "test_f1_mean": 0.425281561284088,
          "test_f1_std": 0.06536372547712734,
          "test_kappa_mean": 0.16666666666666669,
          "test_kappa_std": 0.07765759302467443,
          "confusion_matrix": [
            [
              25.416666666666664,
              34.16666666666667,
              40.41666666666667
            ],
            [
              0.0,
              78.75,
              21.25
            ],
            [
              63.333333333333336,
              7.5,
              29.166666666666657
            ]
          ]
        },
        {
          "participant": "3248",
          "train_size": 2,
          "n_seeds": 20,
          "n_train_samples_mean": 6.0,
          "n_test_samples_mean": 36.0,
          "test_acc_mean": 0.49583333333333324,
          "test_acc_std": 0.028888607735923836,
          "test_bal_acc_mean": 0.49583333333333324,
          "test_bal_acc_std": 0.02888860773592385,
          "test_f1_mean": 0.47046278065500857,
          "test_f1_std": 0.034156010565107246,
          "test_kappa_mean": 0.24374999999999997,
          "test_kappa_std": 0.043332911603885714,
          "confusion_matrix": [
            [
              33.33333333333333,
              54.583333333333314,
              12.083333333333332
            ],
            [
              5.833333333333331,
              85.0,
              9.166666666666666
            ],
            [
              2.9166666666666656,
              66.66666666666666,
              30.416666666666657
            ]
          ]
        },
        {
          "participant": "3249",
          "train_size": 2,
          "n_seeds": 20,
          "n_train_samples_mean": 6.0,
          "n_test_samples_mean": 36.0,
          "test_acc_mean": 0.25555555555555554,
          "test_acc_std": 0.03069479174739348,
          "test_bal_acc_mean": 0.25555555555555554,
          "test_bal_acc_std": 0.03069479174739346,
          "test_f1_mean": 0.21437735745020364,
          "test_f1_std": 0.03427451476488872,
          "test_kappa_mean": -0.1166666666666667,
          "test_kappa_std": 0.04604218762109025,
          "confusion_matrix": [
            [
              4.999999999999998,
              72.08333333333331,
              22.916666666666664
            ],
            [
              14.999999999999996,
              50.0,
              34.99999999999999
            ],
            [
              10.416666666666668,
              67.91666666666666,
              21.666666666666668
            ]
          ]
        },
        {
          "participant": "3250",
          "train_size": 2,
          "n_seeds": 20,
          "n_train_samples_mean": 6.0,
          "n_test_samples_mean": 36.0,
          "test_acc_mean": 0.5333333333333334,
          "test_acc_std": 0.04985358680134325,
          "test_bal_acc_mean": 0.5333333333333334,
          "test_bal_acc_std": 0.049853586801343226,
          "test_f1_mean": 0.5191538894687755,
          "test_f1_std": 0.05890139476482767,
          "test_kappa_mean": 0.3,
          "test_kappa_std": 0.07478038020201486,
