{
  "name": "perf_eye",
  "config": {
    "n_seeds": 20,
    "feature_selection": "backward",
    "use_pose_derivatives": true,
    "use_time_features": false,
    "include_order": false,
    "normalize_features": true,
    "class_config": "all",
    "use_pca": false,
    "pca_variance": 0.9,
    "write_cm": true,
    "tune_hyperparameters": false,
    "tune_n_iter": 30,
    "tune_cv_folds": 5,
    "name": "perf_eye",
    "feature_groups": [
      "performance",
      "eye_tracking"
    ],
    "split_strategy": "participant_specific",
    "sampling_strategy": "temporal_stratified"
  },
  "sampling_strategy": "temporal_stratified",
  "n_seeds": 20,
  "learning_curve": [
    {
      "aggregated": {
        "train_size": 2,
        "n_participants": 42,
        "n_seeds": 20,
        "test_acc_mean": 0.6283495014167284,
        "test_acc_std": 0.12652960509685215,
        "test_bal_acc_mean": 0.6213337742504409,
        "test_bal_acc_std": 0.11533099002900196,
        "test_f1_mean": 0.6005459679489847,
        "test_f1_std": 0.13885425626394846,
        "test_kappa_mean": 0.4431678619593071,
        "test_kappa_std": 0.18305234064992346,
        "confusion_matrix": [
          [
            54.19642857142855,
            28.697691197691196,
            17.105880230880228
          ],
          [
            20.555254930254932,
            52.39748677248677,
            27.047258297258292
          ],
          [
            6.329064454064455,
            13.864718614718615,
            79.80621693121691
          ]
        ]
      },
      "per_participant": [
        {
          "participant": "3105",
          "train_size": 2,
          "n_seeds": 20,
          "n_train_samples_mean": 6.0,
          "n_test_samples_mean": 36.0,
          "test_acc_mean": 0.8805555555555558,
          "test_acc_std": 0.05262751771205641,
          "test_bal_acc_mean": 0.8805555555555558,
          "test_bal_acc_std": 0.05262751771205643,
          "test_f1_mean": 0.8812994365493374,
          "test_f1_std": 0.05174423657491962,
          "test_kappa_mean": 0.8208333333333334,
          "test_kappa_std": 0.07894127656808464,
          "confusion_matrix": [
            [
              87.08333333333333,
              7.083333333333333,
              5.833333333333332
            ],
            [
              3.749999999999999,
              93.75000000000001,
              2.5
            ],
            [
              1.2499999999999998,
              15.416666666666663,
              83.33333333333334
            ]
          ]
        },
        {
          "participant": "3206",
          "train_size": 2,
          "n_seeds": 20,
          "n_train_samples_mean": 6.0,
          "n_test_samples_mean": 32.0,
          "test_acc_mean": 0.35,
          "test_acc_std": 0.07892680653284842,
          "test_bal_acc_mean": 0.4083333333333333,
          "test_bal_acc_std": 0.06659352713102443,
          "test_f1_mean": 0.2824667013652954,
          "test_f1_std": 0.11634762312479191,
          "test_kappa_mean": 0.10886360297805239,
          "test_kappa_std": 0.09172858269946589,
          "confusion_matrix": [
            [
              27.916666666666664,
              71.66666666666666,
              0.41666666666666663
            ],
            [
              2.5,
              87.5,
              10.0
            ],
            [
              2.9166666666666665,
              90.0,
              7.083333333333333
            ]
          ]
        },
        {
          "participant": "3207",
          "train_size": 2,
          "n_seeds": 20,
          "n_train_samples_mean": 6.0,
          "n_test_samples_mean": 34.0,
          "test_acc_mean": 0.5808823529411764,
          "test_acc_std": 0.08894195865136756,
          "test_bal_acc_mean": 0.5882575757575756,
          "test_bal_acc_std": 0.08642538543193526,
          "test_f1_mean": 0.5593144076650689,
          "test_f1_std": 0.10223364870115385,
          "test_kappa_mean": 0.37732136684159584,
          "test_kappa_std": 0.13088104289173638,
          "confusion_matrix": [
            [
              33.74999999999999,
              61.25,
              4.999999999999998
            ],
            [
              1.8181818181818183,
              61.36363636363636,
              36.81818181818181
            ],
            [
              0.9090909090909092,
              17.727272727272727,
              81.36363636363637
            ]
          ]
        },
        {
          "participant": "3208",
          "train_size": 2,
          "n_seeds": 20,
          "n_train_samples_mean": 6.0,
          "n_test_samples_mean": 36.0,
          "test_acc_mean": 0.4527777777777778,
          "test_acc_std": 0.0770538574379562,
          "test_bal_acc_mean": 0.4527777777777778,
          "test_bal_acc_std": 0.07705385743795617,
          "test_f1_mean": 0.43458014178684856,
          "test_f1_std": 0.06302369347079217,
          "test_kappa_mean": 0.17916666666666664,
          "test_kappa_std": 0.11558078615693429,
          "confusion_matrix": [
            [
              45.00000000000001,
              37.083333333333336,
              17.916666666666664
            ],
            [
              22.916666666666664,
              31.666666666666668,
              45.41666666666667
            ],
            [
              5.833333333333334,
              34.99999999999999,
              59.16666666666667
            ]
          ]
        },
        {
          "participant": "3209",
          "train_size": 2,
          "n_seeds": 20,
          "n_train_samples_mean": 6.0,
          "n_test_samples_mean": 35.0,
          "test_acc_mean": 0.8528571428571429,
          "test_acc_std": 0.04275677470330285,
          "test_bal_acc_mean": 0.8558080808080808,
          "test_bal_acc_std": 0.04130686563806166,
          "test_f1_mean": 0.8541058651397921,
          "test_f1_std": 0.04244906284690488,
          "test_kappa_mean": 0.7803763838015825,
          "test_kappa_std": 0.06334127371959956,
          "confusion_matrix": [
            [
              90.0,
              0.0,
              10.0
            ],
            [
              0.0,
              70.83333333333334,
              29.166666666666668
            ],
            [
              3.6363636363636367,
              0.4545454545454546,
              95.9090909090909
            ]
          ]
        },
        {
          "participant": "3214",
          "train_size": 2,
          "n_seeds": 20,
          "n_train_samples_mean": 6.0,
          "n_test_samples_mean": 36.0,
          "test_acc_mean": 0.5152777777777777,
          "test_acc_std": 0.04078004041079942,
          "test_bal_acc_mean": 0.5152777777777777,
          "test_bal_acc_std": 0.04078004041079941,
          "test_f1_mean": 0.4765487981154746,
          "test_f1_std": 0.05780190867103728,
          "test_kappa_mean": 0.2729166666666667,
          "test_kappa_std": 0.06117006061619912,
          "confusion_matrix": [
            [
              32.08333333333333,
              17.916666666666664,
              50.0
            ],
            [
              0.0,
              29.583333333333332,
              70.41666666666666
            ],
            [
              0.0,
              7.083333333333331,
              92.91666666666667
            ]
          ]
        },
        {
          "participant": "3215",
          "train_size": 2,
          "n_seeds": 20,
          "n_train_samples_mean": 6.0,
          "n_test_samples_mean": 36.0,
          "test_acc_mean": 0.47777777777777775,
          "test_acc_std": 0.050661639229388426,
          "test_bal_acc_mean": 0.47777777777777775,
          "test_bal_acc_std": 0.050661639229388405,
          "test_f1_mean": 0.4086821219043368,
          "test_f1_std": 0.050140067214440726,
          "test_kappa_mean": 0.2166666666666667,
          "test_kappa_std": 0.07599245884408264,
          "confusion_matrix": [
            [
              67.08333333333331,
              7.916666666666667,
              24.999999999999993
            ],
            [
              59.166666666666664,
              6.249999999999997,
              34.58333333333333
            ],
            [
              26.666666666666657,
              3.333333333333333,
              70.00000000000001
            ]
          ]
        },
        {
          "participant": "3216",
          "train_size": 2,
          "n_seeds": 20,
          "n_train_samples_mean": 6.0,
          "n_test_samples_mean": 34.0,
          "test_acc_mean": 0.6191176470588234,
          "test_acc_std": 0.049099522063220165,
          "test_bal_acc_mean": 0.6283333333333334,
          "test_bal_acc_std": 0.04768520884194799,
          "test_f1_mean": 0.6092468983723875,
          "test_f1_std": 0.050519534652513985,
          "test_kappa_mean": 0.43291946436858525,
          "test_kappa_std": 0.07150168912910676,
          "confusion_matrix": [
            [
              60.416666666666686,
              19.166666666666664,
              20.416666666666664
            ],
            [
              18.749999999999996,
              49.58333333333333,
              31.666666666666664
            ],
            [
              0.0,
              21.5,
              78.5
            ]
          ]
        },
        {
          "participant": "3217",
          "train_size": 2,
          "n_seeds": 20,
          "n_train_samples_mean": 6.0,
          "n_test_samples_mean": 36.0,
          "test_acc_mean": 0.675,
          "test_acc_std": 0.07545616097258026,
          "test_bal_acc_mean": 0.675,
          "test_bal_acc_std": 0.07545616097258027,
          "test_f1_mean": 0.654776656997445,
          "test_f1_std": 0.08172356571103874,
          "test_kappa_mean": 0.5125,
          "test_kappa_std": 0.11318424145887043,
          "confusion_matrix": [
            [
              64.58333333333334,
              27.083333333333332,
              8.33333333333333
            ],
            [
              32.49999999999999,
              45.83333333333333,
              21.666666666666664
            ],
            [
              0.41666666666666663,
              7.5,
              92.08333333333334
            ]
          ]
        },
        {
          "participant": "3218",
          "train_size": 2,
          "n_seeds": 20,
          "n_train_samples_mean": 6.0,
          "n_test_samples_mean": 36.0,
          "test_acc_mean": 0.8055555555555556,
          "test_acc_std": 0.07321628085116325,
          "test_bal_acc_mean": 0.8055555555555556,
          "test_bal_acc_std": 0.07321628085116326,
          "test_f1_mean": 0.794154584209273,
          "test_f1_std": 0.07928308499183388,
          "test_kappa_mean": 0.7083333333333334,
          "test_kappa_std": 0.10982442127674484,
          "confusion_matrix": [
            [
              90.00000000000003,
              10.0,
              0.0
            ],
            [
              18.333333333333332,
              61.250000000000014,
              20.416666666666664
            ],
            [
              2.9166666666666665,
              6.666666666666666,
              90.41666666666666
            ]
          ]
        },
        {
          "participant": "3219",
          "train_size": 2,
          "n_seeds": 20,
          "n_train_samples_mean": 6.0,
          "n_test_samples_mean": 34.0,
          "test_acc_mean": 0.6029411764705882,
          "test_acc_std": 0.06847986489348196,
          "test_bal_acc_mean": 0.5969696969696969,
          "test_bal_acc_std": 0.06576076465627759,
          "test_f1_mean": 0.5815146604354127,
          "test_f1_std": 0.06908272169972178,
          "test_kappa_mean": 0.4043725662565282,
          "test_kappa_std": 0.10058862288115904,
          "confusion_matrix": [
            [
              63.636363636363626,
              32.72727272727273,
              3.636363636363636
            ],
            [
              48.63636363636364,
              35.45454545454545,
              15.90909090909091
            ],
            [
              4.999999999999998,
              14.999999999999996,
              80.00000000000001
            ]
          ]
        },
        {
          "participant": "3220",
          "train_size": 2,
          "n_seeds": 20,
          "n_train_samples_mean": 6.0,
          "n_test_samples_mean": 36.0,
          "test_acc_mean": 0.5847222222222221,
          "test_acc_std": 0.07619259734933706,
          "test_bal_acc_mean": 0.5847222222222221,
          "test_bal_acc_std": 0.07619259734933705,
          "test_f1_mean": 0.5266949824240281,
          "test_f1_std": 0.06731996133021997,
          "test_kappa_mean": 0.3770833333333333,
          "test_kappa_std": 0.11428889602400563,
          "confusion_matrix": [
            [
              61.66666666666667,
              35.0,
              3.333333333333333
            ],
            [
              67.91666666666667,
              13.75,
              18.333333333333336
            ],
            [
              0.0,
              0.0,
              100.0
            ]
          ]
        },
        {
          "participant": "3221",
          "train_size": 2,
          "n_seeds": 20,
          "n_train_samples_mean": 6.0,
          "n_test_samples_mean": 36.0,
          "test_acc_mean": 0.6875,
          "test_acc_std": 0.06235770025447252,
          "test_bal_acc_mean": 0.6875,
          "test_bal_acc_std": 0.06235770025447251,
          "test_f1_mean": 0.6832198214051,
          "test_f1_std": 0.06941313388978591,
          "test_kappa_mean": 0.5312500000000001,
          "test_kappa_std": 0.09353655038170876,
          "confusion_matrix": [
            [
              59.16666666666667,
              33.333333333333336,
              7.5
            ],
            [
              16.666666666666668,
              74.16666666666666,
              9.166666666666666
            ],
            [
              0.0,
              27.083333333333332,
              72.91666666666667
            ]
          ]
        },
        {
          "participant": "3222",
          "train_size": 2,
          "n_seeds": 20,
          "n_train_samples_mean": 6.0,
          "n_test_samples_mean": 36.0,
          "test_acc_mean": 0.5583333333333333,
          "test_acc_std": 0.07260358153687603,
          "test_bal_acc_mean": 0.5583333333333333,
          "test_bal_acc_std": 0.07260358153687602,
          "test_f1_mean": 0.5422167800924182,
          "test_f1_std": 0.0789890885618785,
          "test_kappa_mean": 0.3375,
          "test_kappa_std": 0.10890537230531405,
          "confusion_matrix": [
            [
              65.83333333333333,
              23.333333333333336,
              10.833333333333332
            ],
            [
              57.91666666666667,
              37.083333333333336,
              4.999999999999999
            ],
            [
              35.0,
              0.41666666666666663,
              64.58333333333333
            ]
          ]
        },
        {
          "participant": "3223",
          "train_size": 2,
          "n_seeds": 20,
          "n_train_samples_mean": 6.0,
          "n_test_samples_mean": 36.0,
          "test_acc_mean": 0.6138888888888888,
          "test_acc_std": 0.06171946004209885,
          "test_bal_acc_mean": 0.6138888888888888,
          "test_bal_acc_std": 0.06171946004209886,
          "test_f1_mean": 0.5906753467282237,
          "test_f1_std": 0.0673549900590664,
          "test_kappa_mean": 0.4208333333333333,
          "test_kappa_std": 0.09257919006314831,
          "confusion_matrix": [
            [
              34.16666666666666,
              27.083333333333325,
              38.75
            ],
            [
              9.166666666666664,
              79.58333333333333,
              11.25
            ],
            [
              2.083333333333333,
              27.500000000000007,
              70.41666666666666
            ]
          ]
        },
        {
          "participant": "3224",
          "train_size": 2,
          "n_seeds": 20,
          "n_train_samples_mean": 6.0,
          "n_test_samples_mean": 21.0,
          "test_acc_mean": 0.8452380952380952,
          "test_acc_std": 0.08301945902281645,
          "test_bal_acc_mean": 0.6274410774410775,
          "test_bal_acc_std": 0.0917894054257949,
          "test_f1_mean": 0.8465197716513506,
          "test_f1_std": 0.06369010839838345,
          "test_kappa_mean": 0.7292785990843035,
          "test_kappa_std": 0.12576257157755277,
          "confusion_matrix": [
            [
              10.0,
              0.0,
              90.0
            ],
            [
              10.000000000000002,
              80.45454545454547,
              9.545454545454547
            ],
            [
              2.2222222222222223,
              0.0,
              97.77777777777779
            ]
          ]
        },
        {
          "participant": "3225",
          "train_size": 2,
          "n_seeds": 20,
          "n_train_samples_mean": 6.0,
          "n_test_samples_mean": 36.0,
          "test_acc_mean": 0.6,
          "test_acc_std": 0.08756321396137914,
          "test_bal_acc_mean": 0.6000000000000001,
          "test_bal_acc_std": 0.08756321396137914,
          "test_f1_mean": 0.5775776285950925,
          "test_f1_std": 0.09595814676386343,
          "test_kappa_mean": 0.4,
          "test_kappa_std": 0.13134482094206873,
          "confusion_matrix": [
            [
              54.58333333333333,
              45.00000000000001,
              0.41666666666666663
            ],
            [
              3.749999999999999,
              49.58333333333333,
              46.66666666666667
            ],
            [
              6.666666666666666,
              17.5,
              75.83333333333334
            ]
          ]
        },
        {
          "participant": "3226",
          "train_size": 2,
          "n_seeds": 20,
          "n_train_samples_mean": 6.0,
          "n_test_samples_mean": 36.0,
          "test_acc_mean": 0.44861111111111107,
          "test_acc_std": 0.07608592232698687,
          "test_bal_acc_mean": 0.44861111111111107,
          "test_bal_acc_std": 0.07608592232698687,
          "test_f1_mean": 0.39593887457145954,
          "test_f1_std": 0.10459083554139217,
          "test_kappa_mean": 0.17291666666666666,
          "test_kappa_std": 0.11412888349048031,
          "confusion_matrix": [
            [
              19.999999999999996,
              57.916666666666664,
              22.08333333333334
            ],
            [
              2.5,
              78.33333333333334,
              19.166666666666668
            ],
            [
              3.333333333333333,
              60.41666666666667,
              36.25
            ]
          ]
        },
        {
          "participant": "3227",
          "train_size": 2,
          "n_seeds": 20,
          "n_train_samples_mean": 6.0,
          "n_test_samples_mean": 36.0,
          "test_acc_mean": 0.7236111111111111,
          "test_acc_std": 0.05662350724257237,
          "test_bal_acc_mean": 0.7236111111111112,
          "test_bal_acc_std": 0.056623507242572355,
          "test_f1_mean": 0.7049103018392229,
          "test_f1_std": 0.06539675231123455,
          "test_kappa_mean": 0.5854166666666667,
          "test_kappa_std": 0.08493526086385852,
          "confusion_matrix": [
            [
              55.41666666666667,
              42.50000000000001,
              2.083333333333333
            ],
            [
              25.833333333333336,
              63.75,
              10.416666666666663
            ],
            [
              0.0,
              2.083333333333333,
              97.91666666666666
            ]
          ]
        },
        {
          "participant": "3228",
          "train_size": 2,
          "n_seeds": 20,
          "n_train_samples_mean": 6.0,
          "n_test_samples_mean": 36.0,
          "test_acc_mean": 0.5486111111111112,
          "test_acc_std": 0.07640550058613624,
          "test_bal_acc_mean": 0.5486111111111112,
          "test_bal_acc_std": 0.07640550058613624,
          "test_f1_mean": 0.49915637164992493,
          "test_f1_std": 0.09098285265300037,
          "test_kappa_mean": 0.3229166666666667,
          "test_kappa_std": 0.11460825087920436,
          "confusion_matrix": [
            [
              27.083333333333332,
              72.91666666666667,
              0.0
            ],
            [
              2.5,
              39.16666666666667,
              58.333333333333314
            ],
            [
              1.2499999999999998,
              0.41666666666666663,
              98.33333333333333
            ]
          ]
        },
        {
          "participant": "3229",
          "train_size": 2,
          "n_seeds": 20,
          "n_train_samples_mean": 6.0,
          "n_test_samples_mean": 36.0,
          "test_acc_mean": 0.5513888888888889,
          "test_acc_std": 0.08074689918749241,
          "test_bal_acc_mean": 0.5513888888888888,
          "test_bal_acc_std": 0.08074689918749244,
          "test_f1_mean": 0.5262156362873182,
          "test_f1_std": 0.08431716901197854,
          "test_kappa_mean": 0.3270833333333333,
          "test_kappa_std": 0.12112034878123859,
          "confusion_matrix": [
            [
              37.49999999999999,
              44.99999999999999,
              17.5
            ],
            [
              35.416666666666664,
              43.33333333333333,
              21.249999999999996
            ],
            [
              0.41666666666666663,
              15.0,
              84.58333333333333
            ]
          ]
        },
        {
          "participant": "3230",
          "train_size": 2,
          "n_seeds": 20,
          "n_train_samples_mean": 6.0,
          "n_test_samples_mean": 36.0,
          "test_acc_mean": 0.6861111111111111,
          "test_acc_std": 0.07491602402871034,
          "test_bal_acc_mean": 0.6861111111111111,
          "test_bal_acc_std": 0.07491602402871035,
          "test_f1_mean": 0.6446309546521984,
          "test_f1_std": 0.10641981361143167,
          "test_kappa_mean": 0.5291666666666668,
          "test_kappa_std": 0.11237403604306549,
          "confusion_matrix": [
            [
              37.49999999999999,
              56.666666666666664,
              5.833333333333332
            ],
            [
              9.166666666666666,
              69.58333333333334,
              21.249999999999996
            ],
            [
              1.2499999999999998,
              0.0,
              98.75
            ]
          ]
        },
        {
          "participant": "3231",
          "train_size": 2,
          "n_seeds": 20,
          "n_train_samples_mean": 6.0,
          "n_test_samples_mean": 36.0,
          "test_acc_mean": 0.6944444444444444,
          "test_acc_std": 0.07647191129018725,
          "test_bal_acc_mean": 0.6944444444444444,
          "test_bal_acc_std": 0.07647191129018724,
          "test_f1_mean": 0.6765901864303501,
          "test_f1_std": 0.08948774752101384,
          "test_kappa_mean": 0.5416666666666667,
          "test_kappa_std": 0.1147078669352809,
          "confusion_matrix": [
            [
              55.83333333333333,
              24.999999999999996,
              19.16666666666667
            ],
            [
              2.4999999999999996,
              57.083333333333336,
              40.416666666666664
            ],
            [
              2.499999999999999,
              2.083333333333333,
              95.41666666666666
            ]
          ]
        },
        {
          "participant": "3232",
          "train_size": 2,
          "n_seeds": 20,
          "n_train_samples_mean": 6.0,
          "n_test_samples_mean": 36.0,
          "test_acc_mean": 0.8,
          "test_acc_std": 0.08672437724675171,
          "test_bal_acc_mean": 0.8,
          "test_bal_acc_std": 0.08672437724675171,
          "test_f1_mean": 0.7905854484212036,
          "test_f1_std": 0.09248992521367817,
          "test_kappa_mean": 0.7,
          "test_kappa_std": 0.1300865658701276,
          "confusion_matrix": [
            [
              60.833333333333336,
              32.5,
              6.666666666666666
            ],
            [
              1.6666666666666665,
              82.08333333333333,
              16.25
            ],
            [
              0.0,
              2.9166666666666656,
              97.08333333333334
            ]
          ]
        },
        {
          "participant": "3233",
          "train_size": 2,
          "n_seeds": 20,
          "n_train_samples_mean": 6.0,
          "n_test_samples_mean": 36.0,
          "test_acc_mean": 0.5111111111111113,
          "test_acc_std": 0.05208455164267102,
          "test_bal_acc_mean": 0.5111111111111113,
          "test_bal_acc_std": 0.05208455164267101,
          "test_f1_mean": 0.5054759908313334,
          "test_f1_std": 0.05906087716245141,
          "test_kappa_mean": 0.2666666666666667,
          "test_kappa_std": 0.07812682746400654,
          "confusion_matrix": [
            [
              55.0,
              1.2499999999999998,
              43.75
            ],
            [
              64.16666666666667,
              35.41666666666667,
              0.41666666666666663
            ],
            [
              32.08333333333333,
              4.999999999999999,
              62.91666666666665
            ]
          ]
        },
        {
          "participant": "3234",
          "train_size": 2,
          "n_seeds": 20,
          "n_train_samples_mean": 6.0,
          "n_test_samples_mean": 36.0,
          "test_acc_mean": 0.47777777777777786,
          "test_acc_std": 0.0514570040116829,
          "test_bal_acc_mean": 0.47777777777777786,
          "test_bal_acc_std": 0.05145700401168289,
          "test_f1_mean": 0.4243560801418017,
          "test_f1_std": 0.07417716607688879,
          "test_kappa_mean": 0.21666666666666665,
          "test_kappa_std": 0.07718550601752434,
          "confusion_matrix": [
            [
              70.83333333333334,
              0.0,
              29.166666666666668
            ],
            [
              80.83333333333334,
              11.249999999999998,
              7.916666666666666
            ],
            [
              33.33333333333333,
              5.416666666666666,
              61.250000000000014
            ]
          ]
        },
        {
          "participant": "3235",
          "train_size": 2,
          "n_seeds": 20,
          "n_train_samples_mean": 6.0,
          "n_test_samples_mean": 35.0,
          "test_acc_mean": 0.5985714285714285,
          "test_acc_std": 0.07268075360194115,
          "test_bal_acc_mean": 0.6030303030303029,
          "test_bal_acc_std": 0.07213843226529834,
          "test_f1_mean": 0.5780529817448755,
          "test_f1_std": 0.07574963868952349,
          "test_kappa_mean": 0.3987065095841392,
          "test_kappa_std": 0.10826716950320005,
          "confusion_matrix": [
            [
              75.90909090909092,
              19.090909090909086,
              5.000000000000001
            ],
            [
              16.250000000000004,
              34.58333333333333,
              49.16666666666666
            ],
            [
              19.999999999999996,
              9.583333333333332,
              70.41666666666666
            ]
          ]
        },
        {
          "participant": "3236",
          "train_size": 2,
          "n_seeds": 20,
          "n_train_samples_mean": 6.0,
          "n_test_samples_mean": 28.0,
          "test_acc_mean": 0.8214285714285715,
          "test_acc_std": 0.040139391924929727,
          "test_bal_acc_mean": 0.6749999999999998,
          "test_bal_acc_std": 0.03938695258316103,
          "test_f1_mean": 0.7969308741637935,
          "test_f1_std": 0.03022545882860882,
          "test_kappa_mean": 0.7010784201499812,
          "test_kappa_std": 0.0595306720394197,
          "confusion_matrix": [
            [
              89.58333333333334,
              10.416666666666668,
              0.0
            ],
            [
              8.75,
              16.25,
              75.0
            ],
            [
              0.0,
              3.333333333333333,
              96.66666666666666
            ]
          ]
        },
        {
          "participant": "3237",
          "train_size": 2,
          "n_seeds": 20,
          "n_train_samples_mean": 6.0,
          "n_test_samples_mean": 33.0,
          "test_acc_mean": 0.5984848484848485,
          "test_acc_std": 0.06129985659004023,
          "test_bal_acc_mean": 0.5800925925925926,
          "test_bal_acc_std": 0.0553337841275337,
          "test_f1_mean": 0.5685691599217519,
          "test_f1_std": 0.07644724247588691,
          "test_kappa_mean": 0.3939341970509617,
          "test_kappa_std": 0.0862257506349462,
          "confusion_matrix": [
            [
              39.58333333333333,
              45.833333333333336,
              14.583333333333332
            ],
            [
              2.2222222222222223,
              37.777777777777786,
              59.999999999999986
            ],
            [
              0.8333333333333333,
              2.4999999999999996,
              96.66666666666667
            ]
          ]
        },
        {
          "participant": "3238",
          "train_size": 2,
          "n_seeds": 20,
          "n_train_samples_mean": 6.0,
          "n_test_samples_mean": 36.0,
          "test_acc_mean": 0.6222222222222222,
          "test_acc_std": 0.1183325783134906,
          "test_bal_acc_mean": 0.6222222222222221,
          "test_bal_acc_std": 0.11833257831349062,
          "test_f1_mean": 0.5747478976566885,
          "test_f1_std": 0.14308263014161415,
          "test_kappa_mean": 0.4333333333333333,
          "test_kappa_std": 0.1774988674702359,
          "confusion_matrix": [
            [
              22.083333333333336,
              77.5,
              0.41666666666666663
            ],
            [
              0.41666666666666663,
              90.41666666666669,
              9.166666666666668
            ],
            [
              0.41666666666666663,
              25.416666666666664,
              74.16666666666667
            ]
          ]
        },
        {
          "participant": "3239",
          "train_size": 2,
          "n_seeds": 20,
          "n_train_samples_mean": 6.0,
          "n_test_samples_mean": 35.0,
          "test_acc_mean": 0.6114285714285714,
          "test_acc_std": 0.03637730433493791,
          "test_bal_acc_mean": 0.6118686868686869,
          "test_bal_acc_std": 0.03508766895425963,
          "test_f1_mean": 0.5823899442114561,
          "test_f1_std": 0.041960532448405606,
          "test_kappa_mean": 0.41676912634031565,
          "test_kappa_std": 0.05331137692454858,
          "confusion_matrix": [
            [
              34.166666666666664,
              22.500000000000004,
              43.333333333333336
            ],
            [
              27.727272727272727,
              62.727272727272734,
              9.545454545454547
            ],
            [
              1.6666666666666665,
              11.666666666666666,
              86.66666666666666
            ]
          ]
        },
        {
          "participant": "3240",
          "train_size": 2,
          "n_seeds": 20,
          "n_train_samples_mean": 6.0,
          "n_test_samples_mean": 34.0,
          "test_acc_mean": 0.7,
          "test_acc_std": 0.06300899098397619,
          "test_bal_acc_mean": 0.7007575757575757,
          "test_bal_acc_std": 0.0656591215304268,
          "test_f1_mean": 0.6958477450199794,
          "test_f1_std": 0.06526164114501196,
          "test_kappa_mean": 0.5492611200737172,
          "test_kappa_std": 0.0960207263514661,
          "confusion_matrix": [
            [
              65.00000000000001,
              18.636363636363637,
              16.363636363636367
            ],
            [
              11.249999999999996,
              67.5,
              21.249999999999996
            ],
            [
              3.6363636363636367,
              18.636363636363633,
              77.72727272727273
            ]
          ]
        },
        {
          "participant": "3241",
          "train_size": 2,
          "n_seeds": 20,
          "n_train_samples_mean": 6.0,
          "n_test_samples_mean": 36.0,
          "test_acc_mean": 0.6888888888888889,
          "test_acc_std": 0.03323572453422883,
          "test_bal_acc_mean": 0.6888888888888889,
          "test_bal_acc_std": 0.033235724534228836,
          "test_f1_mean": 0.6327605401891636,
          "test_f1_std": 0.04360376863166248,
          "test_kappa_mean": 0.5333333333333334,
          "test_kappa_std": 0.049853586801343226,
          "confusion_matrix": [
            [
              84.99999999999999,
              14.583333333333332,
              0.41666666666666663
            ],
            [
              20.833333333333332,
              22.916666666666664,
              56.25
            ],
            [
              0.0,
              1.2499999999999998,
              98.74999999999999
            ]
          ]
        },
        {
          "participant": "3242",
          "train_size": 2,
          "n_seeds": 20,
          "n_train_samples_mean": 6.0,
          "n_test_samples_mean": 36.0,
          "test_acc_mean": 0.6097222222222223,
          "test_acc_std": 0.10719525158472828,
          "test_bal_acc_mean": 0.6097222222222223,
          "test_bal_acc_std": 0.10719525158472827,
          "test_f1_mean": 0.5632792544727905,
          "test_f1_std": 0.13126120803363076,
          "test_kappa_mean": 0.4145833333333333,
          "test_kappa_std": 0.1607928773770924,
          "confusion_matrix": [
            [
              28.333333333333332,
              16.25,
              55.41666666666667
            ],
            [
              0.0,
              58.75,
              41.25000000000001
            ],
            [
              0.0,
              4.166666666666666,
              95.83333333333334
            ]
          ]
        },
        {
          "participant": "3243",
          "train_size": 2,
          "n_seeds": 20,
          "n_train_samples_mean": 6.0,
          "n_test_samples_mean": 35.0,
          "test_acc_mean": 0.8100000000000002,
          "test_acc_std": 0.05184045589965422,
          "test_bal_acc_mean": 0.8046717171717171,
          "test_bal_acc_std": 0.05285771642517864,
          "test_f1_mean": 0.7997833264640447,
          "test_f1_std": 0.0590560240304414,
          "test_kappa_mean": 0.713911011751279,
          "test_kappa_std": 0.07815348503841218,
          "confusion_matrix": [
            [
              61.81818181818181,
              35.9090909090909,
              2.272727272727273
            ],
            [
              13.749999999999996,
              84.16666666666667,
              2.083333333333333
            ],
            [
              1.2499999999999998,
              3.333333333333332,
              95.41666666666669
            ]
          ]
        },
        {
          "participant": "3244",
          "train_size": 2,
          "n_seeds": 20,
          "n_train_samples_mean": 6.0,
          "n_test_samples_mean": 36.0,
          "test_acc_mean": 0.7319444444444444,
          "test_acc_std": 0.12880813915335765,
          "test_bal_acc_mean": 0.7319444444444444,
          "test_bal_acc_std": 0.12880813915335765,
          "test_f1_mean": 0.6992407935204378,
          "test_f1_std": 0.14838905787499712,
          "test_kappa_mean": 0.5979166666666667,
          "test_kappa_std": 0.19321220873003647,
          "confusion_matrix": [
            [
              42.916666666666664,
              44.58333333333333,
              12.500000000000002
            ],
            [
              0.0,
              97.5,
              2.499999999999999
            ],
            [
              4.166666666666666,
              16.666666666666664,
              79.16666666666666
            ]
          ]
        },
        {
          "participant": "3245",
          "train_size": 2,
          "n_seeds": 20,
          "n_train_samples_mean": 6.0,
          "n_test_samples_mean": 34.0,
          "test_acc_mean": 0.7044117647058823,
          "test_acc_std": 0.1077387148074749,
          "test_bal_acc_mean": 0.7158333333333334,
          "test_bal_acc_std": 0.10585944252852289,
          "test_f1_mean": 0.6878769683907374,
          "test_f1_std": 0.12131474140353918,
          "test_kappa_mean": 0.5617931785784218,
          "test_kappa_std": 0.160648037226468,
          "confusion_matrix": [
            [
              74.58333333333333,
              19.999999999999993,
              5.416666666666664
            ],
            [
              0.0,
              49.166666666666664,
              50.833333333333336
            ],
            [
              0.0,
              9.0,
              91.0
            ]
          ]
        },
        {
          "participant": "3246",
          "train_size": 2,
          "n_seeds": 20,
          "n_train_samples_mean": 6.0,
          "n_test_samples_mean": 36.0,
          "test_acc_mean": 0.3763888888888889,
          "test_acc_std": 0.0798364759867675,
          "test_bal_acc_mean": 0.3763888888888889,
          "test_bal_acc_std": 0.0798364759867675,
          "test_f1_mean": 0.34605115199108655,
          "test_f1_std": 0.09773821076302168,
          "test_kappa_mean": 0.06458333333333335,
          "test_kappa_std": 0.11975471398015124,
          "confusion_matrix": [
            [
              40.0,
              11.250000000000002,
              48.74999999999999
            ],
            [
              57.083333333333336,
              22.5,
              20.416666666666668
            ],
            [
              40.0,
              9.583333333333332,
              50.41666666666667
            ]
          ]
        },
        {
          "participant": "3247",
          "train_size": 2,
          "n_seeds": 20,
          "n_train_samples_mean": 6.0,
          "n_test_samples_mean": 36.0,
          "test_acc_mean": 0.5555555555555556,
          "test_acc_std": 0.05840638700420521,
          "test_bal_acc_mean": 0.5555555555555556,
          "test_bal_acc_std": 0.058406387004205196,
          "test_f1_mean": 0.5079111072521568,
          "test_f1_std": 0.07864555554353315,
          "test_kappa_mean": 0.3333333333333333,
          "test_kappa_std": 0.08760958050630781,
          "confusion_matrix": [
            [
              95.0,
              4.166666666666666,
              0.8333333333333333
            ],
            [
              52.5,
              20.416666666666664,
              27.083333333333332
            ],
            [
              16.666666666666664,
              32.08333333333333,
              51.25
            ]
          ]
        },
        {
          "participant": "3248",
          "train_size": 2,
          "n_seeds": 20,
          "n_train_samples_mean": 6.0,
          "n_test_samples_mean": 35.0,
          "test_acc_mean": 0.6314285714285713,
          "test_acc_std": 0.12118285621395405,
          "test_bal_acc_mean": 0.6357323232323233,
          "test_bal_acc_std": 0.11801299243813602,
          "test_f1_mean": 0.5775756213031025,
          "test_f1_std": 0.14773320277523036,
          "test_kappa_mean": 0.4486313220980985,
          "test_kappa_std": 0.18088261357199345,
          "confusion_matrix": [
            [
              78.63636363636365,
              7.272727272727273,
