{
  "name": "perf_eye_gsr",
  "config": {
    "n_seeds": 20,
    "feature_selection": "backward",
    "use_pose_derivatives": true,
    "use_time_features": false,
    "include_order": false,
    "normalize_features": true,
    "class_config": "all",
    "use_pca": false,
    "pca_variance": 0.9,
    "write_cm": true,
    "tune_hyperparameters": false,
    "tune_n_iter": 30,
    "tune_cv_folds": 5,
    "name": "perf_eye_gsr",
    "feature_groups": [
      "performance",
      "eye_tracking",
      "gsr"
    ],
    "split_strategy": "participant_specific",
    "sampling_strategy": "temporal_stratified"
  },
  "sampling_strategy": "temporal_stratified",
  "n_seeds": 20,
  "learning_curve": [
    {
      "aggregated": {
        "train_size": 2,
        "n_participants": 39,
        "n_seeds": 20,
        "test_acc_mean": 0.6305519687690919,
        "test_acc_std": 0.12566207431026766,
        "test_bal_acc_mean": 0.6210603285603284,
        "test_bal_acc_std": 0.12351008764876883,
        "test_f1_mean": 0.6050521820309448,
        "test_f1_std": 0.13867717636612098,
        "test_kappa_mean": 0.44162613521692745,
        "test_kappa_std": 0.1886767326040991,
        "confusion_matrix": [
          [
            55.71095571095571,
            25.6536519036519,
            18.635392385392386
          ],
          [
            19.814976689976685,
            53.54020979020978,
            26.644813519813518
          ],
          [
            8.143116143116144,
            14.789950789950788,
            77.06693306693306
          ]
        ]
      },
      "per_participant": [
        {
          "participant": "3208",
          "train_size": 2,
          "n_seeds": 20,
          "n_train_samples_mean": 6.0,
          "n_test_samples_mean": 36.0,
          "test_acc_mean": 0.38333333333333336,
          "test_acc_std": 0.05671308728156004,
          "test_bal_acc_mean": 0.38333333333333336,
          "test_bal_acc_std": 0.05671308728156007,
          "test_f1_mean": 0.3744340313932978,
          "test_f1_std": 0.06081471454151266,
          "test_kappa_mean": 0.07500000000000002,
          "test_kappa_std": 0.08506963092234006,
          "confusion_matrix": [
            [
              44.16666666666667,
              42.49999999999999,
              13.333333333333329
            ],
            [
              32.08333333333333,
              37.49999999999999,
              30.416666666666664
            ],
            [
              10.416666666666666,
              56.249999999999986,
              33.33333333333333
            ]
          ]
        },
        {
          "participant": "3209",
          "train_size": 2,
          "n_seeds": 20,
          "n_train_samples_mean": 6.0,
          "n_test_samples_mean": 35.0,
          "test_acc_mean": 0.8414285714285716,
          "test_acc_std": 0.055984499926395606,
          "test_bal_acc_mean": 0.8444444444444444,
          "test_bal_acc_std": 0.05439807209659624,
          "test_f1_mean": 0.8434105299521191,
          "test_f1_std": 0.054737328314546786,
          "test_kappa_mean": 0.7634194819987167,
          "test_kappa_std": 0.08304716031848355,
          "confusion_matrix": [
            [
              87.08333333333333,
              0.41666666666666663,
              12.5
            ],
            [
              0.0,
              71.25,
              28.750000000000007
            ],
            [
              4.545454545454546,
              0.4545454545454546,
              95.00000000000001
            ]
          ]
        },
        {
          "participant": "3214",
          "train_size": 2,
          "n_seeds": 20,
          "n_train_samples_mean": 6.0,
          "n_test_samples_mean": 36.0,
          "test_acc_mean": 0.5277777777777779,
          "test_acc_std": 0.05840638700420521,
          "test_bal_acc_mean": 0.5277777777777779,
          "test_bal_acc_std": 0.05840638700420521,
          "test_f1_mean": 0.4842813893748305,
          "test_f1_std": 0.069168473907888,
          "test_kappa_mean": 0.2916666666666667,
          "test_kappa_std": 0.0876095805063078,
          "confusion_matrix": [
            [
              39.58333333333333,
              3.333333333333333,
              57.083333333333336
            ],
            [
              2.083333333333333,
              20.833333333333332,
              77.08333333333334
            ],
            [
              0.41666666666666663,
              1.6666666666666665,
              97.91666666666667
            ]
          ]
        },
        {
          "participant": "3215",
          "train_size": 2,
          "n_seeds": 20,
          "n_train_samples_mean": 6.0,
          "n_test_samples_mean": 36.0,
          "test_acc_mean": 0.3638888888888889,
          "test_acc_std": 0.08825615444783852,
          "test_bal_acc_mean": 0.3638888888888889,
          "test_bal_acc_std": 0.08825615444783852,
          "test_f1_mean": 0.30049189857288505,
          "test_f1_std": 0.08487804269410681,
          "test_kappa_mean": 0.045833333333333295,
          "test_kappa_std": 0.1323842316717578,
          "confusion_matrix": [
            [
              57.5,
              8.75,
              33.75
            ],
            [
              52.916666666666664,
              6.249999999999998,
              40.833333333333336
            ],
            [
              42.50000000000001,
              12.083333333333332,
              45.41666666666667
            ]
          ]
        },
        {
          "participant": "3216",
          "train_size": 2,
          "n_seeds": 20,
          "n_train_samples_mean": 6.0,
          "n_test_samples_mean": 34.0,
          "test_acc_mean": 0.525,
          "test_acc_std": 0.06630105232382094,
          "test_bal_acc_mean": 0.5391666666666666,
          "test_bal_acc_std": 0.06692141871853022,
          "test_f1_mean": 0.5024281049705396,
          "test_f1_std": 0.06817783490965686,
          "test_kappa_mean": 0.2950107014144919,
          "test_kappa_std": 0.09908269186037638,
          "confusion_matrix": [
            [
              42.083333333333336,
              30.416666666666664,
              27.5
            ],
            [
              21.666666666666668,
              41.666666666666664,
              36.666666666666664
            ],
            [
              0.0,
              22.0,
              78.0
            ]
          ]
        },
        {
          "participant": "3217",
          "train_size": 2,
          "n_seeds": 20,
          "n_train_samples_mean": 6.0,
          "n_test_samples_mean": 36.0,
          "test_acc_mean": 0.6638888888888889,
          "test_acc_std": 0.053998652306721226,
          "test_bal_acc_mean": 0.6638888888888889,
          "test_bal_acc_std": 0.053998652306721226,
          "test_f1_mean": 0.6170898201646066,
          "test_f1_std": 0.071869602270608,
          "test_kappa_mean": 0.4958333333333333,
          "test_kappa_std": 0.08099797846008183,
          "confusion_matrix": [
            [
              82.08333333333333,
              12.916666666666671,
              4.999999999999998
            ],
            [
              27.5,
              26.666666666666668,
              45.83333333333333
            ],
            [
              4.166666666666666,
              5.416666666666666,
              90.41666666666667
            ]
          ]
        },
        {
          "participant": "3218",
          "train_size": 2,
          "n_seeds": 20,
          "n_train_samples_mean": 6.0,
          "n_test_samples_mean": 36.0,
          "test_acc_mean": 0.7430555555555554,
          "test_acc_std": 0.08204412115906984,
          "test_bal_acc_mean": 0.7430555555555554,
          "test_bal_acc_std": 0.08204412115906984,
          "test_f1_mean": 0.7299373871502964,
          "test_f1_std": 0.09393955832376735,
          "test_kappa_mean": 0.6145833333333334,
          "test_kappa_std": 0.12306618173860477,
          "confusion_matrix": [
            [
              92.91666666666667,
              7.083333333333333,
              0.0
            ],
            [
              10.416666666666666,
              65.41666666666667,
              24.166666666666668
            ],
            [
              6.249999999999999,
              29.166666666666664,
              64.58333333333333
            ]
          ]
        },
        {
          "participant": "3219",
          "train_size": 2,
          "n_seeds": 20,
          "n_train_samples_mean": 6.0,
          "n_test_samples_mean": 29.0,
          "test_acc_mean": 0.5327586206896553,
          "test_acc_std": 0.06939521309482106,
          "test_bal_acc_mean": 0.5365800865800866,
          "test_bal_acc_std": 0.08147969635326298,
          "test_f1_mean": 0.4936310647011212,
          "test_f1_std": 0.09060995046752769,
          "test_kappa_mean": 0.27757221749859473,
          "test_kappa_std": 0.11514208249861312,
          "confusion_matrix": [
            [
              77.27272727272728,
              22.727272727272727,
              0.0
            ],
            [
              56.81818181818181,
              27.27272727272727,
              15.909090909090912
            ],
            [
              23.571428571428566,
              19.999999999999993,
              56.42857142857142
            ]
          ]
        },
        {
          "participant": "3220",
          "train_size": 2,
          "n_seeds": 20,
          "n_train_samples_mean": 6.0,
          "n_test_samples_mean": 36.0,
          "test_acc_mean": 0.6444444444444444,
          "test_acc_std": 0.05145700401168287,
          "test_bal_acc_mean": 0.6444444444444445,
          "test_bal_acc_std": 0.05145700401168289,
          "test_f1_mean": 0.6166960034141915,
          "test_f1_std": 0.05818643928746336,
          "test_kappa_mean": 0.4666666666666666,
          "test_kappa_std": 0.07718550601752434,
          "confusion_matrix": [
            [
              55.0,
              44.166666666666664,
              0.8333333333333333
            ],
            [
              34.16666666666666,
              39.16666666666667,
              26.666666666666664
            ],
            [
              0.8333333333333333,
              0.0,
              99.16666666666666
            ]
          ]
        },
        {
          "participant": "3221",
          "train_size": 2,
          "n_seeds": 20,
          "n_train_samples_mean": 6.0,
          "n_test_samples_mean": 36.0,
          "test_acc_mean": 0.7152777777777778,
          "test_acc_std": 0.10231045962875787,
          "test_bal_acc_mean": 0.7152777777777778,
          "test_bal_acc_std": 0.10231045962875786,
          "test_f1_mean": 0.7066896171126282,
          "test_f1_std": 0.10874067414023167,
          "test_kappa_mean": 0.5729166666666667,
          "test_kappa_std": 0.1534656894431368,
          "confusion_matrix": [
            [
              50.83333333333333,
              43.75,
              5.416666666666665
            ],
            [
              10.833333333333332,
              87.50000000000001,
              1.6666666666666665
            ],
            [
              0.0,
              23.749999999999996,
              76.25
            ]
          ]
        },
        {
          "participant": "3222",
          "train_size": 2,
          "n_seeds": 20,
          "n_train_samples_mean": 6.0,
          "n_test_samples_mean": 32.0,
          "test_acc_mean": 0.684375,
          "test_acc_std": 0.07846963458963971,
          "test_bal_acc_mean": 0.6763888888888892,
          "test_bal_acc_std": 0.08956930734751417,
          "test_f1_mean": 0.6514987016830032,
          "test_f1_std": 0.09392499297031986,
          "test_kappa_mean": 0.5182780641204546,
          "test_kappa_std": 0.12413394244058171,
          "confusion_matrix": [
            [
              45.00000000000001,
              27.083333333333332,
              27.916666666666664
            ],
            [
              28.125,
              61.25,
              10.625
            ],
            [
              3.333333333333333,
              0.0,
              96.66666666666667
            ]
          ]
        },
        {
          "participant": "3223",
          "train_size": 2,
          "n_seeds": 20,
          "n_train_samples_mean": 6.0,
          "n_test_samples_mean": 36.0,
          "test_acc_mean": 0.4583333333333333,
          "test_acc_std": 0.04550989010606252,
          "test_bal_acc_mean": 0.4583333333333332,
          "test_bal_acc_std": 0.04550989010606252,
          "test_f1_mean": 0.4497531695910144,
          "test_f1_std": 0.051159707042595884,
          "test_kappa_mean": 0.18750000000000003,
          "test_kappa_std": 0.06826483515909378,
          "confusion_matrix": [
            [
              34.58333333333333,
              22.08333333333333,
              43.33333333333333
            ],
            [
              9.583333333333332,
              59.16666666666667,
              31.250000000000007
            ],
            [
              4.999999999999999,
              51.25,
              43.74999999999999
            ]
          ]
        },
        {
          "participant": "3224",
          "train_size": 2,
          "n_seeds": 20,
          "n_train_samples_mean": 6.0,
          "n_test_samples_mean": 21.0,
          "test_acc_mean": 0.780952380952381,
          "test_acc_std": 0.12870595394254367,
          "test_bal_acc_mean": 0.5686868686868688,
          "test_bal_acc_std": 0.0909969974233613,
          "test_f1_mean": 0.8001824508667623,
          "test_f1_std": 0.09341367344771445,
          "test_kappa_mean": 0.6412321951111879,
          "test_kappa_std": 0.16944893781459172,
          "confusion_matrix": [
            [
              5.0,
              0.0,
              95.0
            ],
            [
              19.09090909090909,
              72.27272727272728,
              8.636363636363637
            ],
            [
              5.555555555555555,
              1.1111111111111112,
              93.33333333333334
            ]
          ]
        },
        {
          "participant": "3225",
          "train_size": 2,
          "n_seeds": 20,
          "n_train_samples_mean": 6.0,
          "n_test_samples_mean": 36.0,
          "test_acc_mean": 0.6472222222222223,
          "test_acc_std": 0.08410944632063554,
          "test_bal_acc_mean": 0.6472222222222223,
          "test_bal_acc_std": 0.08410944632063554,
          "test_f1_mean": 0.6084997793826811,
          "test_f1_std": 0.11156284585481965,
          "test_kappa_mean": 0.4708333333333333,
          "test_kappa_std": 0.12616416948095335,
          "confusion_matrix": [
            [
              48.33333333333333,
              51.66666666666667,
              0.0
            ],
            [
              9.999999999999998,
              52.5,
              37.5
            ],
            [
              3.333333333333333,
              3.3333333333333335,
              93.33333333333334
            ]
          ]
        },
        {
          "participant": "3226",
          "train_size": 2,
          "n_seeds": 20,
          "n_train_samples_mean": 6.0,
          "n_test_samples_mean": 36.0,
          "test_acc_mean": 0.5097222222222223,
          "test_acc_std": 0.057194395096104994,
          "test_bal_acc_mean": 0.5097222222222222,
          "test_bal_acc_std": 0.057194395096104994,
          "test_f1_mean": 0.46041343943580326,
          "test_f1_std": 0.08641065481593567,
          "test_kappa_mean": 0.26458333333333334,
          "test_kappa_std": 0.08579159264415746,
          "confusion_matrix": [
            [
              42.083333333333336,
              45.0,
              12.916666666666668
            ],
            [
              2.083333333333333,
              88.75,
              9.166666666666666
            ],
            [
              18.749999999999996,
              59.16666666666665,
              22.08333333333333
            ]
          ]
        },
        {
          "participant": "3227",
          "train_size": 2,
          "n_seeds": 20,
          "n_train_samples_mean": 6.0,
          "n_test_samples_mean": 36.0,
          "test_acc_mean": 0.8097222222222223,
          "test_acc_std": 0.07555028791406844,
          "test_bal_acc_mean": 0.8097222222222223,
          "test_bal_acc_std": 0.07555028791406844,
          "test_f1_mean": 0.7983683629397088,
          "test_f1_std": 0.08449441089709701,
          "test_kappa_mean": 0.7145833333333333,
          "test_kappa_std": 0.11332543187110264,
          "confusion_matrix": [
            [
              79.16666666666666,
              20.833333333333336,
              0.0
            ],
            [
              26.666666666666664,
              69.16666666666667,
              4.166666666666666
            ],
            [
              0.0,
              5.416666666666666,
              94.58333333333334
            ]
          ]
        },
        {
          "participant": "3228",
          "train_size": 2,
          "n_seeds": 20,
          "n_train_samples_mean": 6.0,
          "n_test_samples_mean": 27.0,
          "test_acc_mean": 0.6148148148148147,
          "test_acc_std": 0.10503187355509604,
          "test_bal_acc_mean": 0.5236111111111111,
          "test_bal_acc_std": 0.07973467616724716,
          "test_f1_mean": 0.5483620457044968,
          "test_f1_std": 0.1388531597802228,
          "test_kappa_mean": 0.3244176114016374,
          "test_kappa_std": 0.18282767889144197,
          "confusion_matrix": [
            [
              24.99999999999999,
              75.0,
              0.0
            ],
            [
              3.333333333333333,
              32.916666666666664,
              63.749999999999986
            ],
            [
              0.0,
              0.8333333333333333,
              99.16666666666667
            ]
          ]
        },
        {
          "participant": "3229",
          "train_size": 2,
          "n_seeds": 20,
          "n_train_samples_mean": 6.0,
          "n_test_samples_mean": 36.0,
          "test_acc_mean": 0.6611111111111111,
          "test_acc_std": 0.07731693043760658,
          "test_bal_acc_mean": 0.6611111111111111,
          "test_bal_acc_std": 0.07731693043760661,
          "test_f1_mean": 0.6358870429392064,
          "test_f1_std": 0.08936958283068927,
          "test_kappa_mean": 0.4916666666666667,
          "test_kappa_std": 0.11597539565640988,
          "confusion_matrix": [
            [
              42.916666666666664,
              30.416666666666668,
              26.666666666666664
            ],
            [
              8.333333333333332,
              65.83333333333333,
              25.833333333333332
            ],
            [
              0.0,
              10.416666666666668,
              89.58333333333334
            ]
          ]
        },
        {
          "participant": "3230",
          "train_size": 2,
          "n_seeds": 20,
          "n_train_samples_mean": 6.0,
          "n_test_samples_mean": 36.0,
          "test_acc_mean": 0.6555555555555557,
          "test_acc_std": 0.06827970605245372,
          "test_bal_acc_mean": 0.6555555555555557,
          "test_bal_acc_std": 0.06827970605245373,
          "test_f1_mean": 0.6274447166856731,
          "test_f1_std": 0.0829086045575128,
          "test_kappa_mean": 0.4833333333333333,
          "test_kappa_std": 0.1024195590786806,
          "confusion_matrix": [
            [
              61.666666666666664,
              25.833333333333332,
              12.5
            ],
            [
              29.999999999999993,
              47.08333333333333,
              22.916666666666668
            ],
            [
              12.083333333333332,
              0.0,
              87.91666666666667
            ]
          ]
        },
        {
          "participant": "3231",
          "train_size": 2,
          "n_seeds": 20,
          "n_train_samples_mean": 6.0,
          "n_test_samples_mean": 36.0,
          "test_acc_mean": 0.6472222222222223,
          "test_acc_std": 0.06315044898714063,
          "test_bal_acc_mean": 0.6472222222222221,
          "test_bal_acc_std": 0.06315044898714063,
          "test_f1_mean": 0.6315276276160934,
          "test_f1_std": 0.07318244258103865,
          "test_kappa_mean": 0.4708333333333333,
          "test_kappa_std": 0.09472567348071097,
          "confusion_matrix": [
            [
              46.666666666666664,
              33.74999999999999,
              19.583333333333332
            ],
            [
              7.083333333333331,
              65.83333333333334,
              27.083333333333336
            ],
            [
              5.833333333333333,
              12.5,
              81.66666666666666
            ]
          ]
        },
        {
          "participant": "3232",
          "train_size": 2,
          "n_seeds": 20,
          "n_train_samples_mean": 6.0,
          "n_test_samples_mean": 36.0,
          "test_acc_mean": 0.825,
          "test_acc_std": 0.08116076346157676,
          "test_bal_acc_mean": 0.825,
          "test_bal_acc_std": 0.08116076346157676,
          "test_f1_mean": 0.8103708156364513,
          "test_f1_std": 0.09538632106914836,
          "test_kappa_mean": 0.7375,
          "test_kappa_std": 0.12174114519236517,
          "confusion_matrix": [
            [
              55.0,
              41.666666666666664,
              3.333333333333333
            ],
            [
              0.0,
              93.75000000000001,
              6.249999999999999
            ],
            [
              0.0,
              1.2499999999999998,
              98.75
            ]
          ]
        },
        {
          "participant": "3233",
          "train_size": 2,
          "n_seeds": 20,
          "n_train_samples_mean": 6.0,
          "n_test_samples_mean": 36.0,
          "test_acc_mean": 0.623611111111111,
          "test_acc_std": 0.0671250082431572,
          "test_bal_acc_mean": 0.6236111111111111,
          "test_bal_acc_std": 0.06712500824315723,
          "test_f1_mean": 0.6182222757599659,
          "test_f1_std": 0.07899694992069183,
          "test_kappa_mean": 0.4354166666666667,
          "test_kappa_std": 0.10068751236473582,
          "confusion_matrix": [
            [
              62.083333333333336,
              1.2499999999999998,
              36.66666666666666
            ],
            [
              34.58333333333333,
              59.583333333333314,
              5.833333333333331
            ],
            [
              22.916666666666664,
              11.666666666666666,
              65.41666666666666
            ]
          ]
        },
        {
          "participant": "3234",
          "train_size": 2,
          "n_seeds": 20,
          "n_train_samples_mean": 6.0,
          "n_test_samples_mean": 36.0,
          "test_acc_mean": 0.5013888888888889,
          "test_acc_std": 0.08852034343629306,
          "test_bal_acc_mean": 0.5013888888888889,
          "test_bal_acc_std": 0.08852034343629307,
          "test_f1_mean": 0.44502110000746076,
          "test_f1_std": 0.12183611635959991,
          "test_kappa_mean": 0.2520833333333333,
          "test_kappa_std": 0.13278051515443962,
          "confusion_matrix": [
            [
              79.58333333333333,
              0.41666666666666663,
              20.0
            ],
            [
              79.16666666666667,
              16.666666666666668,
              4.166666666666666
            ],
            [
              38.333333333333336,
              7.499999999999998,
              54.16666666666665
            ]
          ]
        },
        {
          "participant": "3235",
          "train_size": 2,
          "n_seeds": 20,
          "n_train_samples_mean": 6.0,
          "n_test_samples_mean": 35.0,
          "test_acc_mean": 0.6171428571428571,
          "test_acc_std": 0.06382037090312682,
          "test_bal_acc_mean": 0.618560606060606,
          "test_bal_acc_std": 0.06403382014264479,
          "test_f1_mean": 0.5961380145328677,
          "test_f1_std": 0.06339838825384102,
          "test_kappa_mean": 0.42440656568179014,
          "test_kappa_std": 0.09637349088778176,
          "confusion_matrix": [
            [
              66.81818181818183,
              24.54545454545454,
              8.636363636363637
            ],
            [
              10.416666666666668,
              37.08333333333333,
              52.499999999999986
            ],
            [
              10.833333333333332,
              7.5,
              81.66666666666666
            ]
          ]
        },
        {
          "participant": "3236",
          "train_size": 2,
          "n_seeds": 20,
          "n_train_samples_mean": 6.0,
          "n_test_samples_mean": 28.0,
          "test_acc_mean": 0.7214285714285713,
          "test_acc_std": 0.1121032208101279,
          "test_bal_acc_mean": 0.6555555555555556,
          "test_bal_acc_std": 0.09030307787636102,
          "test_f1_mean": 0.7262559144507205,
          "test_f1_std": 0.11027092337745706,
          "test_kappa_mean": 0.5704221615545695,
          "test_kappa_std": 0.1479440858587627,
          "confusion_matrix": [
            [
              60.416666666666664,
              35.83333333333333,
              3.7499999999999987
            ],
            [
              0.0,
              42.5,
              57.5
            ],
            [
              1.2499999999999998,
              4.999999999999999,
              93.75000000000001
            ]
          ]
        },
        {
          "participant": "3237",
          "train_size": 2,
          "n_seeds": 20,
          "n_train_samples_mean": 6.0,
          "n_test_samples_mean": 33.0,
          "test_acc_mean": 0.6060606060606061,
          "test_acc_std": 0.04611429759107163,
          "test_bal_acc_mean": 0.5833333333333333,
          "test_bal_acc_std": 0.042271439458482364,
          "test_f1_mean": 0.5819285668988441,
          "test_f1_std": 0.05554229037390504,
          "test_kappa_mean": 0.40251429724997073,
          "test_kappa_std": 0.0662435374828146,
          "confusion_matrix": [
            [
              42.5,
              42.916666666666664,
              14.583333333333332
            ],
            [
              0.0,
              33.33333333333333,
              66.66666666666666
            ],
            [
              0.41666666666666663,
              0.41666666666666663,
              99.16666666666666
            ]
          ]
        },
        {
          "participant": "3238",
          "train_size": 2,
          "n_seeds": 20,
          "n_train_samples_mean": 6.0,
          "n_test_samples_mean": 36.0,
          "test_acc_mean": 0.5902777777777777,
          "test_acc_std": 0.10030614281886965,
          "test_bal_acc_mean": 0.5902777777777777,
          "test_bal_acc_std": 0.10030614281886965,
          "test_f1_mean": 0.5493788219971589,
          "test_f1_std": 0.13186634006486456,
          "test_kappa_mean": 0.38541666666666663,
          "test_kappa_std": 0.15045921422830452,
          "confusion_matrix": [
            [
              26.25,
              68.75,
              4.999999999999998
            ],
            [
              2.083333333333333,
              92.50000000000001,
              5.416666666666666
            ],
            [
              7.916666666666664,
              33.75,
              58.333333333333336
            ]
          ]
        },
        {
          "participant": "3239",
          "train_size": 2,
          "n_seeds": 20,
          "n_train_samples_mean": 6.0,
          "n_test_samples_mean": 35.0,
          "test_acc_mean": 0.5614285714285714,
          "test_acc_std": 0.07431751777276659,
          "test_bal_acc_mean": 0.563131313131313,
          "test_bal_acc_std": 0.07051694648366286,
          "test_f1_mean": 0.5422824969423584,
          "test_f1_std": 0.0890339889647478,
          "test_kappa_mean": 0.3437132804179126,
          "test_kappa_std": 0.1078064539056111,
          "confusion_matrix": [
            [
              42.499999999999986,
              27.5,
              30.000000000000007
            ],
            [
              30.0,
              62.27272727272727,
              7.727272727272728
            ],
            [
              11.666666666666666,
              24.166666666666664,
              64.16666666666666
            ]
          ]
        },
        {
          "participant": "3240",
          "train_size": 2,
          "n_seeds": 20,
          "n_train_samples_mean": 6.0,
          "n_test_samples_mean": 34.0,
          "test_acc_mean": 0.7441176470588238,
          "test_acc_std": 0.0675426573562147,
          "test_bal_acc_mean": 0.7457070707070707,
          "test_bal_acc_std": 0.0658714228706658,
          "test_f1_mean": 0.7381941801738908,
          "test_f1_std": 0.07102410211580336,
          "test_kappa_mean": 0.6168610785447539,
          "test_kappa_std": 0.0999477319935237,
          "confusion_matrix": [
            [
              71.36363636363637,
              8.636363636363637,
              19.999999999999996
            ],
            [
              17.083333333333332,
              69.16666666666666,
              13.75
            ],
            [
              5.909090909090909,
              10.90909090909091,
              83.18181818181819
            ]
          ]
        },
        {
          "participant": "3241",
          "train_size": 2,
          "n_seeds": 20,
          "n_train_samples_mean": 6.0,
          "n_test_samples_mean": 36.0,
          "test_acc_mean": 0.6749999999999999,
          "test_acc_std": 0.04861633221752335,
          "test_bal_acc_mean": 0.6749999999999999,
          "test_bal_acc_std": 0.048616332217523366,
          "test_f1_mean": 0.6116779314024539,
          "test_f1_std": 0.05824193232264492,
          "test_kappa_mean": 0.5125,
          "test_kappa_std": 0.07292449832628504,
          "confusion_matrix": [
            [
              85.0,
              15.0,
              0.0
            ],
            [
              39.999999999999986,
              20.0,
              39.99999999999999
            ],
            [
              1.2499999999999998,
              1.2499999999999998,
              97.5
            ]
          ]
        },
        {
          "participant": "3242",
          "train_size": 2,
          "n_seeds": 20,
          "n_train_samples_mean": 6.0,
          "n_test_samples_mean": 36.0,
          "test_acc_mean": 0.4402777777777779,
          "test_acc_std": 0.060640800560823487,
          "test_bal_acc_mean": 0.4402777777777779,
          "test_bal_acc_std": 0.060640800560823487,
          "test_f1_mean": 0.36330954874086036,
          "test_f1_std": 0.08271616676510897,
          "test_kappa_mean": 0.16041666666666665,
          "test_kappa_std": 0.09096120084123521,
          "confusion_matrix": [
            [
              11.249999999999998,
              28.75,
              60.0
            ],
            [
              0.41666666666666663,
              36.666666666666664,
              62.916666666666664
            ],
            [
              0.0,
              15.833333333333334,
              84.16666666666666
            ]
          ]
        },
        {
          "participant": "3243",
          "train_size": 2,
          "n_seeds": 20,
          "n_train_samples_mean": 6.0,
          "n_test_samples_mean": 35.0,
          "test_acc_mean": 0.8285714285714286,
          "test_acc_std": 0.043479194871581806,
          "test_bal_acc_mean": 0.8256313131313131,
          "test_bal_acc_std": 0.043256213681008744,
          "test_f1_mean": 0.8217320146506035,
          "test_f1_std": 0.04665869079142974,
          "test_kappa_mean": 0.7424793347459332,
          "test_kappa_std": 0.0651662735238102,
          "confusion_matrix": [
            [
              72.27272727272728,
              21.36363636363636,
              6.363636363636365
            ],
            [
              19.166666666666664,
              78.33333333333334,
              2.499999999999999
            ],
            [
              0.8333333333333333,
              2.083333333333333,
              97.08333333333334
            ]
          ]
        },
        {
          "participant": "3244",
          "train_size": 2,
          "n_seeds": 20,
          "n_train_samples_mean": 6.0,
          "n_test_samples_mean": 36.0,
          "test_acc_mean": 0.7444444444444442,
          "test_acc_std": 0.08948992705067293,
          "test_bal_acc_mean": 0.7444444444444444,
          "test_bal_acc_std": 0.08948992705067293,
          "test_f1_mean": 0.7213083239566478,
          "test_f1_std": 0.10846192854790342,
          "test_kappa_mean": 0.6166666666666667,
          "test_kappa_std": 0.13423489057600937,
          "confusion_matrix": [
            [
              44.58333333333333,
              45.83333333333333,
              9.583333333333332
            ],
            [
              0.41666666666666663,
              98.33333333333333,
              1.2499999999999998
            ],
            [
              0.8333333333333333,
              18.750000000000004,
              80.41666666666666
            ]
          ]
        },
        {
          "participant": "3245",
          "train_size": 2,
          "n_seeds": 20,
          "n_train_samples_mean": 6.0,
          "n_test_samples_mean": 34.0,
          "test_acc_mean": 0.7220588235294118,
          "test_acc_std": 0.08613337503774281,
          "test_bal_acc_mean": 0.7252777777777777,
          "test_bal_acc_std": 0.09023964556794713,
          "test_f1_mean": 0.7156187846455391,
          "test_f1_std": 0.09015140330659743,
          "test_kappa_mean": 0.5850634832653006,
          "test_kappa_std": 0.1300161110498083,
          "confusion_matrix": [
            [
              81.66666666666666,
              11.666666666666668,
              6.666666666666666
            ],
            [
              1.2499999999999998,
              57.91666666666667,
              40.83333333333332
            ],
            [
              0.5,
              21.5,
              78.0
            ]
          ]
        },
        {
          "participant": "3246",
          "train_size": 2,
          "n_seeds": 20,
          "n_train_samples_mean": 6.0,
          "n_test_samples_mean": 36.0,
          "test_acc_mean": 0.3819444444444444,
          "test_acc_std": 0.05472700872586196,
          "test_bal_acc_mean": 0.38194444444444436,
          "test_bal_acc_std": 0.054727008725861954,
          "test_f1_mean": 0.34007973617824383,
          "test_f1_std": 0.04776722332752273,
          "test_kappa_mean": 0.07291666666666667,
          "test_kappa_std": 0.08209051308879295,
          "confusion_matrix": [
            [
              30.416666666666668,
              8.75,
              60.833333333333336
            ],
            [
              62.083333333333336,
              15.416666666666666,
              22.500000000000004
            ],
            [
              22.916666666666664,
              8.333333333333334,
              68.75
            ]
          ]
        },
        {
          "participant": "3247",
          "train_size": 2,
          "n_seeds": 20,
          "n_train_samples_mean": 6.0,
          "n_test_samples_mean": 36.0,
          "test_acc_mean": 0.6597222222222221,
          "test_acc_std": 0.07798374982755697,
          "test_bal_acc_mean": 0.6597222222222221,
          "test_bal_acc_std": 0.07798374982755696,
          "test_f1_mean": 0.6341182977188969,
          "test_f1_std": 0.0949406631188863,
          "test_kappa_mean": 0.4895833333333333,
          "test_kappa_std": 0.11697562474133545,
          "confusion_matrix": [
            [
              97.5,
              2.499999999999999,
              0.0
            ],
            [
              36.24999999999999,
              53.333333333333336,
              10.416666666666666
            ],
            [
              33.33333333333333,
              19.583333333333336,
              47.08333333333333
            ]
          ]
        },
        {
          "participant": "3248",
          "train_size": 2,
          "n_seeds": 20,
          "n_train_samples_mean": 6.0,
          "n_test_samples_mean": 35.0,
          "test_acc_mean": 0.6599999999999999,
          "test_acc_std": 0.0711422834170785,
          "test_bal_acc_mean": 0.663888888888889,
          "test_bal_acc_std": 0.06921461654833233,
          "test_f1_mean": 0.6485241819596401,
          "test_f1_std": 0.07550483864775484,
          "test_kappa_mean": 0.4909454671215229,
          "test_kappa_std": 0.10606222168359072,
          "confusion_matrix": [
            [
              80.0,
              13.636363636363637,
              6.363636363636365
            ],
            [
              30.0,
              58.75,
              11.249999999999998
            ],
            [
              5.416666666666666,
              34.166666666666664,
              60.416666666666664
            ]
          ]
        },
        {
          "participant": "3249",
          "train_size": 2,
          "n_seeds": 20,
          "n_train_samples_mean": 6.0,
          "n_test_samples_mean": 36.0,
          "test_acc_mean": 0.5361111111111112,
          "test_acc_std": 0.038342019526083036,
          "test_bal_acc_mean": 0.5361111111111112,
          "test_bal_acc_std": 0.03834201952608302,
          "test_f1_mean": 0.5180465926069783,
          "test_f1_std": 0.04365164301973218,
          "test_kappa_mean": 0.30416666666666664,
          "test_kappa_std": 0.057513029289124544,
          "confusion_matrix": [
            [
              41.66666666666668,
              42.08333333333333,
              16.25
            ],
            [
              12.916666666666668,
              46.25000000000001,
              40.83333333333333
            ],
            [
              0.41666666666666663,
              26.666666666666657,
              72.91666666666666
            ]
          ]
        },
        {
          "participant": "3250",
          "train_size": 2,
          "n_seeds": 20,
          "n_train_samples_mean": 6.0,
          "n_test_samples_mean": 36.0,
          "test_acc_mean": 0.7430555555555555,
          "test_acc_std": 0.09360436489825245,
          "test_bal_acc_mean": 0.7430555555555555,
          "test_bal_acc_std": 0.09360436489825245,
          "test_f1_mean": 0.7338003172963081,
          "test_f1_std": 0.10888007410774064,
          "test_kappa_mean": 0.6145833333333334,
          "test_kappa_std": 0.1404065473473787,
          "confusion_matrix": [
            [
              62.91666666666667,
              11.666666666666668,
              25.416666666666664
            ],
            [
              4.166666666666666,
              77.91666666666666,
              17.916666666666664
            ],
            [
              6.249999999999998,
              11.666666666666666,
              82.08333333333336
            ]
          ]
        }
      ]
    },
    {
      "aggregated": {
        "train_size": 3,
        "n_participants": 38,
        "n_seeds": 20,
        "test_acc_mean": 0.7135241774153631,
        "test_acc_std": 0.1284163070061592,
        "test_bal_acc_mean": 0.7032119914685705,
        "test_bal_acc_std": 0.13123079199725232,
        "test_f1_mean": 0.6993058683803551,
        "test_f1_std": 0.1350550051393431,
        "test_kappa_mean": 0.5666804239526502,
        "test_kappa_std": 0.19214785134034848,
        "confusion_matrix": [
          [
