{
  "name": "perf_eye_ecg",
  "config": {
    "n_seeds": 20,
    "feature_selection": "backward",
    "use_pose_derivatives": true,
    "use_time_features": false,
    "include_order": false,
    "normalize_features": true,
    "class_config": "all",
    "use_pca": false,
    "pca_variance": 0.9,
    "write_cm": true,
    "tune_hyperparameters": false,
    "tune_n_iter": 30,
    "tune_cv_folds": 5,
    "name": "perf_eye_ecg",
    "feature_groups": [
      "performance",
      "eye_tracking",
      "ecg"
    ],
    "split_strategy": "participant_specific",
    "sampling_strategy": "temporal_stratified"
  },
  "sampling_strategy": "temporal_stratified",
  "n_seeds": 20,
  "learning_curve": [
    {
      "aggregated": {
        "train_size": 2,
        "n_participants": 36,
        "n_seeds": 20,
        "test_acc_mean": 0.6013250384328814,
        "test_acc_std": 0.10179994150897018,
        "test_bal_acc_mean": 0.5951498784137672,
        "test_bal_acc_std": 0.10123890299939281,
        "test_f1_mean": 0.5724425960696311,
        "test_f1_std": 0.11080788690841051,
        "test_kappa_mean": 0.3993802450754656,
        "test_kappa_std": 0.15106028347326772,
        "confusion_matrix": [
          [
            59.825336700336706,
            22.228535353535353,
            17.946127946127948
          ],
          [
            21.28331930415264,
            51.91568462401795,
            26.800996071829413
          ],
          [
            11.212471941638608,
            21.983585858585855,
            66.80394219977553
          ]
        ]
      },
      "per_participant": [
        {
          "participant": "3208",
          "train_size": 2,
          "n_seeds": 20,
          "n_train_samples_mean": 6.0,
          "n_test_samples_mean": 36.0,
          "test_acc_mean": 0.5944444444444443,
          "test_acc_std": 0.07507847313315046,
          "test_bal_acc_mean": 0.5944444444444443,
          "test_bal_acc_std": 0.07507847313315047,
          "test_f1_mean": 0.5726125088461074,
          "test_f1_std": 0.07780863186316433,
          "test_kappa_mean": 0.3916666666666666,
          "test_kappa_std": 0.1126177096997257,
          "confusion_matrix": [
            [
              49.16666666666667,
              36.25,
              14.583333333333332
            ],
            [
              14.999999999999996,
              45.0,
              39.99999999999999
            ],
            [
              4.166666666666666,
              11.666666666666668,
              84.16666666666666
            ]
          ]
        },
        {
          "participant": "3209",
          "train_size": 2,
          "n_seeds": 20,
          "n_train_samples_mean": 6.0,
          "n_test_samples_mean": 35.0,
          "test_acc_mean": 0.49571428571428566,
          "test_acc_std": 0.12060534747217024,
          "test_bal_acc_mean": 0.4896464646464647,
          "test_bal_acc_std": 0.12121461321202305,
          "test_f1_mean": 0.46025606488456805,
          "test_f1_std": 0.14359337276687248,
          "test_kappa_mean": 0.23937811521709906,
          "test_kappa_std": 0.18350526022192346,
          "confusion_matrix": [
            [
              77.08333333333334,
              0.41666666666666663,
              22.499999999999993
            ],
            [
              42.08333333333333,
              42.08333333333333,
              15.833333333333337
            ],
            [
              65.9090909090909,
              6.363636363636364,
              27.72727272727272
            ]
          ]
        },
        {
          "participant": "3214",
          "train_size": 2,
          "n_seeds": 20,
          "n_train_samples_mean": 6.0,
          "n_test_samples_mean": 36.0,
          "test_acc_mean": 0.6194444444444445,
          "test_acc_std": 0.05847587707875746,
          "test_bal_acc_mean": 0.6194444444444445,
          "test_bal_acc_std": 0.05847587707875749,
          "test_f1_mean": 0.5709808001223426,
          "test_f1_std": 0.08144659942011401,
          "test_kappa_mean": 0.4291666666666666,
          "test_kappa_std": 0.08771381561813622,
          "confusion_matrix": [
            [
              95.00000000000001,
              0.8333333333333333,
              4.166666666666666
            ],
            [
              27.916666666666668,
              22.083333333333336,
              49.99999999999999
            ],
            [
              13.75,
              17.5,
              68.74999999999999
            ]
          ]
        },
        {
          "participant": "3215",
          "train_size": 2,
          "n_seeds": 20,
          "n_train_samples_mean": 6.0,
          "n_test_samples_mean": 36.0,
          "test_acc_mean": 0.3055555555555556,
          "test_acc_std": 0.10701514713067309,
          "test_bal_acc_mean": 0.30555555555555564,
          "test_bal_acc_std": 0.1070151471306731,
          "test_f1_mean": 0.3016661544211749,
          "test_f1_std": 0.09620324317483016,
          "test_kappa_mean": -0.04166666666666668,
          "test_kappa_std": 0.16052272069600965,
          "confusion_matrix": [
            [
              47.08333333333334,
              10.416666666666666,
              42.5
            ],
            [
              4.999999999999999,
              3.333333333333332,
              91.66666666666669
            ],
            [
              0.0,
              58.749999999999986,
              41.24999999999999
            ]
          ]
        },
        {
          "participant": "3216",
          "train_size": 2,
          "n_seeds": 20,
          "n_train_samples_mean": 6.0,
          "n_test_samples_mean": 34.0,
          "test_acc_mean": 0.6323529411764706,
          "test_acc_std": 0.05920926160651789,
          "test_bal_acc_mean": 0.6525,
          "test_bal_acc_std": 0.05571541328441252,
          "test_f1_mean": 0.6121146191976429,
          "test_f1_std": 0.06781057059090058,
          "test_kappa_mean": 0.4625516460606007,
          "test_kappa_std": 0.08296560628327762,
          "confusion_matrix": [
            [
              60.000000000000014,
              5.833333333333332,
              34.16666666666667
            ],
            [
              6.249999999999998,
              36.25,
              57.5
            ],
            [
              0.0,
              0.5,
              99.5
            ]
          ]
        },
        {
          "participant": "3217",
          "train_size": 2,
          "n_seeds": 20,
          "n_train_samples_mean": 6.0,
          "n_test_samples_mean": 36.0,
          "test_acc_mean": 0.5666666666666668,
          "test_acc_std": 0.039695069032854295,
          "test_bal_acc_mean": 0.5666666666666668,
          "test_bal_acc_std": 0.03969506903285426,
          "test_f1_mean": 0.5201038297570907,
          "test_f1_std": 0.037354106423448434,
          "test_kappa_mean": 0.35,
          "test_kappa_std": 0.05954260354928142,
          "confusion_matrix": [
            [
              76.66666666666669,
              9.58333333333333,
              13.75
            ],
            [
              19.999999999999996,
              16.249999999999996,
              63.75
            ],
            [
              7.5,
              15.416666666666666,
              77.08333333333334
            ]
          ]
        },
        {
          "participant": "3218",
          "train_size": 2,
          "n_seeds": 20,
          "n_train_samples_mean": 6.0,
          "n_test_samples_mean": 36.0,
          "test_acc_mean": 0.5902777777777779,
          "test_acc_std": 0.12418512821137599,
          "test_bal_acc_mean": 0.5902777777777779,
          "test_bal_acc_std": 0.124185128211376,
          "test_f1_mean": 0.5551712079483038,
          "test_f1_std": 0.1545121905855075,
          "test_kappa_mean": 0.38541666666666663,
          "test_kappa_std": 0.18627769231706398,
          "confusion_matrix": [
            [
              50.00000000000001,
              49.999999999999986,
              0.0
            ],
            [
              6.666666666666666,
              92.08333333333334,
              1.2499999999999998
            ],
            [
              2.083333333333333,
              62.916666666666664,
              35.0
            ]
          ]
        },
        {
          "participant": "3219",
          "train_size": 2,
          "n_seeds": 20,
          "n_train_samples_mean": 6.0,
          "n_test_samples_mean": 34.0,
          "test_acc_mean": 0.6529411764705882,
          "test_acc_std": 0.07549991225853953,
          "test_bal_acc_mean": 0.6574494949494949,
          "test_bal_acc_std": 0.07199720600573857,
          "test_f1_mean": 0.6307045766446739,
          "test_f1_std": 0.0822392322931707,
          "test_kappa_mean": 0.48145468891674187,
          "test_kappa_std": 0.11098675729975103,
          "confusion_matrix": [
            [
              100.0,
              0.0,
              0.0
            ],
            [
              27.27272727272727,
              46.81818181818182,
              25.909090909090914
            ],
            [
              42.08333333333333,
              7.499999999999998,
              50.41666666666667
            ]
          ]
        },
        {
          "participant": "3220",
          "train_size": 2,
          "n_seeds": 20,
          "n_train_samples_mean": 6.0,
          "n_test_samples_mean": 36.0,
          "test_acc_mean": 0.6250000000000001,
          "test_acc_std": 0.04726090606796668,
          "test_bal_acc_mean": 0.6250000000000001,
          "test_bal_acc_std": 0.047260906067966686,
          "test_f1_mean": 0.5822326424815996,
          "test_f1_std": 0.04897399347866459,
          "test_kappa_mean": 0.4375,
          "test_kappa_std": 0.07089135910195006,
          "confusion_matrix": [
            [
              64.16666666666667,
              33.33333333333334,
              2.4999999999999996
            ],
            [
              50.83333333333333,
              26.25,
              22.916666666666664
            ],
            [
              2.9166666666666665,
              0.0,
              97.08333333333334
            ]
          ]
        },
        {
          "participant": "3221",
          "train_size": 2,
          "n_seeds": 20,
          "n_train_samples_mean": 6.0,
          "n_test_samples_mean": 36.0,
          "test_acc_mean": 0.5569444444444445,
          "test_acc_std": 0.09343066145021849,
          "test_bal_acc_mean": 0.5569444444444445,
          "test_bal_acc_std": 0.09343066145021849,
          "test_f1_mean": 0.5350620289950547,
          "test_f1_std": 0.11403205024839617,
          "test_kappa_mean": 0.33541666666666664,
          "test_kappa_std": 0.14014599217532772,
          "confusion_matrix": [
            [
              65.0,
              34.58333333333333,
              0.41666666666666663
            ],
            [
              30.416666666666664,
              69.58333333333334,
              0.0
            ],
            [
              9.166666666666664,
              58.33333333333333,
              32.5
            ]
          ]
        },
        {
          "participant": "3223",
          "train_size": 2,
          "n_seeds": 20,
          "n_train_samples_mean": 6.0,
          "n_test_samples_mean": 36.0,
          "test_acc_mean": 0.7125,
          "test_acc_std": 0.08224187768858388,
          "test_bal_acc_mean": 0.7125,
          "test_bal_acc_std": 0.08224187768858385,
          "test_f1_mean": 0.6897234356600587,
          "test_f1_std": 0.1030941150766409,
          "test_kappa_mean": 0.5687500000000001,
          "test_kappa_std": 0.12336281653287579,
          "confusion_matrix": [
            [
              78.33333333333334,
              0.0,
              21.66666666666666
            ],
            [
              1.2499999999999998,
              92.50000000000001,
              6.249999999999998
            ],
            [
              5.833333333333332,
              51.249999999999986,
              42.91666666666667
            ]
          ]
        },
        {
          "participant": "3224",
          "train_size": 2,
          "n_seeds": 20,
          "n_train_samples_mean": 6.0,
          "n_test_samples_mean": 21.0,
          "test_acc_mean": 0.7142857142857143,
          "test_acc_std": 0.09523809523809523,
          "test_bal_acc_mean": 0.5326599326599326,
          "test_bal_acc_std": 0.11128335528919456,
          "test_f1_mean": 0.7218258224311445,
          "test_f1_std": 0.09102005305115035,
          "test_kappa_mean": 0.5011263974285027,
          "test_kappa_std": 0.16375651745869674,
          "confusion_matrix": [
            [
              10.0,
              10.0,
              80.0
            ],
            [
              20.454545454545453,
              70.9090909090909,
              8.636363636363637
            ],
            [
              1.1111111111111112,
              19.999999999999993,
              78.8888888888889
            ]
          ]
        },
        {
          "participant": "3225",
          "train_size": 2,
          "n_seeds": 20,
          "n_train_samples_mean": 6.0,
          "n_test_samples_mean": 36.0,
          "test_acc_mean": 0.5041666666666668,
          "test_acc_std": 0.07281303552009369,
          "test_bal_acc_mean": 0.5041666666666668,
          "test_bal_acc_std": 0.07281303552009367,
          "test_f1_mean": 0.4516902233647567,
          "test_f1_std": 0.10435746309087847,
          "test_kappa_mean": 0.25625000000000003,
          "test_kappa_std": 0.10921955328014049,
          "confusion_matrix": [
            [
              13.333333333333332,
              85.83333333333334,
              0.8333333333333333
            ],
            [
              5.833333333333332,
              77.91666666666667,
              16.249999999999996
            ],
            [
              4.999999999999998,
              35.0,
              60.0
            ]
          ]
        },
        {
          "participant": "3226",
          "train_size": 2,
          "n_seeds": 20,
          "n_train_samples_mean": 6.0,
          "n_test_samples_mean": 36.0,
          "test_acc_mean": 0.6430555555555555,
          "test_acc_std": 0.08888660450281011,
          "test_bal_acc_mean": 0.6430555555555555,
          "test_bal_acc_std": 0.08888660450281011,
          "test_f1_mean": 0.5886189425501717,
          "test_f1_std": 0.100855873069516,
          "test_kappa_mean": 0.4645833333333333,
          "test_kappa_std": 0.13332990675421522,
          "confusion_matrix": [
            [
              87.49999999999999,
              12.5,
              0.0
            ],
            [
              0.0,
              90.0,
              9.999999999999998
            ],
            [
              0.0,
              84.58333333333334,
              15.416666666666666
            ]
          ]
        },
        {
          "participant": "3227",
          "train_size": 2,
          "n_seeds": 20,
          "n_train_samples_mean": 6.0,
          "n_test_samples_mean": 36.0,
          "test_acc_mean": 0.7805555555555557,
          "test_acc_std": 0.11216604465010631,
          "test_bal_acc_mean": 0.7805555555555557,
          "test_bal_acc_std": 0.1121660446501063,
          "test_f1_mean": 0.7739604614464184,
          "test_f1_std": 0.12190450512540943,
          "test_kappa_mean": 0.6708333333333332,
          "test_kappa_std": 0.16824906697515946,
          "confusion_matrix": [
            [
              94.16666666666666,
              5.833333333333334,
              0.0
            ],
            [
              32.50000000000001,
              67.08333333333334,
              0.41666666666666663
            ],
            [
              13.749999999999996,
              13.333333333333332,
              72.91666666666667
            ]
          ]
        },
        {
          "participant": "3228",
          "train_size": 2,
          "n_seeds": 20,
          "n_train_samples_mean": 6.0,
          "n_test_samples_mean": 36.0,
          "test_acc_mean": 0.5,
          "test_acc_std": 0.07209840939145003,
          "test_bal_acc_mean": 0.5,
          "test_bal_acc_std": 0.07209840939145,
          "test_f1_mean": 0.4721239234547168,
          "test_f1_std": 0.0822659954333787,
          "test_kappa_mean": 0.25,
          "test_kappa_std": 0.10814761408717502,
          "confusion_matrix": [
            [
              32.916666666666664,
              59.16666666666665,
              7.916666666666666
            ],
            [
              1.2499999999999998,
              35.83333333333333,
              62.916666666666664
            ],
            [
              3.333333333333333,
              15.416666666666663,
              81.25
            ]
          ]
        },
        {
          "participant": "3229",
          "train_size": 2,
          "n_seeds": 20,
          "n_train_samples_mean": 6.0,
          "n_test_samples_mean": 36.0,
          "test_acc_mean": 0.5777777777777777,
          "test_acc_std": 0.09563236407111224,
          "test_bal_acc_mean": 0.5777777777777777,
          "test_bal_acc_std": 0.09563236407111224,
          "test_f1_mean": 0.5549666050617579,
          "test_f1_std": 0.1184698099340531,
          "test_kappa_mean": 0.3666666666666667,
          "test_kappa_std": 0.14344854610666835,
          "confusion_matrix": [
            [
              39.16666666666667,
              60.833333333333336,
              0.0
            ],
            [
              15.416666666666666,
              80.83333333333333,
              3.7499999999999987
            ],
            [
              3.333333333333333,
              43.33333333333334,
              53.33333333333333
            ]
          ]
        },
        {
          "participant": "3230",
          "train_size": 2,
          "n_seeds": 20,
          "n_train_samples_mean": 6.0,
          "n_test_samples_mean": 36.0,
          "test_acc_mean": 0.625,
          "test_acc_std": 0.06833915726620023,
          "test_bal_acc_mean": 0.6249999999999999,
          "test_bal_acc_std": 0.06833915726620028,
          "test_f1_mean": 0.5781454197326024,
          "test_f1_std": 0.09834212428304447,
          "test_kappa_mean": 0.4375000000000001,
          "test_kappa_std": 0.10250873589930037,
          "confusion_matrix": [
            [
              30.416666666666668,
              33.33333333333333,
              36.25
            ],
            [
              8.749999999999998,
              60.0,
              31.250000000000007
            ],
            [
              1.6666666666666665,
              1.25,
              97.08333333333334
            ]
          ]
        },
        {
          "participant": "3232",
          "train_size": 2,
          "n_seeds": 20,
          "n_train_samples_mean": 6.0,
          "n_test_samples_mean": 36.0,
          "test_acc_mean": 0.5666666666666667,
          "test_acc_std": 0.10602389177459266,
          "test_bal_acc_mean": 0.5666666666666667,
          "test_bal_acc_std": 0.10602389177459268,
          "test_f1_mean": 0.5527541941343086,
          "test_f1_std": 0.11750775121456447,
          "test_kappa_mean": 0.35,
          "test_kappa_std": 0.159035837661889,
          "confusion_matrix": [
            [
              49.58333333333333,
              48.33333333333333,
              2.083333333333333
            ],
            [
              48.75000000000001,
              49.999999999999986,
              1.25
            ],
            [
              13.333333333333332,
              16.249999999999996,
              70.41666666666666
            ]
          ]
        },
        {
          "participant": "3233",
          "train_size": 2,
          "n_seeds": 20,
          "n_train_samples_mean": 6.0,
          "n_test_samples_mean": 36.0,
          "test_acc_mean": 0.5458333333333334,
          "test_acc_std": 0.07501082876124615,
          "test_bal_acc_mean": 0.5458333333333334,
          "test_bal_acc_std": 0.07501082876124616,
          "test_f1_mean": 0.5328608687350133,
          "test_f1_std": 0.08779209759921827,
          "test_kappa_mean": 0.31875,
          "test_kappa_std": 0.11251624314186924,
          "confusion_matrix": [
            [
              55.000000000000014,
              21.666666666666664,
              23.333333333333332
            ],
            [
              32.08333333333333,
              65.83333333333333,
              2.083333333333333
            ],
            [
              4.166666666666666,
              52.91666666666667,
              42.91666666666667
            ]
          ]
        },
        {
          "participant": "3234",
          "train_size": 2,
          "n_seeds": 20,
          "n_train_samples_mean": 6.0,
          "n_test_samples_mean": 36.0,
          "test_acc_mean": 0.38472222222222213,
          "test_acc_std": 0.07168887638086635,
          "test_bal_acc_mean": 0.38472222222222213,
          "test_bal_acc_std": 0.07168887638086635,
          "test_f1_mean": 0.2905969749741323,
          "test_f1_std": 0.10490608691053156,
          "test_kappa_mean": 0.07708333333333331,
          "test_kappa_std": 0.10753331457129953,
          "confusion_matrix": [
            [
              87.08333333333334,
              0.0,
              12.916666666666663
            ],
            [
              83.33333333333331,
              7.499999999999997,
              9.166666666666666
            ],
            [
              76.25,
              2.916666666666666,
              20.833333333333336
            ]
          ]
        },
        {
          "participant": "3235",
          "train_size": 2,
          "n_seeds": 20,
          "n_train_samples_mean": 6.0,
          "n_test_samples_mean": 35.0,
          "test_acc_mean": 0.6514285714285715,
          "test_acc_std": 0.04869952149867375,
          "test_bal_acc_mean": 0.6587121212121212,
          "test_bal_acc_std": 0.04685991956120586,
          "test_f1_mean": 0.6099589774200123,
          "test_f1_std": 0.05848144566898437,
          "test_kappa_mean": 0.48062812266427385,
          "test_kappa_std": 0.07091421253829155,
          "confusion_matrix": [
            [
              91.36363636363637,
              7.727272727272728,
              0.9090909090909092
            ],
            [
              47.49999999999999,
              27.916666666666657,
              24.583333333333332
            ],
            [
              9.166666666666666,
              12.5,
              78.33333333333334
            ]
          ]
        },
        {
          "participant": "3236",
          "train_size": 2,
          "n_seeds": 20,
          "n_train_samples_mean": 6.0,
          "n_test_samples_mean": 28.0,
          "test_acc_mean": 0.6589285714285714,
          "test_acc_std": 0.10066574844925433,
          "test_bal_acc_mean": 0.5819444444444445,
          "test_bal_acc_std": 0.07008476720295315,
          "test_f1_mean": 0.6468275665607016,
          "test_f1_std": 0.09475880793889085,
          "test_kappa_mean": 0.4474882272374031,
          "test_kappa_std": 0.13963490299821263,
          "confusion_matrix": [
            [
              49.99999999999999,
              16.249999999999996,
              33.75
            ],
            [
              0.0,
              31.25,
              68.75
            ],
            [
              0.0,
              6.666666666666666,
              93.33333333333334
            ]
          ]
        },
        {
          "participant": "3237",
          "train_size": 2,
          "n_seeds": 20,
          "n_train_samples_mean": 6.0,
          "n_test_samples_mean": 33.0,
          "test_acc_mean": 0.6045454545454544,
          "test_acc_std": 0.0789441463425099,
          "test_bal_acc_mean": 0.6060185185185185,
          "test_bal_acc_std": 0.07422468849618076,
          "test_f1_mean": 0.5823070649030337,
          "test_f1_std": 0.08465290836971938,
          "test_kappa_mean": 0.4063003095902572,
          "test_kappa_std": 0.11516540718943988,
          "confusion_matrix": [
            [
              46.24999999999999,
              35.0,
              18.75
            ],
            [
              8.88888888888889,
              62.22222222222224,
              28.88888888888888
            ],
            [
              19.583333333333332,
              7.083333333333333,
              73.33333333333333
            ]
          ]
        },
        {
          "participant": "3238",
          "train_size": 2,
          "n_seeds": 20,
          "n_train_samples_mean": 6.0,
          "n_test_samples_mean": 36.0,
          "test_acc_mean": 0.5625000000000001,
          "test_acc_std": 0.05245360585061472,
          "test_bal_acc_mean": 0.5625000000000001,
          "test_bal_acc_std": 0.05245360585061472,
          "test_f1_mean": 0.5395878123466361,
          "test_f1_std": 0.06056137445722992,
          "test_kappa_mean": 0.34375000000000006,
          "test_kappa_std": 0.07868040877592211,
          "confusion_matrix": [
            [
              37.49999999999999,
              60.83333333333333,
              1.6666666666666665
            ],
            [
              2.9166666666666656,
              47.5,
              49.58333333333333
            ],
            [
              3.333333333333333,
              12.916666666666666,
              83.75
            ]
          ]
        },
        {
          "participant": "3239",
          "train_size": 2,
          "n_seeds": 20,
          "n_train_samples_mean": 6.0,
          "n_test_samples_mean": 35.0,
          "test_acc_mean": 0.6785714285714285,
          "test_acc_std": 0.1100239208440362,
          "test_bal_acc_mean": 0.6758838383838384,
          "test_bal_acc_std": 0.10465023565136933,
          "test_f1_mean": 0.6679766423036162,
          "test_f1_std": 0.11265527639720747,
          "test_kappa_mean": 0.5192083354483678,
          "test_kappa_std": 0.1605916157760368,
          "confusion_matrix": [
            [
              75.41666666666666,
              18.750000000000004,
              5.83333333333333
            ],
            [
              24.999999999999996,
              58.18181818181819,
              16.81818181818182
            ],
            [
              1.6666666666666665,
              29.166666666666664,
              69.16666666666666
            ]
          ]
        },
        {
          "participant": "3240",
          "train_size": 2,
          "n_seeds": 20,
          "n_train_samples_mean": 6.0,
          "n_test_samples_mean": 34.0,
          "test_acc_mean": 0.5955882352941175,
          "test_acc_std": 0.09678637057858921,
          "test_bal_acc_mean": 0.5898989898989899,
          "test_bal_acc_std": 0.0983105506540806,
          "test_f1_mean": 0.5407433050484799,
          "test_f1_std": 0.12221794350597216,
          "test_kappa_mean": 0.3886273106894972,
          "test_kappa_std": 0.1455774327886253,
          "confusion_matrix": [
            [
              77.72727272727273,
              21.818181818181817,
              0.4545454545454546
            ],
            [
              19.58333333333333,
              78.33333333333334,
              2.083333333333333
            ],
            [
              29.54545454545455,
              49.54545454545454,
              20.90909090909091
            ]
          ]
        },
        {
          "participant": "3241",
          "train_size": 2,
          "n_seeds": 20,
          "n_train_samples_mean": 6.0,
          "n_test_samples_mean": 36.0,
          "test_acc_mean": 0.6555555555555556,
          "test_acc_std": 0.08848592873528278,
          "test_bal_acc_mean": 0.6555555555555556,
          "test_bal_acc_std": 0.08848592873528283,
          "test_f1_mean": 0.638071495720964,
          "test_f1_std": 0.08612572778999936,
          "test_kappa_mean": 0.4833333333333334,
          "test_kappa_std": 0.1327288931029242,
          "confusion_matrix": [
            [
              71.25000000000001,
              27.500000000000007,
              1.2499999999999998
            ],
            [
              19.999999999999996,
              49.999999999999986,
              30.0
            ],
            [
              6.666666666666667,
              17.916666666666668,
              75.41666666666667
            ]
          ]
        },
        {
          "participant": "3242",
          "train_size": 2,
          "n_seeds": 20,
          "n_train_samples_mean": 6.0,
          "n_test_samples_mean": 36.0,
          "test_acc_mean": 0.6263888888888888,
          "test_acc_std": 0.07008476720295315,
          "test_bal_acc_mean": 0.6263888888888888,
          "test_bal_acc_std": 0.07008476720295316,
          "test_f1_mean": 0.5935045820888207,
          "test_f1_std": 0.08425004688057937,
          "test_kappa_mean": 0.4395833333333333,
          "test_kappa_std": 0.10512715080442973,
          "confusion_matrix": [
            [
              33.75000000000001,
              21.666666666666664,
              44.583333333333336
            ],
            [
              4.166666666666666,
              61.25,
              34.58333333333333
            ],
            [
              1.2499999999999998,
              5.833333333333333,
              92.91666666666667
            ]
          ]
        },
        {
          "participant": "3243",
          "train_size": 2,
          "n_seeds": 20,
          "n_train_samples_mean": 6.0,
          "n_test_samples_mean": 35.0,
          "test_acc_mean": 0.8114285714285714,
          "test_acc_std": 0.06515288143423643,
          "test_bal_acc_mean": 0.8116161616161616,
          "test_bal_acc_std": 0.06323701942466046,
          "test_f1_mean": 0.8038005146688929,
          "test_f1_std": 0.0739407301012028,
          "test_kappa_mean": 0.7178306406352923,
          "test_kappa_std": 0.09662439125698784,
          "confusion_matrix": [
            [
              81.81818181818183,
              13.181818181818183,
              5.000000000000001
            ],
            [
              32.083333333333336,
              66.66666666666666,
              1.2499999999999998
            ],
            [
              1.2499999999999998,
              3.749999999999999,
              95.00000000000001
            ]
          ]
        },
        {
          "participant": "3244",
          "train_size": 2,
          "n_seeds": 20,
          "n_train_samples_mean": 6.0,
          "n_test_samples_mean": 36.0,
          "test_acc_mean": 0.6444444444444444,
          "test_acc_std": 0.06898973942224347,
          "test_bal_acc_mean": 0.6444444444444444,
          "test_bal_acc_std": 0.06898973942224348,
          "test_f1_mean": 0.6027223157814172,
          "test_f1_std": 0.09329764013745358,
          "test_kappa_mean": 0.4666666666666667,
          "test_kappa_std": 0.10348460913336524,
          "confusion_matrix": [
            [
              27.916666666666664,
              7.083333333333333,
              65.00000000000001
            ],
            [
              8.333333333333332,
              76.25,
              15.416666666666668
            ],
            [
              2.4999999999999996,
              8.333333333333332,
              89.16666666666666
            ]
          ]
        },
        {
          "participant": "3245",
          "train_size": 2,
          "n_seeds": 20,
          "n_train_samples_mean": 6.0,
          "n_test_samples_mean": 34.0,
          "test_acc_mean": 0.7823529411764707,
          "test_acc_std": 0.0650007354650685,
          "test_bal_acc_mean": 0.7916666666666667,
          "test_bal_acc_std": 0.06291851429583807,
          "test_f1_mean": 0.7813480459133034,
          "test_f1_std": 0.0720585763468772,
          "test_kappa_mean": 0.6779217357530294,
          "test_kappa_std": 0.09485345384481395,
          "confusion_matrix": [
            [
              83.33333333333334,
              2.083333333333333,
              14.583333333333332
            ],
            [
              0.0,
              59.166666666666664,
              40.833333333333336
            ],
            [
              0.0,
              5.0,
              95.0
            ]
          ]
        },
        {
          "participant": "3246",
          "train_size": 2,
          "n_seeds": 20,
          "n_train_samples_mean": 6.0,
          "n_test_samples_mean": 36.0,
          "test_acc_mean": 0.4805555555555555,
          "test_acc_std": 0.05185011136037388,
          "test_bal_acc_mean": 0.4805555555555555,
          "test_bal_acc_std": 0.051850111360373846,
          "test_f1_mean": 0.4471902463065451,
          "test_f1_std": 0.05907990218864195,
          "test_kappa_mean": 0.22083333333333335,
          "test_kappa_std": 0.0777751670405608,
          "confusion_matrix": [
            [
              24.583333333333332,
              11.249999999999998,
              64.16666666666666
            ],
            [
              42.50000000000001,
              35.833333333333336,
              21.666666666666664
            ],
            [
              10.0,
              6.249999999999999,
              83.74999999999999
            ]
          ]
        },
        {
          "participant": "3247",
          "train_size": 2,
          "n_seeds": 20,
          "n_train_samples_mean": 6.0,
          "n_test_samples_mean": 36.0,
          "test_acc_mean": 0.5180555555555555,
          "test_acc_std": 0.07608592232698685,
          "test_bal_acc_mean": 0.5180555555555555,
          "test_bal_acc_std": 0.07608592232698685,
          "test_f1_mean": 0.507245129473529,
          "test_f1_std": 0.09055418160464315,
          "test_kappa_mean": 0.27708333333333335,
          "test_kappa_std": 0.1141288834904803,
          "confusion_matrix": [
            [
              65.41666666666666,
              28.75,
              5.833333333333331
            ],
            [
              45.83333333333333,
              52.083333333333336,
              2.083333333333333
            ],
            [
              35.41666666666667,
              26.666666666666668,
              37.916666666666664
            ]
          ]
        },
        {
          "participant": "3248",
          "train_size": 2,
          "n_seeds": 20,
          "n_train_samples_mean": 6.0,
          "n_test_samples_mean": 35.0,
          "test_acc_mean": 0.6542857142857141,
          "test_acc_std": 0.06280243689128973,
          "test_bal_acc_mean": 0.6621212121212121,
          "test_bal_acc_std": 0.06207029720651841,
          "test_f1_mean": 0.6160258825437199,
          "test_f1_std": 0.07912841708348743,
          "test_kappa_mean": 0.48225662640903044,
          "test_kappa_std": 0.09364492664459656,
          "confusion_matrix": [
            [
              93.63636363636364,
              0.0,
              6.363636363636363
            ],
            [
              15.833333333333332,
              30.833333333333332,
              53.33333333333333
            ],
            [
              5.833333333333331,
              19.999999999999996,
              74.16666666666666
            ]
          ]
        },
        {
          "participant": "3250",
          "train_size": 2,
          "n_seeds": 20,
          "n_train_samples_mean": 6.0,
          "n_test_samples_mean": 36.0,
          "test_acc_mean": 0.5291666666666667,
          "test_acc_std": 0.05942312565195653,
          "test_bal_acc_mean": 0.5291666666666667,
          "test_bal_acc_std": 0.05942312565195652,
          "test_f1_mean": 0.48245257258340873,
          "test_f1_std": 0.08133591664119479,
          "test_kappa_mean": 0.29375,
          "test_kappa_std": 0.08913468847793478,
          "confusion_matrix": [
            [
              32.083333333333336,
              9.583333333333332,
              58.33333333333335
            ],
            [
              12.5,
              33.33333333333333,
              54.16666666666665
            ],
            [
              2.083333333333333,
              4.583333333333332,
              93.33333333333333
            ]
          ]
        }
      ]
    },
    {
      "aggregated": {
        "train_size": 3,
        "n_participants": 35,
        "n_seeds": 20,
        "test_acc_mean": 0.6594946672950706,
        "test_acc_std": 0.11443236445319656,
        "test_bal_acc_mean": 0.6580939153439154,
        "test_bal_acc_std": 0.11747366339769386,
        "test_f1_mean": 0.6396948374147525,
        "test_f1_std": 0.11763648867371666,
        "test_kappa_mean": 0.4882856820133,
        "test_kappa_std": 0.1729686287416118,
        "confusion_matrix": [
          [
            64.34805194805196,
            21.312987012987012,
            14.33896103896104
          ],
          [
            17.21720779220779,
            53.60378787878788,
            29.179004329004336
          ],
          [
            5.001298701298701,
            15.522366522366523,
            79.47633477633478
          ]
        ]
      },
      "per_participant": [
        {
          "participant": "3208",
          "train_size": 3,
          "n_seeds": 20,
          "n_train_samples_mean": 9.0,
          "n_test_samples_mean": 33.0,
          "test_acc_mean": 0.6712121212121213,
          "test_acc_std": 0.053195232249130704,
          "test_bal_acc_mean": 0.6712121212121211,
          "test_bal_acc_std": 0.053195232249130656,
          "test_f1_mean": 0.660703460991297,
          "test_f1_std": 0.05096291960171818,
          "test_kappa_mean": 0.5068181818181818,
          "test_kappa_std": 0.07979284837369602,
          "confusion_matrix": [
            [
              63.63636363636366,
              26.363636363636363,
              10.000000000000002
            ],
            [
              23.181818181818176,
              49.09090909090909,
              27.727272727272727
            ],
            [
              3.6363636363636367,
              7.727272727272728,
              88.63636363636365
            ]
          ]
        },
        {
          "participant": "3209",
          "train_size": 3,
          "n_seeds": 20,
          "n_train_samples_mean": 9.0,
          "n_test_samples_mean": 32.0,
          "test_acc_mean": 0.6171875,
          "test_acc_std": 0.07372476709284836,
          "test_bal_acc_mean": 0.615909090909091,
          "test_bal_acc_std": 0.07387370601626825,
          "test_f1_mean": 0.6153480941644285,
          "test_f1_std": 0.07439081132347755,
          "test_kappa_mean": 0.425516022692712,
          "test_kappa_std": 0.11090967146398124,
          "confusion_matrix": [
            [
              79.54545454545456,
              0.0,
              20.45454545454545
            ],
            [
              30.45454545454545,
              47.72727272727273,
              21.81818181818182
            ],
            [
              40.5,
              2.0,
              57.5
            ]
          ]
        },
        {
          "participant": "3214",
          "train_size": 3,
          "n_seeds": 20,
          "n_train_samples_mean": 9.0,
          "n_test_samples_mean": 33.0,
          "test_acc_mean": 0.6515151515151515,
          "test_acc_std": 0.026924948989049638,
          "test_bal_acc_mean": 0.6515151515151515,
          "test_bal_acc_std": 0.026924948989049645,
          "test_f1_mean": 0.5621406067487402,
          "test_f1_std": 0.037327174507080216,
          "test_kappa_mean": 0.47727272727272724,
          "test_kappa_std": 0.04038742348357447,
          "confusion_matrix": [
            [
              100.0,
              0.0,
              0.0
            ],
