{
  "name": "perf_gsr",
  "config": {
    "n_seeds": 20,
    "feature_selection": "backward",
    "use_pose_derivatives": true,
    "use_time_features": false,
    "include_order": false,
    "normalize_features": true,
    "class_config": "all",
    "use_pca": false,
    "pca_variance": 0.9,
    "write_cm": true,
    "tune_hyperparameters": false,
    "tune_n_iter": 30,
    "tune_cv_folds": 5,
    "name": "perf_gsr",
    "feature_groups": [
      "performance",
      "gsr"
    ],
    "split_strategy": "participant_specific",
    "sampling_strategy": "temporal_stratified"
  },
  "sampling_strategy": "temporal_stratified",
  "n_seeds": 20,
  "learning_curve": [
    {
      "aggregated": {
        "train_size": 2,
        "n_participants": 40,
        "n_seeds": 20,
        "test_acc_mean": 0.48996891801075276,
        "test_acc_std": 0.06691777334222271,
        "test_bal_acc_mean": 0.4902554563492064,
        "test_bal_acc_std": 0.07040462674071633,
        "test_f1_mean": 0.45016005116856644,
        "test_f1_std": 0.07835350526150088,
        "test_kappa_mean": 0.23240321412479079,
        "test_kappa_std": 0.10431223350316933,
        "confusion_matrix": [
          [
            40.208333333333336,
            42.145833333333336,
            17.645833333333336
          ],
          [
            26.447916666666668,
            32.50520833333333,
            41.046875000000014
          ],
          [
            6.302083333333333,
            19.334821428571427,
            74.36309523809523
          ]
        ]
      },
      "per_participant": [
        {
          "participant": "3208",
          "train_size": 2,
          "n_seeds": 20,
          "n_train_samples_mean": 6.0,
          "n_test_samples_mean": 36.0,
          "test_acc_mean": 0.49722222222222223,
          "test_acc_std": 0.0795434503515353,
          "test_bal_acc_mean": 0.49722222222222223,
          "test_bal_acc_std": 0.0795434503515353,
          "test_f1_mean": 0.46445148304505113,
          "test_f1_std": 0.086001170437895,
          "test_kappa_mean": 0.24583333333333335,
          "test_kappa_std": 0.11931517552730295,
          "confusion_matrix": [
            [
              25.000000000000004,
              51.249999999999986,
              23.750000000000007
            ],
            [
              29.166666666666664,
              45.416666666666664,
              25.416666666666664
            ],
            [
              0.0,
              21.25,
              78.75
            ]
          ]
        },
        {
          "participant": "3209",
          "train_size": 2,
          "n_seeds": 20,
          "n_train_samples_mean": 6.0,
          "n_test_samples_mean": 36.0,
          "test_acc_mean": 0.42777777777777776,
          "test_acc_std": 0.08709819095019494,
          "test_bal_acc_mean": 0.42777777777777776,
          "test_bal_acc_std": 0.08709819095019496,
          "test_f1_mean": 0.3596200556691378,
          "test_f1_std": 0.08607390640826351,
          "test_kappa_mean": 0.14166666666666666,
          "test_kappa_std": 0.13064728642529244,
          "confusion_matrix": [
            [
              18.333333333333332,
              22.083333333333336,
              59.58333333333333
            ],
            [
              10.833333333333332,
              35.83333333333333,
              53.333333333333336
            ],
            [
              0.0,
              25.833333333333336,
              74.16666666666667
            ]
          ]
        },
        {
          "participant": "3210",
          "train_size": 2,
          "n_seeds": 20,
          "n_train_samples_mean": 6.0,
          "n_test_samples_mean": 36.0,
          "test_acc_mean": 0.48611111111111105,
          "test_acc_std": 0.05369698149768118,
          "test_bal_acc_mean": 0.48611111111111105,
          "test_bal_acc_std": 0.053696981497681165,
          "test_f1_mean": 0.4653428669424617,
          "test_f1_std": 0.06908365584658988,
          "test_kappa_mean": 0.22916666666666669,
          "test_kappa_std": 0.08054547224652174,
          "confusion_matrix": [
            [
              62.916666666666664,
              28.749999999999993,
              8.333333333333332
            ],
            [
              47.083333333333336,
              31.25,
              21.666666666666664
            ],
            [
              10.833333333333332,
              37.49999999999999,
              51.66666666666667
            ]
          ]
        },
        {
          "participant": "3214",
          "train_size": 2,
          "n_seeds": 20,
          "n_train_samples_mean": 6.0,
          "n_test_samples_mean": 36.0,
          "test_acc_mean": 0.46805555555555545,
          "test_acc_std": 0.030261745312683476,
          "test_bal_acc_mean": 0.46805555555555545,
          "test_bal_acc_std": 0.030261745312683466,
          "test_f1_mean": 0.4164335616750539,
          "test_f1_std": 0.040880259099006895,
          "test_kappa_mean": 0.2020833333333334,
          "test_kappa_std": 0.045392617969025224,
          "confusion_matrix": [
            [
              39.58333333333333,
              13.749999999999996,
              46.66666666666667
            ],
            [
              0.0,
              10.0,
              90.0
            ],
            [
              0.0,
              9.166666666666668,
              90.83333333333334
            ]
          ]
        },
        {
          "participant": "3215",
          "train_size": 2,
          "n_seeds": 20,
          "n_train_samples_mean": 6.0,
          "n_test_samples_mean": 36.0,
          "test_acc_mean": 0.37222222222222223,
          "test_acc_std": 0.027631192175268902,
          "test_bal_acc_mean": 0.37222222222222223,
          "test_bal_acc_std": 0.027631192175268892,
          "test_f1_mean": 0.3016053927330057,
          "test_f1_std": 0.05065420029673189,
          "test_kappa_mean": 0.058333333333333307,
          "test_kappa_std": 0.041446788262903336,
          "confusion_matrix": [
            [
              12.083333333333332,
              54.583333333333336,
              33.33333333333333
            ],
            [
              9.166666666666664,
              37.49999999999999,
              53.33333333333335
            ],
            [
              0.8333333333333333,
              37.08333333333333,
              62.08333333333333
            ]
          ]
        },
        {
          "participant": "3216",
          "train_size": 2,
          "n_seeds": 20,
          "n_train_samples_mean": 6.0,
          "n_test_samples_mean": 36.0,
          "test_acc_mean": 0.5083333333333333,
          "test_acc_std": 0.07271536540836289,
          "test_bal_acc_mean": 0.5083333333333333,
          "test_bal_acc_std": 0.07271536540836288,
          "test_f1_mean": 0.4547526405685972,
          "test_f1_std": 0.09540089366098262,
          "test_kappa_mean": 0.2625,
          "test_kappa_std": 0.1090730481125443,
          "confusion_matrix": [
            [
              34.99999999999999,
              27.083333333333332,
              37.916666666666664
            ],
            [
              7.083333333333331,
              31.25,
              61.66666666666667
            ],
            [
              7.916666666666666,
              5.833333333333333,
              86.25
            ]
          ]
        },
        {
          "participant": "3217",
          "train_size": 2,
          "n_seeds": 20,
          "n_train_samples_mean": 6.0,
          "n_test_samples_mean": 36.0,
          "test_acc_mean": 0.4527777777777778,
          "test_acc_std": 0.08215541777975026,
          "test_bal_acc_mean": 0.4527777777777778,
          "test_bal_acc_std": 0.08215541777975026,
          "test_f1_mean": 0.4210491655202627,
          "test_f1_std": 0.07227177840820125,
          "test_kappa_mean": 0.17916666666666664,
          "test_kappa_std": 0.12323312666962537,
          "confusion_matrix": [
            [
              51.66666666666667,
              33.75,
              14.583333333333334
            ],
            [
              28.333333333333332,
              17.499999999999996,
              54.166666666666664
            ],
            [
              20.416666666666668,
              12.916666666666663,
              66.66666666666666
            ]
          ]
        },
        {
          "participant": "3218",
          "train_size": 2,
          "n_seeds": 20,
          "n_train_samples_mean": 6.0,
          "n_test_samples_mean": 36.0,
          "test_acc_mean": 0.4819444444444444,
          "test_acc_std": 0.05198699667476339,
          "test_bal_acc_mean": 0.48194444444444445,
          "test_bal_acc_std": 0.05198699667476337,
          "test_f1_mean": 0.45091142409097407,
          "test_f1_std": 0.060016571303841804,
          "test_kappa_mean": 0.22291666666666665,
          "test_kappa_std": 0.07798049501214506,
          "confusion_matrix": [
            [
              21.666666666666664,
              78.33333333333334,
              0.0
            ],
            [
              42.91666666666666,
              38.75,
              18.333333333333332
            ],
            [
              2.4999999999999996,
              13.333333333333329,
              84.16666666666669
            ]
          ]
        },
        {
          "participant": "3219",
          "train_size": 2,
          "n_seeds": 20,
          "n_train_samples_mean": 6.0,
          "n_test_samples_mean": 31.0,
          "test_acc_mean": 0.5435483870967741,
          "test_acc_std": 0.0459487495390794,
          "test_bal_acc_mean": 0.603968253968254,
          "test_bal_acc_std": 0.03842191456512849,
          "test_f1_mean": 0.4987671840718534,
          "test_f1_std": 0.049863769565779266,
          "test_kappa_mean": 0.3188505158560581,
          "test_kappa_std": 0.06428678482040086,
          "confusion_matrix": [
            [
              55.833333333333336,
              34.583333333333336,
              9.583333333333332
            ],
            [
              47.91666666666667,
              27.5,
              24.583333333333336
            ],
            [
              0.0,
              2.142857142857143,
              97.85714285714286
            ]
          ]
        },
        {
          "participant": "3220",
          "train_size": 2,
          "n_seeds": 20,
          "n_train_samples_mean": 6.0,
          "n_test_samples_mean": 36.0,
          "test_acc_mean": 0.5208333333333334,
          "test_acc_std": 0.08961463594725148,
          "test_bal_acc_mean": 0.5208333333333333,
          "test_bal_acc_std": 0.08961463594725147,
          "test_f1_mean": 0.46683803485025155,
          "test_f1_std": 0.10133593922790463,
          "test_kappa_mean": 0.28125,
          "test_kappa_std": 0.13442195392087716,
          "confusion_matrix": [
            [
              50.83333333333333,
              42.5,
              6.666666666666667
            ],
            [
              73.75000000000001,
              8.333333333333332,
              17.916666666666664
            ],
            [
              0.41666666666666663,
              2.499999999999999,
              97.08333333333334
            ]
          ]
        },
        {
          "participant": "3221",
          "train_size": 2,
          "n_seeds": 20,
          "n_train_samples_mean": 6.0,
          "n_test_samples_mean": 36.0,
          "test_acc_mean": 0.5513888888888889,
          "test_acc_std": 0.06390160056607176,
          "test_bal_acc_mean": 0.5513888888888889,
          "test_bal_acc_std": 0.06390160056607176,
          "test_f1_mean": 0.5373611728840829,
          "test_f1_std": 0.07608224542652105,
          "test_kappa_mean": 0.3270833333333333,
          "test_kappa_std": 0.09585240084910765,
          "confusion_matrix": [
            [
              49.58333333333334,
              38.33333333333333,
              12.083333333333337
            ],
            [
              36.25000000000001,
              41.66666666666667,
              22.083333333333336
            ],
            [
              0.0,
              25.833333333333332,
              74.16666666666666
            ]
          ]
        },
        {
          "participant": "3222",
          "train_size": 2,
          "n_seeds": 20,
          "n_train_samples_mean": 6.0,
          "n_test_samples_mean": 32.0,
          "test_acc_mean": 0.484375,
          "test_acc_std": 0.10164154312816037,
          "test_bal_acc_mean": 0.50625,
          "test_bal_acc_std": 0.08649872673684575,
          "test_f1_mean": 0.4337757699035233,
          "test_f1_std": 0.09590614451813416,
          "test_kappa_mean": 0.26373098623085545,
          "test_kappa_std": 0.1267048722661386,
          "confusion_matrix": [
            [
              6.249999999999998,
              87.08333333333334,
              6.666666666666666
            ],
            [
              18.75,
              68.125,
              13.125
            ],
            [
              0.0,
              22.5,
              77.50000000000001
            ]
          ]
        },
        {
          "participant": "3223",
          "train_size": 2,
          "n_seeds": 20,
          "n_train_samples_mean": 6.0,
          "n_test_samples_mean": 36.0,
          "test_acc_mean": 0.5277777777777778,
          "test_acc_std": 0.04853272711315157,
          "test_bal_acc_mean": 0.5277777777777778,
          "test_bal_acc_std": 0.04853272711315157,
          "test_f1_mean": 0.4804692325893652,
          "test_f1_std": 0.05593923012136958,
          "test_kappa_mean": 0.29166666666666663,
          "test_kappa_std": 0.07279909066972733,
          "confusion_matrix": [
            [
              37.083333333333336,
              41.666666666666664,
              21.25
            ],
            [
              30.833333333333336,
              27.916666666666668,
              41.25000000000001
            ],
            [
              0.0,
              6.666666666666667,
              93.33333333333334
            ]
          ]
        },
        {
          "participant": "3224",
          "train_size": 2,
          "n_seeds": 20,
          "n_train_samples_mean": 6.0,
          "n_test_samples_mean": 36.0,
          "test_acc_mean": 0.538888888888889,
          "test_acc_std": 0.04630604185924949,
          "test_bal_acc_mean": 0.538888888888889,
          "test_bal_acc_std": 0.04630604185924946,
          "test_f1_mean": 0.5206449725025577,
          "test_f1_std": 0.062377246341422846,
          "test_kappa_mean": 0.3083333333333333,
          "test_kappa_std": 0.06945906278887422,
          "confusion_matrix": [
            [
              38.333333333333336,
              48.333333333333336,
              13.333333333333332
            ],
            [
              0.0,
              80.0,
              20.0
            ],
            [
              6.666666666666666,
              50.0,
              43.333333333333336
            ]
          ]
        },
        {
          "participant": "3225",
          "train_size": 2,
          "n_seeds": 20,
          "n_train_samples_mean": 6.0,
          "n_test_samples_mean": 36.0,
          "test_acc_mean": 0.35555555555555557,
          "test_acc_std": 0.1159753956564099,
          "test_bal_acc_mean": 0.3555555555555555,
          "test_bal_acc_std": 0.1159753956564099,
          "test_f1_mean": 0.32658952197892094,
          "test_f1_std": 0.11693142727054981,
          "test_kappa_mean": 0.03333333333333331,
          "test_kappa_std": 0.17396309348461483,
          "confusion_matrix": [
            [
              34.99999999999999,
              65.0,
              0.0
            ],
            [
              41.24999999999999,
              35.416666666666664,
              23.33333333333333
            ],
            [
              45.00000000000001,
              18.749999999999996,
              36.24999999999999
            ]
          ]
        },
        {
          "participant": "3226",
          "train_size": 2,
          "n_seeds": 20,
          "n_train_samples_mean": 6.0,
          "n_test_samples_mean": 36.0,
          "test_acc_mean": 0.42361111111111105,
          "test_acc_std": 0.05619153520753688,
          "test_bal_acc_mean": 0.42361111111111105,
          "test_bal_acc_std": 0.05619153520753689,
          "test_f1_mean": 0.3709218950878327,
          "test_f1_std": 0.038376195233103816,
          "test_kappa_mean": 0.13541666666666666,
          "test_kappa_std": 0.08428730281130532,
          "confusion_matrix": [
            [
              16.249999999999996,
              53.750000000000014,
              30.0
            ],
            [
              1.6666666666666665,
              80.41666666666667,
              17.916666666666664
            ],
            [
              22.08333333333332,
              47.5,
              30.416666666666668
            ]
          ]
        },
        {
          "participant": "3227",
          "train_size": 2,
          "n_seeds": 20,
          "n_train_samples_mean": 6.0,
          "n_test_samples_mean": 36.0,
          "test_acc_mean": 0.5319444444444446,
          "test_acc_std": 0.04440330698512304,
          "test_bal_acc_mean": 0.5319444444444444,
          "test_bal_acc_std": 0.04440330698512302,
          "test_f1_mean": 0.513106716220465,
          "test_f1_std": 0.040380613901615355,
          "test_kappa_mean": 0.29791666666666666,
          "test_kappa_std": 0.06660496047768454,
          "confusion_matrix": [
            [
              34.16666666666667,
              57.916666666666664,
              7.916666666666666
            ],
            [
              26.666666666666668,
              41.666666666666664,
              31.666666666666664
            ],
            [
              0.0,
              16.25,
              83.75
            ]
          ]
        },
        {
          "participant": "3228",
          "train_size": 2,
          "n_seeds": 20,
          "n_train_samples_mean": 6.0,
          "n_test_samples_mean": 27.0,
          "test_acc_mean": 0.4666666666666666,
          "test_acc_std": 0.02520581656958224,
          "test_bal_acc_mean": 0.3958333333333333,
          "test_bal_acc_std": 0.05245360585061474,
          "test_f1_mean": 0.3648473611692003,
          "test_f1_std": 0.04748599597247126,
          "test_kappa_mean": 0.05729706290471783,
          "test_kappa_std": 0.05135399782474661,
          "confusion_matrix": [
            [
              18.333333333333325,
              56.666666666666664,
              24.999999999999993
            ],
            [
              2.499999999999999,
              8.749999999999998,
              88.75
            ],
            [
              0.0,
              8.333333333333332,
              91.66666666666667
            ]
          ]
        },
        {
          "participant": "3229",
          "train_size": 2,
          "n_seeds": 20,
          "n_train_samples_mean": 6.0,
          "n_test_samples_mean": 36.0,
          "test_acc_mean": 0.5361111111111112,
          "test_acc_std": 0.06567241047103436,
          "test_bal_acc_mean": 0.5361111111111112,
          "test_bal_acc_std": 0.06567241047103438,
          "test_f1_mean": 0.5136829186923315,
          "test_f1_std": 0.0762478806469452,
          "test_kappa_mean": 0.3041666666666666,
          "test_kappa_std": 0.09850861570655155,
          "confusion_matrix": [
            [
              30.0,
              50.00000000000001,
              20.000000000000004
            ],
            [
              24.583333333333336,
              54.583333333333336,
              20.833333333333336
            ],
            [
              5.0,
              18.750000000000004,
              76.24999999999999
            ]
          ]
        },
        {
          "participant": "3230",
          "train_size": 2,
          "n_seeds": 20,
          "n_train_samples_mean": 6.0,
          "n_test_samples_mean": 36.0,
          "test_acc_mean": 0.5194444444444444,
          "test_acc_std": 0.06315044898714066,
          "test_bal_acc_mean": 0.5194444444444444,
          "test_bal_acc_std": 0.06315044898714064,
          "test_f1_mean": 0.46886332956976123,
          "test_f1_std": 0.07918272302727661,
          "test_kappa_mean": 0.2791666666666667,
          "test_kappa_std": 0.094725673480711,
          "confusion_matrix": [
            [
              31.666666666666664,
              61.66666666666665,
              6.666666666666664
            ],
            [
              4.583333333333334,
              32.083333333333336,
              63.333333333333336
            ],
            [
              0.0,
              7.916666666666666,
              92.08333333333334
            ]
          ]
        },
        {
          "participant": "3231",
          "train_size": 2,
          "n_seeds": 20,
          "n_train_samples_mean": 6.0,
          "n_test_samples_mean": 36.0,
          "test_acc_mean": 0.5166666666666666,
          "test_acc_std": 0.06523810540137778,
          "test_bal_acc_mean": 0.5166666666666666,
          "test_bal_acc_std": 0.06523810540137776,
          "test_f1_mean": 0.44038233089191836,
          "test_f1_std": 0.05180122997199603,
          "test_kappa_mean": 0.27499999999999997,
          "test_kappa_std": 0.09785715810206665,
          "confusion_matrix": [
            [
              52.08333333333335,
              35.416666666666664,
              12.5
            ],
            [
              36.66666666666667,
              9.999999999999996,
              53.33333333333333
            ],
            [
              0.0,
              7.083333333333331,
              92.91666666666669
            ]
          ]
        },
        {
          "participant": "3232",
          "train_size": 2,
          "n_seeds": 20,
          "n_train_samples_mean": 6.0,
          "n_test_samples_mean": 36.0,
          "test_acc_mean": 0.3722222222222222,
          "test_acc_std": 0.07507847313315048,
          "test_bal_acc_mean": 0.3722222222222222,
          "test_bal_acc_std": 0.07507847313315047,
          "test_f1_mean": 0.31187962543734915,
          "test_f1_std": 0.07887945243799586,
          "test_kappa_mean": 0.058333333333333334,
          "test_kappa_std": 0.11261770969972569,
          "confusion_matrix": [
            [
              10.0,
              80.83333333333334,
              9.166666666666666
            ],
            [
              38.33333333333333,
              12.083333333333336,
              49.58333333333332
            ],
            [
              0.0,
              10.416666666666668,
              89.58333333333334
            ]
          ]
        },
        {
          "participant": "3233",
          "train_size": 2,
          "n_seeds": 20,
          "n_train_samples_mean": 6.0,
          "n_test_samples_mean": 36.0,
          "test_acc_mean": 0.5055555555555556,
          "test_acc_std": 0.0581275959756219,
          "test_bal_acc_mean": 0.5055555555555556,
          "test_bal_acc_std": 0.05812759597562187,
          "test_f1_mean": 0.49302933588096803,
          "test_f1_std": 0.05121071934801874,
          "test_kappa_mean": 0.2583333333333333,
          "test_kappa_std": 0.08719139396343285,
          "confusion_matrix": [
            [
              67.91666666666666,
              20.41666666666667,
              11.66666666666666
            ],
            [
              53.333333333333336,
              32.91666666666667,
              13.749999999999996
            ],
            [
              7.083333333333333,
              42.08333333333333,
              50.83333333333333
            ]
          ]
        },
        {
          "participant": "3234",
          "train_size": 2,
          "n_seeds": 20,
          "n_train_samples_mean": 6.0,
          "n_test_samples_mean": 36.0,
          "test_acc_mean": 0.42638888888888893,
          "test_acc_std": 0.05996736712752968,
          "test_bal_acc_mean": 0.42638888888888893,
          "test_bal_acc_std": 0.059967367127529696,
          "test_f1_mean": 0.3846407941284947,
          "test_f1_std": 0.04642575277441983,
          "test_kappa_mean": 0.13958333333333334,
          "test_kappa_std": 0.08995105069129453,
          "confusion_matrix": [
            [
              49.58333333333333,
              33.33333333333333,
              17.083333333333336
            ],
            [
              74.99999999999999,
              9.999999999999998,
              15.0
            ],
            [
              19.583333333333336,
              12.083333333333334,
              68.33333333333333
            ]
          ]
        },
        {
          "participant": "3235",
          "train_size": 2,
          "n_seeds": 20,
          "n_train_samples_mean": 6.0,
          "n_test_samples_mean": 36.0,
          "test_acc_mean": 0.4374999999999999,
          "test_acc_std": 0.050077101048110965,
          "test_bal_acc_mean": 0.4374999999999999,
          "test_bal_acc_std": 0.05007710104811098,
          "test_f1_mean": 0.38910186577638045,
          "test_f1_std": 0.0434631755123932,
          "test_kappa_mean": 0.15625000000000003,
          "test_kappa_std": 0.07511565157216644,
          "confusion_matrix": [
            [
              29.166666666666668,
              56.66666666666667,
              14.166666666666668
            ],
            [
              17.083333333333332,
              17.916666666666664,
              65.0
            ],
            [
              14.583333333333332,
              1.25,
              84.16666666666667
            ]
          ]
        },
        {
          "participant": "3236",
          "train_size": 2,
          "n_seeds": 20,
          "n_train_samples_mean": 6.0,
          "n_test_samples_mean": 36.0,
          "test_acc_mean": 0.4027777777777778,
          "test_acc_std": 0.11698647339656316,
          "test_bal_acc_mean": 0.4027777777777778,
          "test_bal_acc_std": 0.11698647339656315,
          "test_f1_mean": 0.332254398027864,
          "test_f1_std": 0.10758693037719604,
          "test_kappa_mean": 0.10416666666666663,
          "test_kappa_std": 0.17547971009484484,
          "confusion_matrix": [
            [
              67.91666666666666,
              25.0,
              7.083333333333331
            ],
            [
              49.99999999999999,
              1.6666666666666665,
              48.333333333333336
            ],
            [
              46.249999999999986,
              2.499999999999999,
              51.25
            ]
          ]
        },
        {
          "participant": "3237",
          "train_size": 2,
          "n_seeds": 20,
          "n_train_samples_mean": 6.0,
          "n_test_samples_mean": 36.0,
          "test_acc_mean": 0.48749999999999993,
          "test_acc_std": 0.07123424554799067,
          "test_bal_acc_mean": 0.48749999999999993,
          "test_bal_acc_std": 0.0712342455479906,
          "test_f1_mean": 0.4121005887592911,
          "test_f1_std": 0.076136706662898,
          "test_kappa_mean": 0.23124999999999996,
          "test_kappa_std": 0.10685136832198595,
          "confusion_matrix": [
            [
              31.666666666666664,
              40.416666666666664,
              27.916666666666668
            ],
            [
              16.25,
              14.583333333333332,
              69.16666666666666
            ],
            [
              0.0,
              0.0,
              100.0
            ]
          ]
        },
        {
          "participant": "3238",
          "train_size": 2,
          "n_seeds": 20,
          "n_train_samples_mean": 6.0,
          "n_test_samples_mean": 36.0,
          "test_acc_mean": 0.6319444444444444,
          "test_acc_std": 0.050077101048110945,
          "test_bal_acc_mean": 0.6319444444444444,
          "test_bal_acc_std": 0.050077101048110965,
          "test_f1_mean": 0.6287838947098795,
          "test_f1_std": 0.04491658211768799,
          "test_kappa_mean": 0.4479166666666667,
          "test_kappa_std": 0.07511565157216644,
          "confusion_matrix": [
            [
              52.08333333333335,
              46.666666666666664,
              1.2499999999999998
            ],
            [
              0.8333333333333333,
              51.25,
              47.916666666666664
            ],
            [
              0.0,
              13.749999999999996,
              86.25000000000001
            ]
          ]
        },
        {
          "participant": "3239",
          "train_size": 2,
          "n_seeds": 20,
          "n_train_samples_mean": 6.0,
          "n_test_samples_mean": 36.0,
          "test_acc_mean": 0.35833333333333334,
          "test_acc_std": 0.056209600321396144,
          "test_bal_acc_mean": 0.3583333333333333,
          "test_bal_acc_std": 0.05620960032139616,
          "test_f1_mean": 0.3531725371122834,
          "test_f1_std": 0.056222550900127885,
          "test_kappa_mean": 0.03749999999999999,
          "test_kappa_std": 0.08431440048209425,
          "confusion_matrix": [
            [
              46.66666666666667,
              32.083333333333336,
              21.25
            ],
            [
              44.16666666666667,
              27.916666666666664,
              27.916666666666668
            ],
            [
              0.0,
              67.08333333333333,
              32.91666666666667
            ]
          ]
        },
        {
          "participant": "3240",
          "train_size": 2,
          "n_seeds": 20,
          "n_train_samples_mean": 6.0,
          "n_test_samples_mean": 36.0,
          "test_acc_mean": 0.5930555555555557,
          "test_acc_std": 0.04619628573937907,
          "test_bal_acc_mean": 0.5930555555555557,
          "test_bal_acc_std": 0.04619628573937908,
          "test_f1_mean": 0.5901811811377028,
          "test_f1_std": 0.034762608302277724,
          "test_kappa_mean": 0.3895833333333333,
          "test_kappa_std": 0.06929442860906863,
          "confusion_matrix": [
            [
              60.416666666666664,
              39.16666666666667,
              0.41666666666666663
            ],
            [
              35.0,
              39.99999999999999,
              25.000000000000004
            ],
            [
              0.0,
              22.499999999999993,
              77.50000000000001
            ]
          ]
        },
        {
          "participant": "3241",
          "train_size": 2,
          "n_seeds": 20,
          "n_train_samples_mean": 6.0,
          "n_test_samples_mean": 36.0,
          "test_acc_mean": 0.5305555555555554,
          "test_acc_std": 0.1208791168220992,
          "test_bal_acc_mean": 0.5305555555555554,
          "test_bal_acc_std": 0.1208791168220992,
          "test_f1_mean": 0.5043869454697459,
          "test_f1_std": 0.11629683984791464,
          "test_kappa_mean": 0.2958333333333333,
          "test_kappa_std": 0.18131867523314882,
          "confusion_matrix": [
            [
              55.416666666666664,
              44.58333333333333,
              0.0
            ],
            [
              27.5,
              37.08333333333333,
              35.41666666666667
            ],
            [
              0.0,
              33.333333333333336,
              66.66666666666667
            ]
          ]
        },
        {
          "participant": "3242",
          "train_size": 2,
          "n_seeds": 20,
          "n_train_samples_mean": 6.0,
          "n_test_samples_mean": 36.0,
          "test_acc_mean": 0.5916666666666666,
          "test_acc_std": 0.06505108703646986,
          "test_bal_acc_mean": 0.5916666666666666,
          "test_bal_acc_std": 0.06505108703646988,
          "test_f1_mean": 0.5566480173739563,
          "test_f1_std": 0.08682670337822405,
          "test_kappa_mean": 0.38749999999999996,
          "test_kappa_std": 0.09757663055470482,
          "confusion_matrix": [
            [
              32.50000000000001,
              39.16666666666667,
              28.333333333333336
            ],
            [
              0.0,
              46.666666666666664,
              53.333333333333336
            ],
            [
              0.0,
              1.6666666666666665,
              98.33333333333333
            ]
          ]
        },
        {
          "participant": "3243",
          "train_size": 2,
          "n_seeds": 20,
          "n_train_samples_mean": 6.0,
          "n_test_samples_mean": 36.0,
          "test_acc_mean": 0.5208333333333333,
          "test_acc_std": 0.0961722754368589,
          "test_bal_acc_mean": 0.5208333333333333,
          "test_bal_acc_std": 0.0961722754368589,
          "test_f1_mean": 0.48911745618588276,
          "test_f1_std": 0.09793765116299857,
          "test_kappa_mean": 0.28125,
          "test_kappa_std": 0.14425841315528834,
          "confusion_matrix": [
            [
              47.083333333333336,
              47.916666666666664,
              4.999999999999998
            ],
            [
              17.916666666666664,
              32.5,
              49.58333333333333
            ],
            [
              1.6666666666666665,
              21.666666666666664,
              76.66666666666666
            ]
          ]
        },
        {
          "participant": "3244",
          "train_size": 2,
          "n_seeds": 20,
          "n_train_samples_mean": 6.0,
          "n_test_samples_mean": 36.0,
          "test_acc_mean": 0.4833333333333334,
          "test_acc_std": 0.04717489888828812,
          "test_bal_acc_mean": 0.4833333333333334,
          "test_bal_acc_std": 0.04717489888828812,
          "test_f1_mean": 0.4283324610065777,
          "test_f1_std": 0.037381655949701095,
          "test_kappa_mean": 0.225,
          "test_kappa_std": 0.07076234833243217,
          "confusion_matrix": [
            [
              23.750000000000007,
              60.833333333333336,
              15.416666666666666
            ],
            [
              13.749999999999996,
              32.08333333333332,
              54.166666666666664
            ],
            [
              4.166666666666667,
              6.666666666666667,
              89.16666666666666
            ]
          ]
        },
        {
          "participant": "3245",
          "train_size": 2,
          "n_seeds": 20,
          "n_train_samples_mean": 6.0,
          "n_test_samples_mean": 36.0,
          "test_acc_mean": 0.4805555555555555,
          "test_acc_std": 0.05916628915674532,
          "test_bal_acc_mean": 0.4805555555555555,
          "test_bal_acc_std": 0.059166289156745315,
          "test_f1_mean": 0.4559377161125048,
          "test_f1_std": 0.052151585682436274,
          "test_kappa_mean": 0.2208333333333333,
          "test_kappa_std": 0.08874943373511798,
          "confusion_matrix": [
            [
              56.666666666666664,
              30.0,
              13.333333333333332
            ],
            [
              0.8333333333333333,
              11.249999999999996,
              87.91666666666666
            ],
            [
              1.6666666666666665,
              22.083333333333325,
              76.24999999999999
            ]
          ]
        },
        {
          "participant": "3246",
          "train_size": 2,
          "n_seeds": 20,
          "n_train_samples_mean": 6.0,
          "n_test_samples_mean": 36.0,
          "test_acc_mean": 0.4375,
          "test_acc_std": 0.08685305717855049,
          "test_bal_acc_mean": 0.4375,
          "test_bal_acc_std": 0.0868530571785505,
          "test_f1_mean": 0.3877361072457447,
          "test_f1_std": 0.0915848587129431,
          "test_kappa_mean": 0.15625,
          "test_kappa_std": 0.13027958576782572,
          "confusion_matrix": [
            [
              58.75,
              18.33333333333333,
              22.916666666666675
            ],
            [
              45.41666666666667,
              20.833333333333332,
              33.75
            ],
            [
              25.833333333333332,
              22.5,
              51.666666666666664
            ]
          ]
        },
        {
          "participant": "3247",
          "train_size": 2,
          "n_seeds": 20,
          "n_train_samples_mean": 6.0,
          "n_test_samples_mean": 36.0,
          "test_acc_mean": 0.5986111111111112,
          "test_acc_std": 0.06465972812999875,
          "test_bal_acc_mean": 0.5986111111111112,
          "test_bal_acc_std": 0.06465972812999875,
          "test_f1_mean": 0.5661546687110273,
          "test_f1_std": 0.04997417989474132,
          "test_kappa_mean": 0.39791666666666664,
          "test_kappa_std": 0.09698959219499816,
          "confusion_matrix": [
            [
              76.66666666666667,
              16.666666666666664,
              6.666666666666666
            ],
            [
              22.083333333333336,
              25.0,
              52.91666666666665
            ],
            [
              3.333333333333333,
              18.75,
              77.91666666666666
            ]
          ]
        },
        {
          "participant": "3248",
          "train_size": 2,
          "n_seeds": 20,
          "n_train_samples_mean": 6.0,
          "n_test_samples_mean": 36.0,
          "test_acc_mean": 0.5,
          "test_acc_std": 0.08111071056538127,
          "test_bal_acc_mean": 0.5,
          "test_bal_acc_std": 0.08111071056538127,
          "test_f1_mean": 0.4637355359667149,
          "test_f1_std": 0.09592844993780299,
          "test_kappa_mean": 0.24999999999999994,
          "test_kappa_std": 0.1216660658480719,
          "confusion_matrix": [
            [
              43.74999999999999,
              4.166666666666665,
              52.083333333333336
            ],
            [
              53.75,
              32.5,
              13.750000000000005
            ],
            [
              0.41666666666666663,
              25.833333333333332,
              73.74999999999999
            ]
          ]
        },
        {
          "participant": "3249",
          "train_size": 2,
          "n_seeds": 20,
          "n_train_samples_mean": 6.0,
          "n_test_samples_mean": 36.0,
          "test_acc_mean": 0.44722222222222224,
          "test_acc_std": 0.055482407985247506,
          "test_bal_acc_mean": 0.44722222222222213,
          "test_bal_acc_std": 0.05548240798524749,
          "test_f1_mean": 0.4235149887735665,
          "test_f1_std": 0.06791167787892713,
          "test_kappa_mean": 0.17083333333333334,
          "test_kappa_std": 0.08322361197787125,
          "confusion_matrix": [
            [
              39.166666666666664,
              34.999999999999986,
              25.833333333333332
            ],
            [
              26.666666666666664,
              30.416666666666664,
              42.91666666666667
            ],
            [
              1.6666666666666665,
              33.75000000000001,
              64.58333333333334
            ]
          ]
        },
        {
          "participant": "3250",
          "train_size": 2,
          "n_seeds": 20,
          "n_train_samples_mean": 6.0,
          "n_test_samples_mean": 36.0,
          "test_acc_mean": 0.5819444444444445,
          "test_acc_std": 0.0782955821271978,
          "test_bal_acc_mean": 0.5819444444444445,
          "test_bal_acc_std": 0.07829558212719781,
          "test_f1_mean": 0.565276898270119,
          "test_f1_std": 0.09524735460912834,
          "test_kappa_mean": 0.3729166666666667,
