{
  "name": "perf_gsr_ecg",
  "config": {
    "n_seeds": 20,
    "feature_selection": "backward",
    "use_pose_derivatives": true,
    "use_time_features": false,
    "include_order": false,
    "normalize_features": true,
    "class_config": "all",
    "use_pca": false,
    "pca_variance": 0.9,
    "write_cm": true,
    "tune_hyperparameters": false,
    "tune_n_iter": 30,
    "tune_cv_folds": 5,
    "name": "perf_gsr_ecg",
    "feature_groups": [
      "performance",
      "gsr",
      "ecg"
    ],
    "split_strategy": "participant_specific",
    "sampling_strategy": "temporal_stratified"
  },
  "sampling_strategy": "temporal_stratified",
  "n_seeds": 20,
  "learning_curve": [
    {
      "aggregated": {
        "train_size": 2,
        "n_participants": 37,
        "n_seeds": 20,
        "test_acc_mean": 0.5773418579870192,
        "test_acc_std": 0.08840936426907017,
        "test_bal_acc_mean": 0.5752037752037752,
        "test_bal_acc_std": 0.09322242428812842,
        "test_f1_mean": 0.5429297843378115,
        "test_f1_std": 0.10142979019324626,
        "test_kappa_mean": 0.36260849973162357,
        "test_kappa_std": 0.13782691481693224,
        "confusion_matrix": [
          [
            54.25675675675676,
            27.578828828828833,
            18.164414414414413
          ],
          [
            20.65315315315315,
            44.84234234234234,
            34.5045045045045
          ],
          [
            7.429214929214928,
            19.108751608751607,
            73.46203346203345
          ]
        ]
      },
      "per_participant": [
        {
          "participant": "3208",
          "train_size": 2,
          "n_seeds": 20,
          "n_train_samples_mean": 6.0,
          "n_test_samples_mean": 36.0,
          "test_acc_mean": 0.43194444444444446,
          "test_acc_std": 0.058735732648861796,
          "test_bal_acc_mean": 0.43194444444444446,
          "test_bal_acc_std": 0.05873573264886181,
          "test_f1_mean": 0.4187899756421795,
          "test_f1_std": 0.06517410716493427,
          "test_kappa_mean": 0.14791666666666667,
          "test_kappa_std": 0.08810359897329272,
          "confusion_matrix": [
            [
              26.249999999999993,
              64.16666666666667,
              9.583333333333332
            ],
            [
              28.749999999999993,
              44.166666666666664,
              27.083333333333332
            ],
            [
              7.499999999999998,
              33.33333333333333,
              59.166666666666664
            ]
          ]
        },
        {
          "participant": "3209",
          "train_size": 2,
          "n_seeds": 20,
          "n_train_samples_mean": 6.0,
          "n_test_samples_mean": 36.0,
          "test_acc_mean": 0.4805555555555555,
          "test_acc_std": 0.11649946247230192,
          "test_bal_acc_mean": 0.4805555555555555,
          "test_bal_acc_std": 0.11649946247230192,
          "test_f1_mean": 0.4606022382878325,
          "test_f1_std": 0.13874800381935923,
          "test_kappa_mean": 0.22083333333333335,
          "test_kappa_std": 0.17474919370845288,
          "confusion_matrix": [
            [
              56.66666666666667,
              0.0,
              43.33333333333333
            ],
            [
              36.25000000000001,
              32.5,
              31.25
            ],
            [
              32.50000000000001,
              12.500000000000002,
              55.0
            ]
          ]
        },
        {
          "participant": "3210",
          "train_size": 2,
          "n_seeds": 20,
          "n_train_samples_mean": 6.0,
          "n_test_samples_mean": 36.0,
          "test_acc_mean": 0.6222222222222222,
          "test_acc_std": 0.09119807574090258,
          "test_bal_acc_mean": 0.6222222222222222,
          "test_bal_acc_std": 0.09119807574090258,
          "test_f1_mean": 0.5949999550683978,
          "test_f1_std": 0.11283241109370432,
          "test_kappa_mean": 0.4333333333333334,
          "test_kappa_std": 0.13679711361135388,
          "confusion_matrix": [
            [
              34.58333333333333,
              44.99999999999999,
              20.416666666666664
            ],
            [
              2.9166666666666656,
              79.58333333333333,
              17.5
            ],
            [
              0.0,
              27.499999999999993,
              72.5
            ]
          ]
        },
        {
          "participant": "3214",
          "train_size": 2,
          "n_seeds": 20,
          "n_train_samples_mean": 6.0,
          "n_test_samples_mean": 36.0,
          "test_acc_mean": 0.5250000000000001,
          "test_acc_std": 0.04928006712905649,
          "test_bal_acc_mean": 0.525,
          "test_bal_acc_std": 0.049280067129056464,
          "test_f1_mean": 0.4324031109932057,
          "test_f1_std": 0.0541222506237915,
          "test_kappa_mean": 0.2875,
          "test_kappa_std": 0.07392010069358475,
          "confusion_matrix": [
            [
              67.5,
              0.8333333333333333,
              31.666666666666668
            ],
            [
              24.583333333333332,
              1.6666666666666665,
              73.75
            ],
            [
              7.916666666666666,
              3.749999999999999,
              88.33333333333334
            ]
          ]
        },
        {
          "participant": "3215",
          "train_size": 2,
          "n_seeds": 20,
          "n_train_samples_mean": 6.0,
          "n_test_samples_mean": 36.0,
          "test_acc_mean": 0.4027777777777778,
          "test_acc_std": 0.1310662526095082,
          "test_bal_acc_mean": 0.4027777777777778,
          "test_bal_acc_std": 0.13106625260950822,
          "test_f1_mean": 0.36779678765551427,
          "test_f1_std": 0.09884002836406287,
          "test_kappa_mean": 0.10416666666666666,
          "test_kappa_std": 0.19659937891426232,
          "confusion_matrix": [
            [
              49.99999999999999,
              11.666666666666664,
              38.33333333333333
            ],
            [
              0.8333333333333333,
              4.583333333333333,
              94.58333333333333
            ],
            [
              0.0,
              33.75000000000001,
              66.25000000000001
            ]
          ]
        },
        {
          "participant": "3216",
          "train_size": 2,
          "n_seeds": 20,
          "n_train_samples_mean": 6.0,
          "n_test_samples_mean": 36.0,
          "test_acc_mean": 0.6166666666666667,
          "test_acc_std": 0.049853586801343205,
          "test_bal_acc_mean": 0.6166666666666667,
          "test_bal_acc_std": 0.04985358680134325,
          "test_f1_mean": 0.5888945588396565,
          "test_f1_std": 0.059827932506867104,
          "test_kappa_mean": 0.425,
          "test_kappa_std": 0.0747803802020149,
          "confusion_matrix": [
            [
              50.41666666666667,
              21.25,
              28.333333333333332
            ],
            [
              7.499999999999998,
              36.66666666666666,
              55.83333333333333
            ],
            [
              0.41666666666666663,
              1.6666666666666665,
              97.91666666666666
            ]
          ]
        },
        {
          "participant": "3217",
          "train_size": 2,
          "n_seeds": 20,
          "n_train_samples_mean": 6.0,
          "n_test_samples_mean": 36.0,
          "test_acc_mean": 0.5375000000000001,
          "test_acc_std": 0.04440330698512303,
          "test_bal_acc_mean": 0.5375000000000001,
          "test_bal_acc_std": 0.04440330698512302,
          "test_f1_mean": 0.49649799504109476,
          "test_f1_std": 0.06432569401606392,
          "test_kappa_mean": 0.30625,
          "test_kappa_std": 0.06660496047768455,
          "confusion_matrix": [
            [
              68.74999999999999,
              11.25,
              20.000000000000007
            ],
            [
              27.083333333333332,
              20.833333333333332,
              52.08333333333335
            ],
            [
              17.916666666666664,
              10.416666666666666,
              71.66666666666667
            ]
          ]
        },
        {
          "participant": "3218",
          "train_size": 2,
          "n_seeds": 20,
          "n_train_samples_mean": 6.0,
          "n_test_samples_mean": 36.0,
          "test_acc_mean": 0.6138888888888889,
          "test_acc_std": 0.0995033149277522,
          "test_bal_acc_mean": 0.6138888888888889,
          "test_bal_acc_std": 0.09950331492775222,
          "test_f1_mean": 0.5882846450423455,
          "test_f1_std": 0.11241637227518643,
          "test_kappa_mean": 0.4208333333333333,
          "test_kappa_std": 0.1492549723916283,
          "confusion_matrix": [
            [
              42.91666666666667,
              37.083333333333336,
              19.999999999999993
            ],
            [
              7.916666666666666,
              70.00000000000001,
              22.08333333333333
            ],
            [
              1.6666666666666665,
              27.083333333333332,
              71.25000000000001
            ]
          ]
        },
        {
          "participant": "3219",
          "train_size": 2,
          "n_seeds": 20,
          "n_train_samples_mean": 6.0,
          "n_test_samples_mean": 31.0,
          "test_acc_mean": 0.6838709677419353,
          "test_acc_std": 0.07590482364866834,
          "test_bal_acc_mean": 0.6950396825396824,
          "test_bal_acc_std": 0.07799862725409146,
          "test_f1_mean": 0.6533226159275788,
          "test_f1_std": 0.0966816244085424,
          "test_kappa_mean": 0.5162561510730471,
          "test_kappa_std": 0.11993294324502671,
          "confusion_matrix": [
            [
              92.49999999999999,
              7.499999999999998,
              0.0
            ],
            [
              38.33333333333333,
              39.583333333333336,
              22.083333333333336
            ],
            [
              20.714285714285708,
              2.8571428571428568,
              76.42857142857142
            ]
          ]
        },
        {
          "participant": "3220",
          "train_size": 2,
          "n_seeds": 20,
          "n_train_samples_mean": 6.0,
          "n_test_samples_mean": 36.0,
          "test_acc_mean": 0.5472222222222223,
          "test_acc_std": 0.07861909223221675,
          "test_bal_acc_mean": 0.5472222222222224,
          "test_bal_acc_std": 0.07861909223221675,
          "test_f1_mean": 0.5020442223608791,
          "test_f1_std": 0.10068059118800755,
          "test_kappa_mean": 0.3208333333333334,
          "test_kappa_std": 0.11792863834832513,
          "confusion_matrix": [
            [
              25.41666666666667,
              62.5,
              12.083333333333334
            ],
            [
              7.499999999999998,
              46.666666666666664,
              45.83333333333333
            ],
            [
              0.8333333333333333,
              7.083333333333331,
              92.08333333333334
            ]
          ]
        },
        {
          "participant": "3221",
          "train_size": 2,
          "n_seeds": 20,
          "n_train_samples_mean": 6.0,
          "n_test_samples_mean": 36.0,
          "test_acc_mean": 0.5027777777777779,
          "test_acc_std": 0.09007793896243017,
          "test_bal_acc_mean": 0.5027777777777779,
          "test_bal_acc_std": 0.09007793896243019,
          "test_f1_mean": 0.44779894403605497,
          "test_f1_std": 0.12439030145557681,
          "test_kappa_mean": 0.2541666666666667,
          "test_kappa_std": 0.1351169084436453,
          "confusion_matrix": [
            [
              52.5,
              47.5,
              0.0
            ],
            [
              16.666666666666664,
              83.33333333333334,
              0.0
            ],
            [
              3.749999999999999,
              81.25,
              15.000000000000004
            ]
          ]
        },
        {
          "participant": "3223",
          "train_size": 2,
          "n_seeds": 20,
          "n_train_samples_mean": 6.0,
          "n_test_samples_mean": 36.0,
          "test_acc_mean": 0.6111111111111112,
          "test_acc_std": 0.08406114918985409,
          "test_bal_acc_mean": 0.6111111111111112,
          "test_bal_acc_std": 0.0840611491898541,
          "test_f1_mean": 0.5943915907329489,
          "test_f1_std": 0.08702642102015004,
          "test_kappa_mean": 0.41666666666666663,
          "test_kappa_std": 0.12609172378478112,
          "confusion_matrix": [
            [
              84.16666666666666,
              5.416666666666666,
              10.416666666666666
            ],
            [
              7.499999999999998,
              63.333333333333336,
              29.166666666666664
            ],
            [
              0.0,
              64.16666666666667,
              35.83333333333333
            ]
          ]
        },
        {
          "participant": "3224",
          "train_size": 2,
          "n_seeds": 20,
          "n_train_samples_mean": 6.0,
          "n_test_samples_mean": 36.0,
          "test_acc_mean": 0.5805555555555556,
          "test_acc_std": 0.06677622576550264,
          "test_bal_acc_mean": 0.5805555555555555,
          "test_bal_acc_std": 0.06677622576550266,
          "test_f1_mean": 0.523601026123773,
          "test_f1_std": 0.08791463557315515,
          "test_kappa_mean": 0.3708333333333333,
          "test_kappa_std": 0.10016433864825396,
          "confusion_matrix": [
            [
              17.5,
              56.25,
              26.249999999999993
            ],
            [
              3.7499999999999987,
              70.41666666666667,
              25.833333333333332
            ],
            [
              0.0,
              13.75,
              86.25000000000001
            ]
          ]
        },
        {
          "participant": "3225",
          "train_size": 2,
          "n_seeds": 20,
          "n_train_samples_mean": 6.0,
          "n_test_samples_mean": 36.0,
          "test_acc_mean": 0.5694444444444445,
          "test_acc_std": 0.05137802161054262,
          "test_bal_acc_mean": 0.5694444444444445,
          "test_bal_acc_std": 0.05137802161054262,
          "test_f1_mean": 0.5557246471795889,
          "test_f1_std": 0.05595482060436712,
          "test_kappa_mean": 0.35416666666666663,
          "test_kappa_std": 0.07706703241581395,
          "confusion_matrix": [
            [
              48.333333333333336,
              48.74999999999999,
              2.9166666666666656
            ],
            [
              28.333333333333336,
              52.08333333333333,
              19.583333333333336
            ],
            [
              12.083333333333332,
              17.500000000000004,
              70.41666666666667
            ]
          ]
        },
        {
          "participant": "3226",
          "train_size": 2,
          "n_seeds": 20,
          "n_train_samples_mean": 6.0,
          "n_test_samples_mean": 36.0,
          "test_acc_mean": 0.5875000000000001,
          "test_acc_std": 0.059286284651327945,
          "test_bal_acc_mean": 0.5875000000000001,
          "test_bal_acc_std": 0.05928628465132797,
          "test_f1_mean": 0.5107444260754568,
          "test_f1_std": 0.062385345744608384,
          "test_kappa_mean": 0.38125,
          "test_kappa_std": 0.08892942697699194,
          "confusion_matrix": [
            [
              75.83333333333333,
              24.166666666666668,
              0.0
            ],
            [
              0.0,
              93.75000000000001,
              6.249999999999997
            ],
            [
              19.583333333333332,
              73.75000000000001,
              6.666666666666664
            ]
          ]
        },
        {
          "participant": "3227",
          "train_size": 2,
          "n_seeds": 20,
          "n_train_samples_mean": 6.0,
          "n_test_samples_mean": 36.0,
          "test_acc_mean": 0.5611111111111111,
          "test_acc_std": 0.10533217360626895,
          "test_bal_acc_mean": 0.5611111111111111,
          "test_bal_acc_std": 0.10533217360626895,
          "test_f1_mean": 0.5364584825575899,
          "test_f1_std": 0.11240139830858088,
          "test_kappa_mean": 0.3416666666666667,
          "test_kappa_std": 0.15799826040940343,
          "confusion_matrix": [
            [
              72.08333333333334,
              27.916666666666668,
              0.0
            ],
            [
              49.583333333333336,
              43.33333333333333,
              7.083333333333333
            ],
            [
              20.0,
              27.083333333333336,
              52.916666666666664
            ]
          ]
        },
        {
          "participant": "3228",
          "train_size": 2,
          "n_seeds": 20,
          "n_train_samples_mean": 6.0,
          "n_test_samples_mean": 27.0,
          "test_acc_mean": 0.4611111111111111,
          "test_acc_std": 0.04070528317028036,
          "test_bal_acc_mean": 0.3708333333333333,
          "test_bal_acc_std": 0.047922228255931974,
          "test_f1_mean": 0.3757701491063724,
          "test_f1_std": 0.0484060699205724,
          "test_kappa_mean": 0.07525833899702339,
          "test_kappa_std": 0.06296401369983498,
          "confusion_matrix": [
            [
              9.999999999999996,
              81.66666666666669,
              8.333333333333332
            ],
            [
              7.499999999999998,
              12.083333333333332,
              80.41666666666666
            ],
            [
              8.33333333333333,
              2.5,
              89.16666666666666
            ]
          ]
        },
        {
          "participant": "3229",
          "train_size": 2,
          "n_seeds": 20,
          "n_train_samples_mean": 6.0,
          "n_test_samples_mean": 36.0,
          "test_acc_mean": 0.7333333333333333,
          "test_acc_std": 0.08131073728235964,
          "test_bal_acc_mean": 0.7333333333333332,
          "test_bal_acc_std": 0.08131073728235966,
          "test_f1_mean": 0.7259985993210311,
          "test_f1_std": 0.08403741578302198,
          "test_kappa_mean": 0.6000000000000001,
          "test_kappa_std": 0.12196610592353943,
          "confusion_matrix": [
            [
              65.83333333333333,
              29.999999999999993,
              4.166666666666666
            ],
            [
              18.333333333333336,
              72.49999999999999,
              9.166666666666668
            ],
            [
              0.0,
              18.333333333333332,
              81.66666666666667
            ]
          ]
        },
        {
          "participant": "3230",
          "train_size": 2,
          "n_seeds": 20,
          "n_train_samples_mean": 6.0,
          "n_test_samples_mean": 36.0,
          "test_acc_mean": 0.7625,
          "test_acc_std": 0.07457645186980459,
          "test_bal_acc_mean": 0.7625,
          "test_bal_acc_std": 0.07457645186980458,
          "test_f1_mean": 0.7465070271167864,
          "test_f1_std": 0.08704117067936085,
          "test_kappa_mean": 0.6437499999999999,
          "test_kappa_std": 0.11186467780470687,
          "confusion_matrix": [
            [
              77.08333333333333,
              12.083333333333332,
              10.833333333333336
            ],
            [
              14.166666666666666,
              54.166666666666664,
              31.666666666666668
            ],
            [
              2.499999999999999,
              0.0,
              97.5
            ]
          ]
        },
        {
          "participant": "3232",
          "train_size": 2,
          "n_seeds": 20,
          "n_train_samples_mean": 6.0,
          "n_test_samples_mean": 36.0,
          "test_acc_mean": 0.5,
          "test_acc_std": 0.05331749277429964,
          "test_bal_acc_mean": 0.5,
          "test_bal_acc_std": 0.05331749277429964,
          "test_f1_mean": 0.44508142940640144,
          "test_f1_std": 0.0483386659853075,
          "test_kappa_mean": 0.25,
          "test_kappa_std": 0.07997623916144941,
          "confusion_matrix": [
            [
              17.916666666666668,
              47.08333333333333,
              35.00000000000001
            ],
            [
              30.833333333333332,
              42.08333333333332,
              27.083333333333332
            ],
            [
              4.583333333333333,
              5.416666666666666,
              89.99999999999999
            ]
          ]
        },
        {
          "participant": "3233",
          "train_size": 2,
          "n_seeds": 20,
          "n_train_samples_mean": 6.0,
          "n_test_samples_mean": 36.0,
          "test_acc_mean": 0.5819444444444445,
          "test_acc_std": 0.07457645186980455,
          "test_bal_acc_mean": 0.5819444444444446,
          "test_bal_acc_std": 0.07457645186980458,
          "test_f1_mean": 0.5668462350023177,
          "test_f1_std": 0.08348970292669017,
          "test_kappa_mean": 0.3729166666666667,
          "test_kappa_std": 0.11186467780470688,
          "confusion_matrix": [
            [
              62.083333333333336,
              29.166666666666668,
              8.749999999999998
            ],
            [
              15.833333333333329,
              75.83333333333334,
              8.333333333333332
            ],
            [
              10.833333333333336,
              52.5,
              36.66666666666667
            ]
          ]
        },
        {
          "participant": "3234",
          "train_size": 2,
          "n_seeds": 20,
          "n_train_samples_mean": 6.0,
          "n_test_samples_mean": 36.0,
          "test_acc_mean": 0.45,
          "test_acc_std": 0.05452256002479085,
          "test_bal_acc_mean": 0.45,
          "test_bal_acc_std": 0.05452256002479083,
          "test_f1_mean": 0.38042843593613973,
          "test_f1_std": 0.05608450294137782,
          "test_kappa_mean": 0.175,
          "test_kappa_std": 0.08178384003718628,
          "confusion_matrix": [
            [
              77.08333333333334,
              4.583333333333332,
              18.333333333333332
            ],
            [
              93.33333333333334,
              2.9166666666666656,
              3.7499999999999987
            ],
            [
              39.58333333333334,
              5.416666666666666,
              55.0
            ]
          ]
        },
        {
          "participant": "3235",
          "train_size": 2,
          "n_seeds": 20,
          "n_train_samples_mean": 6.0,
          "n_test_samples_mean": 36.0,
          "test_acc_mean": 0.648611111111111,
          "test_acc_std": 0.06760727763786704,
          "test_bal_acc_mean": 0.648611111111111,
          "test_bal_acc_std": 0.06760727763786704,
          "test_f1_mean": 0.6308595807244345,
          "test_f1_std": 0.07793986884263025,
          "test_kappa_mean": 0.4729166666666666,
          "test_kappa_std": 0.10141091645680059,
          "confusion_matrix": [
            [
              56.666666666666664,
              32.49999999999999,
              10.833333333333332
            ],
            [
              2.5,
              44.58333333333333,
              52.91666666666667
            ],
            [
              1.2499999999999998,
              5.416666666666666,
              93.33333333333334
            ]
          ]
        },
        {
          "participant": "3236",
          "train_size": 2,
          "n_seeds": 20,
          "n_train_samples_mean": 6.0,
          "n_test_samples_mean": 36.0,
          "test_acc_mean": 0.5472222222222223,
          "test_acc_std": 0.07652499835752519,
          "test_bal_acc_mean": 0.5472222222222223,
          "test_bal_acc_std": 0.07652499835752519,
          "test_f1_mean": 0.4998811972032101,
          "test_f1_std": 0.09751401461001942,
          "test_kappa_mean": 0.3208333333333333,
          "test_kappa_std": 0.11478749753628781,
          "confusion_matrix": [
            [
              24.166666666666664,
              19.166666666666664,
              56.66666666666667
            ],
            [
              1.6666666666666665,
              42.49999999999999,
              55.833333333333336
            ],
            [
              0.0,
              2.5,
              97.5
            ]
          ]
        },
        {
          "participant": "3237",
          "train_size": 2,
          "n_seeds": 20,
          "n_train_samples_mean": 6.0,
          "n_test_samples_mean": 36.0,
          "test_acc_mean": 0.5055555555555556,
          "test_acc_std": 0.06473818918074216,
          "test_bal_acc_mean": 0.5055555555555556,
          "test_bal_acc_std": 0.06473818918074215,
          "test_f1_mean": 0.45677000425197634,
          "test_f1_std": 0.07802688157586485,
          "test_kappa_mean": 0.25833333333333336,
          "test_kappa_std": 0.09710728377111323,
          "confusion_matrix": [
            [
              30.833333333333332,
              51.66666666666667,
              17.5
            ],
            [
              10.833333333333332,
              29.583333333333332,
              59.583333333333314
            ],
            [
              2.9166666666666665,
              5.833333333333334,
              91.25
            ]
          ]
        },
        {
          "participant": "3238",
          "train_size": 2,
          "n_seeds": 20,
          "n_train_samples_mean": 6.0,
          "n_test_samples_mean": 36.0,
          "test_acc_mean": 0.5625,
          "test_acc_std": 0.04672076368793801,
          "test_bal_acc_mean": 0.5625,
          "test_bal_acc_std": 0.04672076368793798,
          "test_f1_mean": 0.5333131388994461,
          "test_f1_std": 0.05467554619314753,
          "test_kappa_mean": 0.34375,
          "test_kappa_std": 0.070081145531907,
          "confusion_matrix": [
            [
              38.33333333333333,
              48.33333333333334,
              13.333333333333334
            ],
            [
              1.6666666666666665,
              35.41666666666667,
              62.91666666666667
            ],
            [
              0.8333333333333333,
              4.166666666666665,
              95.00000000000003
            ]
          ]
        },
        {
          "participant": "3239",
          "train_size": 2,
          "n_seeds": 20,
          "n_train_samples_mean": 6.0,
          "n_test_samples_mean": 36.0,
          "test_acc_mean": 0.5666666666666667,
          "test_acc_std": 0.08180866439351367,
          "test_bal_acc_mean": 0.5666666666666667,
          "test_bal_acc_std": 0.08180866439351368,
          "test_f1_mean": 0.5298787628697076,
          "test_f1_std": 0.09965072043077806,
          "test_kappa_mean": 0.35000000000000003,
          "test_kappa_std": 0.12271299659027049,
          "confusion_matrix": [
            [
              62.083333333333314,
              15.000000000000004,
              22.916666666666668
            ],
            [
              56.249999999999986,
              32.08333333333333,
              11.666666666666664
            ],
            [
              5.416666666666666,
              18.749999999999996,
              75.83333333333334
            ]
          ]
        },
        {
          "participant": "3240",
          "train_size": 2,
          "n_seeds": 20,
          "n_train_samples_mean": 6.0,
          "n_test_samples_mean": 36.0,
          "test_acc_mean": 0.7361111111111112,
          "test_acc_std": 0.06893084932237595,
          "test_bal_acc_mean": 0.736111111111111,
          "test_bal_acc_std": 0.0689308493223759,
          "test_f1_mean": 0.7237320096289003,
          "test_f1_std": 0.07571837365729199,
          "test_kappa_mean": 0.6041666666666666,
          "test_kappa_std": 0.10339627398356387,
          "confusion_matrix": [
            [
              68.75,
              13.75,
              17.5
            ],
            [
              17.083333333333332,
              57.083333333333336,
              25.833333333333325
            ],
            [
              2.083333333333333,
              2.9166666666666665,
              95.0
            ]
          ]
        },
        {
          "participant": "3241",
          "train_size": 2,
          "n_seeds": 20,
          "n_train_samples_mean": 6.0,
          "n_test_samples_mean": 36.0,
          "test_acc_mean": 0.5277777777777779,
          "test_acc_std": 0.0970654542263031,
          "test_bal_acc_mean": 0.5277777777777779,
          "test_bal_acc_std": 0.09706545422630311,
          "test_f1_mean": 0.4747843263673969,
          "test_f1_std": 0.08682001691096461,
          "test_kappa_mean": 0.2916666666666667,
          "test_kappa_std": 0.14559818133945465,
          "confusion_matrix": [
            [
              90.0,
              9.999999999999998,
              0.0
            ],
            [
              65.41666666666666,
              17.916666666666664,
              16.666666666666668
            ],
            [
              16.666666666666664,
              32.916666666666664,
              50.416666666666664
            ]
          ]
        },
        {
          "participant": "3242",
          "train_size": 2,
          "n_seeds": 20,
          "n_train_samples_mean": 6.0,
          "n_test_samples_mean": 36.0,
          "test_acc_mean": 0.4666666666666668,
          "test_acc_std": 0.06839855680567695,
          "test_bal_acc_mean": 0.4666666666666668,
          "test_bal_acc_std": 0.06839855680567693,
          "test_f1_mean": 0.42068136145876905,
          "test_f1_std": 0.09254655235057424,
          "test_kappa_mean": 0.2,
          "test_kappa_std": 0.10259783520851541,
          "confusion_matrix": [
            [
              23.333333333333332,
              35.83333333333333,
              40.83333333333333
            ],
            [
              0.8333333333333333,
              29.166666666666664,
              70.0
            ],
            [
              0.0,
              12.5,
              87.5
            ]
          ]
        },
        {
          "participant": "3243",
          "train_size": 2,
          "n_seeds": 20,
          "n_train_samples_mean": 6.0,
          "n_test_samples_mean": 36.0,
          "test_acc_mean": 0.5805555555555556,
          "test_acc_std": 0.06916610887771517,
          "test_bal_acc_mean": 0.5805555555555555,
          "test_bal_acc_std": 0.06916610887771517,
          "test_f1_mean": 0.576063452087471,
          "test_f1_std": 0.0672870470504257,
          "test_kappa_mean": 0.3708333333333333,
          "test_kappa_std": 0.10374916331657276,
          "confusion_matrix": [
            [
              69.16666666666666,
              27.083333333333332,
              3.7499999999999987
            ],
            [
              43.74999999999999,
              45.416666666666664,
              10.833333333333332
            ],
            [
              14.999999999999996,
              25.416666666666664,
              59.58333333333333
            ]
          ]
        },
        {
          "participant": "3244",
          "train_size": 2,
          "n_seeds": 20,
          "n_train_samples_mean": 6.0,
          "n_test_samples_mean": 36.0,
          "test_acc_mean": 0.6305555555555556,
          "test_acc_std": 0.05262751771205641,
          "test_bal_acc_mean": 0.6305555555555556,
          "test_bal_acc_std": 0.05262751771205643,
          "test_f1_mean": 0.6123197532769542,
          "test_f1_std": 0.05626981101148227,
          "test_kappa_mean": 0.4458333333333333,
          "test_kappa_std": 0.07894127656808465,
          "confusion_matrix": [
            [
              47.916666666666664,
              18.750000000000004,
              33.33333333333333
            ],
            [
              15.416666666666666,
              55.83333333333333,
              28.75
            ],
            [
              3.749999999999999,
              10.833333333333334,
              85.41666666666666
            ]
          ]
        },
        {
          "participant": "3245",
          "train_size": 2,
          "n_seeds": 20,
          "n_train_samples_mean": 6.0,
          "n_test_samples_mean": 36.0,
          "test_acc_mean": 0.698611111111111,
          "test_acc_std": 0.0519869966747634,
          "test_bal_acc_mean": 0.698611111111111,
          "test_bal_acc_std": 0.05198699667476337,
          "test_f1_mean": 0.6589271484302693,
          "test_f1_std": 0.07592959818173169,
          "test_kappa_mean": 0.5479166666666667,
          "test_kappa_std": 0.07798049501214505,
          "confusion_matrix": [
            [
              89.58333333333334,
              9.583333333333334,
              0.8333333333333333
            ],
            [
              0.41666666666666663,
              25.833333333333332,
              73.75000000000001
            ],
            [
              2.083333333333333,
              3.749999999999999,
              94.16666666666669
            ]
          ]
        },
        {
          "participant": "3246",
          "train_size": 2,
          "n_seeds": 20,
          "n_train_samples_mean": 6.0,
          "n_test_samples_mean": 36.0,
          "test_acc_mean": 0.6180555555555556,
          "test_acc_std": 0.07089135910195005,
          "test_bal_acc_mean": 0.6180555555555556,
          "test_bal_acc_std": 0.07089135910195002,
          "test_f1_mean": 0.5900065830181503,
          "test_f1_std": 0.08251680674765735,
          "test_kappa_mean": 0.42708333333333337,
          "test_kappa_std": 0.10633703865292511,
          "confusion_matrix": [
            [
              62.499999999999986,
              5.833333333333332,
              31.666666666666657
            ],
            [
              34.583333333333336,
              33.33333333333333,
              32.08333333333333
            ],
            [
              10.000000000000002,
              0.41666666666666663,
              89.58333333333334
            ]
          ]
        },
        {
          "participant": "3247",
          "train_size": 2,
          "n_seeds": 20,
          "n_train_samples_mean": 6.0,
          "n_test_samples_mean": 36.0,
          "test_acc_mean": 0.65,
          "test_acc_std": 0.07668403905216602,
          "test_bal_acc_mean": 0.6499999999999999,
          "test_bal_acc_std": 0.07668403905216604,
          "test_f1_mean": 0.6463540626419243,
          "test_f1_std": 0.08224125885360532,
          "test_kappa_mean": 0.475,
          "test_kappa_std": 0.11502605857824905,
          "confusion_matrix": [
            [
              57.916666666666664,
              41.666666666666664,
              0.41666666666666663
            ],
            [
              11.666666666666666,
              83.33333333333334,
              4.999999999999998
            ],
            [
              4.166666666666666,
              42.083333333333336,
              53.750000000000014
            ]
          ]
        },
        {
          "participant": "3248",
          "train_size": 2,
          "n_seeds": 20,
          "n_train_samples_mean": 6.0,
          "n_test_samples_mean": 36.0,
          "test_acc_mean": 0.7194444444444444,
          "test_acc_std": 0.07954345035153532,
          "test_bal_acc_mean": 0.7194444444444444,
          "test_bal_acc_std": 0.0795434503515353,
          "test_f1_mean": 0.7072395363461064,
          "test_f1_std": 0.08588488529144164,
          "test_kappa_mean": 0.5791666666666666,
          "test_kappa_std": 0.11931517552730293,
          "confusion_matrix": [
            [
              69.99999999999999,
              4.166666666666666,
              25.833333333333332
            ],
            [
              32.08333333333333,
              55.416666666666664,
              12.500000000000004
            ],
            [
              0.0,
              9.583333333333334,
              90.41666666666669
            ]
          ]
        },
        {
          "participant": "3250",
          "train_size": 2,
          "n_seeds": 20,
          "n_train_samples_mean": 6.0,
          "n_test_samples_mean": 36.0,
          "test_acc_mean": 0.540277777777778,
          "test_acc_std": 0.03873717272862268,
          "test_bal_acc_mean": 0.5402777777777779,
          "test_bal_acc_std": 0.038737172728622656,
          "test_f1_mean": 0.5146040058411594,
          "test_f1_std": 0.04801076755762082,
          "test_kappa_mean": 0.3104166666666667,
          "test_kappa_std": 0.05810575909293399,
          "confusion_matrix": [
            [
              40.83333333333333,
              11.249999999999998,
              47.916666666666664
            ],
            [
              2.4999999999999996,
              29.583333333333336,
              67.91666666666666
            ],
            [
              0.0,
              8.333333333333332,
              91.66666666666667
            ]
          ]
        }
      ]
    },
    {
      "aggregated": {
        "train_size": 3,
        "n_participants": 37,
        "n_seeds": 20,
        "test_acc_mean": 0.6627822627822628,
        "test_acc_std": 0.11185271322911207,
        "test_bal_acc_mean": 0.6582241332241332,
        "test_bal_acc_std": 0.11723462812059497,
        "test_f1_mean": 0.6396772380530678,
        "test_f1_std": 0.12056361527772845,
        "test_kappa_mean": 0.49033170165965045,
        "test_kappa_std": 0.17095209233834244,
        "confusion_matrix": [
          [
            67.34643734643737,
            19.324324324324323,
            13.329238329238327
          ],
          [
            20.42997542997543,
            47.18673218673219,
            32.38329238329238
          ],
          [
            3.4889434889434896,
            13.576986076986078,
            82.93407043407043
          ]
        ]
      },
      "per_participant": [
        {
          "participant": "3208",
          "train_size": 3,
          "n_seeds": 20,
          "n_train_samples_mean": 9.0,
          "n_test_samples_mean": 33.0,
          "test_acc_mean": 0.5136363636363634,
          "test_acc_std": 0.04556074780832192,
          "test_bal_acc_mean": 0.5136363636363634,
          "test_bal_acc_std": 0.045560747808321936,
          "test_f1_mean": 0.5168984247523529,
          "test_f1_std": 0.04127434463549974,
          "test_kappa_mean": 0.2704545454545455,
          "test_kappa_std": 0.0683411217124829,
          "confusion_matrix": [
            [
              60.45454545454545,
              39.0909090909091,
              0.4545454545454546
            ],
            [
              30.454545454545457,
              39.54545454545454,
              30.0
            ],
            [
              7.727272727272728,
              38.18181818181818,
              54.0909090909091
            ]
          ]
        },
        {
          "participant": "3209",
          "train_size": 3,
          "n_seeds": 20,
          "n_train_samples_mean": 9.0,
          "n_test_samples_mean": 33.0,
          "test_acc_mean": 0.4666666666666667,
          "test_acc_std": 0.05766382922348539,
          "test_bal_acc_mean": 0.4666666666666667,
          "test_bal_acc_std": 0.05766382922348538,
          "test_f1_mean": 0.45475760662923814,
          "test_f1_std": 0.0669104880608983,
          "test_kappa_mean": 0.19999999999999998,
