{
  "name": "perf_eye_gsr_ecg",
  "config": {
    "n_seeds": 20,
    "feature_selection": "backward",
    "use_pose_derivatives": true,
    "use_time_features": false,
    "include_order": false,
    "normalize_features": true,
    "class_config": "all",
    "use_pca": false,
    "pca_variance": 0.9,
    "write_cm": true,
    "tune_hyperparameters": false,
    "tune_n_iter": 30,
    "tune_cv_folds": 5,
    "name": "perf_eye_gsr_ecg",
    "feature_groups": [
      "performance",
      "eye_tracking",
      "gsr",
      "ecg"
    ],
    "split_strategy": "participant_specific",
    "sampling_strategy": "temporal_stratified"
  },
  "sampling_strategy": "temporal_stratified",
  "n_seeds": 20,
  "learning_curve": [
    {
      "aggregated": {
        "train_size": 2,
        "n_participants": 36,
        "n_seeds": 20,
        "test_acc_mean": 0.5243296583601125,
        "test_acc_std": 0.08825786964746027,
        "test_bal_acc_mean": 0.5224656285072952,
        "test_bal_acc_std": 0.09485313629199098,
        "test_f1_mean": 0.4912421514400266,
        "test_f1_std": 0.10040236426382416,
        "test_kappa_mean": 0.2789330948458571,
        "test_kappa_std": 0.13526922713320721,
        "confusion_matrix": [
          [
            56.57933501683502,
            25.646043771043768,
            17.774621212121215
          ],
          [
            24.613496071829402,
            51.57091750841751,
            23.815586419753085
          ],
          [
            17.89249639249639,
            33.518067580567575,
            48.589436026936035
          ]
        ]
      },
      "per_participant": [
        {
          "participant": "3208",
          "train_size": 2,
          "n_seeds": 20,
          "n_train_samples_mean": 6.0,
          "n_test_samples_mean": 36.0,
          "test_acc_mean": 0.4847222222222222,
          "test_acc_std": 0.06832429931249359,
          "test_bal_acc_mean": 0.4847222222222222,
          "test_bal_acc_std": 0.06832429931249359,
          "test_f1_mean": 0.4645069113846265,
          "test_f1_std": 0.09033898067395926,
          "test_kappa_mean": 0.22708333333333336,
          "test_kappa_std": 0.10248644896874036,
          "confusion_matrix": [
            [
              37.49999999999999,
              50.416666666666664,
              12.083333333333332
            ],
            [
              24.166666666666664,
              64.58333333333334,
              11.25
            ],
            [
              9.166666666666666,
              47.50000000000001,
              43.33333333333334
            ]
          ]
        },
        {
          "participant": "3209",
          "train_size": 2,
          "n_seeds": 20,
          "n_train_samples_mean": 6.0,
          "n_test_samples_mean": 35.0,
          "test_acc_mean": 0.5028571428571429,
          "test_acc_std": 0.07553603645570213,
          "test_bal_acc_mean": 0.49053030303030304,
          "test_bal_acc_std": 0.07411326905536753,
          "test_f1_mean": 0.4404938371411631,
          "test_f1_std": 0.08449383545232755,
          "test_kappa_mean": 0.24606673483938338,
          "test_kappa_std": 0.11508143307845335,
          "confusion_matrix": [
            [
              68.75,
              15.0,
              16.249999999999996
            ],
            [
              25.416666666666664,
              72.5,
              2.083333333333333
            ],
            [
              64.0909090909091,
              30.0,
              5.90909090909091
            ]
          ]
        },
        {
          "participant": "3214",
          "train_size": 2,
          "n_seeds": 20,
          "n_train_samples_mean": 6.0,
          "n_test_samples_mean": 36.0,
          "test_acc_mean": 0.5208333333333335,
          "test_acc_std": 0.05901165070372485,
          "test_bal_acc_mean": 0.5208333333333335,
          "test_bal_acc_std": 0.059011650703724834,
          "test_f1_mean": 0.49973507227553987,
          "test_f1_std": 0.06242300213724651,
          "test_kappa_mean": 0.28125000000000006,
          "test_kappa_std": 0.08851747605558723,
          "confusion_matrix": [
            [
              72.08333333333334,
              21.666666666666664,
              6.249999999999998
            ],
            [
              39.166666666666664,
              32.91666666666667,
              27.916666666666668
            ],
            [
              7.499999999999998,
              41.25,
              51.25
            ]
          ]
        },
        {
          "participant": "3215",
          "train_size": 2,
          "n_seeds": 20,
          "n_train_samples_mean": 6.0,
          "n_test_samples_mean": 36.0,
          "test_acc_mean": 0.3444444444444445,
          "test_acc_std": 0.10291400802336578,
          "test_bal_acc_mean": 0.3444444444444445,
          "test_bal_acc_std": 0.1029140080233658,
          "test_f1_mean": 0.3423251444107576,
          "test_f1_std": 0.09836324513109995,
          "test_kappa_mean": 0.016666666666666646,
          "test_kappa_std": 0.1543710120350487,
          "confusion_matrix": [
            [
              47.083333333333336,
              27.916666666666668,
              24.999999999999996
            ],
            [
              6.666666666666666,
              31.666666666666664,
              61.666666666666664
            ],
            [
              2.4999999999999996,
              72.91666666666666,
              24.583333333333332
            ]
          ]
        },
        {
          "participant": "3216",
          "train_size": 2,
          "n_seeds": 20,
          "n_train_samples_mean": 6.0,
          "n_test_samples_mean": 34.0,
          "test_acc_mean": 0.65,
          "test_acc_std": 0.07261035535130858,
          "test_bal_acc_mean": 0.6622222222222222,
          "test_bal_acc_std": 0.07063252696985185,
          "test_f1_mean": 0.6231288432142488,
          "test_f1_std": 0.09299349553921642,
          "test_kappa_mean": 0.4789389755577318,
          "test_kappa_std": 0.1065370762497284,
          "confusion_matrix": [
            [
              63.33333333333335,
              20.833333333333332,
              15.833333333333334
            ],
            [
              22.499999999999996,
              48.333333333333336,
              29.166666666666664
            ],
            [
              3.5,
              9.5,
              87.0
            ]
          ]
        },
        {
          "participant": "3217",
          "train_size": 2,
          "n_seeds": 20,
          "n_train_samples_mean": 6.0,
          "n_test_samples_mean": 36.0,
          "test_acc_mean": 0.47916666666666663,
          "test_acc_std": 0.06170300809990547,
          "test_bal_acc_mean": 0.47916666666666663,
          "test_bal_acc_std": 0.06170300809990544,
          "test_f1_mean": 0.4272381285564898,
          "test_f1_std": 0.07849854432324846,
          "test_kappa_mean": 0.21874999999999994,
          "test_kappa_std": 0.09255451214985823,
          "confusion_matrix": [
            [
              85.41666666666666,
              10.833333333333332,
              3.75
            ],
            [
              55.41666666666667,
              14.166666666666663,
              30.416666666666668
            ],
            [
              29.583333333333332,
              26.250000000000007,
              44.16666666666667
            ]
          ]
        },
        {
          "participant": "3218",
          "train_size": 2,
          "n_seeds": 20,
          "n_train_samples_mean": 6.0,
          "n_test_samples_mean": 36.0,
          "test_acc_mean": 0.5888888888888888,
          "test_acc_std": 0.07354832917984062,
          "test_bal_acc_mean": 0.5888888888888888,
          "test_bal_acc_std": 0.07354832917984064,
          "test_f1_mean": 0.574749934313656,
          "test_f1_std": 0.07130831040270648,
          "test_kappa_mean": 0.3833333333333333,
          "test_kappa_std": 0.11032249376976098,
          "confusion_matrix": [
            [
              73.33333333333331,
              19.166666666666668,
              7.499999999999998
            ],
            [
              19.999999999999993,
              56.666666666666664,
              23.333333333333336
            ],
            [
              9.166666666666666,
              44.16666666666667,
              46.666666666666664
            ]
          ]
        },
        {
          "participant": "3219",
          "train_size": 2,
          "n_seeds": 20,
          "n_train_samples_mean": 6.0,
          "n_test_samples_mean": 29.0,
          "test_acc_mean": 0.6137931034482758,
          "test_acc_std": 0.05434958107947672,
          "test_bal_acc_mean": 0.5696969696969696,
          "test_bal_acc_std": 0.06513071459485746,
          "test_f1_mean": 0.573340470815726,
          "test_f1_std": 0.06950718827535293,
          "test_kappa_mean": 0.3956263166156328,
          "test_kappa_std": 0.09241382553674735,
          "confusion_matrix": [
            [
              100.0,
              0.0,
              0.0
            ],
            [
              32.72727272727273,
              45.90909090909092,
              21.36363636363636
            ],
            [
              52.857142857142854,
              22.142857142857135,
              24.999999999999993
            ]
          ]
        },
        {
          "participant": "3220",
          "train_size": 2,
          "n_seeds": 20,
          "n_train_samples_mean": 6.0,
          "n_test_samples_mean": 36.0,
          "test_acc_mean": 0.5055555555555556,
          "test_acc_std": 0.07572478468074222,
          "test_bal_acc_mean": 0.5055555555555556,
          "test_bal_acc_std": 0.0757247846807422,
          "test_f1_mean": 0.47564273140080005,
          "test_f1_std": 0.08230885475417353,
          "test_kappa_mean": 0.25833333333333336,
          "test_kappa_std": 0.11358717702111332,
          "confusion_matrix": [
            [
              59.16666666666665,
              32.08333333333333,
              8.749999999999998
            ],
            [
              28.750000000000007,
              52.5,
              18.75
            ],
            [
              19.999999999999996,
              40.00000000000001,
              40.0
            ]
          ]
        },
        {
          "participant": "3221",
          "train_size": 2,
          "n_seeds": 20,
          "n_train_samples_mean": 6.0,
          "n_test_samples_mean": 36.0,
          "test_acc_mean": 0.4097222222222222,
          "test_acc_std": 0.09403721976140535,
          "test_bal_acc_mean": 0.4097222222222222,
          "test_bal_acc_std": 0.09403721976140535,
          "test_f1_mean": 0.2877017053263052,
          "test_f1_std": 0.11997836257908771,
          "test_kappa_mean": 0.11458333333333333,
          "test_kappa_std": 0.141055829642108,
          "confusion_matrix": [
            [
              29.583333333333332,
              70.41666666666666,
              0.0
            ],
            [
              6.666666666666666,
              92.08333333333333,
              1.2499999999999998
            ],
            [
              9.166666666666664,
              89.58333333333334,
              1.2499999999999998
            ]
          ]
        },
        {
          "participant": "3223",
          "train_size": 2,
          "n_seeds": 20,
          "n_train_samples_mean": 6.0,
          "n_test_samples_mean": 36.0,
          "test_acc_mean": 0.7555555555555555,
          "test_acc_std": 0.07518657754210607,
          "test_bal_acc_mean": 0.7555555555555554,
          "test_bal_acc_std": 0.07518657754210605,
          "test_f1_mean": 0.7406203098133904,
          "test_f1_std": 0.08956884929991264,
          "test_kappa_mean": 0.6333333333333333,
          "test_kappa_std": 0.11277986631315907,
          "confusion_matrix": [
            [
              89.58333333333331,
              0.8333333333333333,
              9.583333333333332
            ],
            [
              0.8333333333333333,
              82.5,
              16.666666666666668
            ],
            [
              6.25,
              39.166666666666664,
              54.583333333333336
            ]
          ]
        },
        {
          "participant": "3224",
          "train_size": 2,
          "n_seeds": 20,
          "n_train_samples_mean": 6.0,
          "n_test_samples_mean": 21.0,
          "test_acc_mean": 0.6476190476190475,
          "test_acc_std": 0.13236310079595928,
          "test_bal_acc_mean": 0.7343434343434344,
          "test_bal_acc_std": 0.1169067217573235,
          "test_f1_mean": 0.6618747779046449,
          "test_f1_std": 0.11528914015754475,
          "test_kappa_mean": 0.42385628008147797,
          "test_kappa_std": 0.17909484661659777,
          "confusion_matrix": [
            [
              95.0,
              5.0,
              0.0
            ],
            [
              18.636363636363633,
              68.63636363636364,
              12.72727272727273
            ],
            [
              13.333333333333334,
              30.0,
              56.666666666666664
            ]
          ]
        },
        {
          "participant": "3225",
          "train_size": 2,
          "n_seeds": 20,
          "n_train_samples_mean": 6.0,
          "n_test_samples_mean": 36.0,
          "test_acc_mean": 0.44027777777777766,
          "test_acc_std": 0.07112013374777564,
          "test_bal_acc_mean": 0.44027777777777777,
          "test_bal_acc_std": 0.07112013374777564,
          "test_f1_mean": 0.38338625323791914,
          "test_f1_std": 0.10394621542221423,
          "test_kappa_mean": 0.16041666666666665,
          "test_kappa_std": 0.10668020062166345,
          "confusion_matrix": [
            [
              28.333333333333336,
              66.25,
              5.416666666666665
            ],
            [
              13.75,
              70.83333333333333,
              15.416666666666668
            ],
            [
              6.249999999999999,
              60.83333333333333,
              32.916666666666664
            ]
          ]
        },
        {
          "participant": "3226",
          "train_size": 2,
          "n_seeds": 20,
          "n_train_samples_mean": 6.0,
          "n_test_samples_mean": 36.0,
          "test_acc_mean": 0.6569444444444443,
          "test_acc_std": 0.0453086663196426,
          "test_bal_acc_mean": 0.6569444444444443,
          "test_bal_acc_std": 0.045308666319642615,
          "test_f1_mean": 0.6063845378389285,
          "test_f1_std": 0.06789836472853757,
          "test_kappa_mean": 0.4854166666666666,
          "test_kappa_std": 0.06796299947946394,
          "confusion_matrix": [
            [
              98.33333333333334,
              1.2499999999999998,
              0.41666666666666663
            ],
            [
              2.083333333333333,
              73.74999999999999,
              24.16666666666667
            ],
            [
              7.499999999999998,
              67.5,
              25.0
            ]
          ]
        },
        {
          "participant": "3227",
          "train_size": 2,
          "n_seeds": 20,
          "n_train_samples_mean": 6.0,
          "n_test_samples_mean": 36.0,
          "test_acc_mean": 0.5763888888888888,
          "test_acc_std": 0.10111263735111829,
          "test_bal_acc_mean": 0.5763888888888888,
          "test_bal_acc_std": 0.1011126373511183,
          "test_f1_mean": 0.5518331826221345,
          "test_f1_std": 0.11590566811906795,
          "test_kappa_mean": 0.3645833333333333,
          "test_kappa_std": 0.15166895602667746,
          "confusion_matrix": [
            [
              54.166666666666664,
              45.83333333333333,
              0.0
            ],
            [
              30.0,
              54.166666666666664,
              15.833333333333334
            ],
            [
              16.249999999999996,
              19.166666666666664,
              64.58333333333334
            ]
          ]
        },
        {
          "participant": "3228",
          "train_size": 2,
          "n_seeds": 20,
          "n_train_samples_mean": 6.0,
          "n_test_samples_mean": 27.0,
          "test_acc_mean": 0.4648148148148148,
          "test_acc_std": 0.07453559924999299,
          "test_bal_acc_mean": 0.4027777777777778,
          "test_bal_acc_std": 0.12141546606429567,
          "test_f1_mean": 0.41126977160611966,
          "test_f1_std": 0.0784963625268366,
          "test_kappa_mean": 0.05377116096207214,
          "test_kappa_std": 0.1404498048236616,
          "confusion_matrix": [
            [
              21.666666666666664,
              56.666666666666664,
              21.66666666666666
            ],
            [
              0.41666666666666663,
              38.75000000000001,
              60.83333333333333
            ],
            [
              1.6666666666666665,
              37.916666666666664,
              60.416666666666664
            ]
          ]
        },
        {
          "participant": "3229",
          "train_size": 2,
          "n_seeds": 20,
          "n_train_samples_mean": 6.0,
          "n_test_samples_mean": 36.0,
          "test_acc_mean": 0.5347222222222222,
          "test_acc_std": 0.08638421133986764,
          "test_bal_acc_mean": 0.5347222222222222,
          "test_bal_acc_std": 0.08638421133986764,
          "test_f1_mean": 0.5075902939580234,
          "test_f1_std": 0.1063231058367466,
          "test_kappa_mean": 0.30208333333333337,
          "test_kappa_std": 0.12957631700980146,
          "confusion_matrix": [
            [
              34.99999999999999,
              47.50000000000001,
              17.5
            ],
            [
              12.083333333333332,
              72.49999999999999,
              15.416666666666668
            ],
            [
              5.83333333333333,
              41.24999999999999,
              52.91666666666667
            ]
          ]
        },
        {
          "participant": "3230",
          "train_size": 2,
          "n_seeds": 20,
          "n_train_samples_mean": 6.0,
          "n_test_samples_mean": 36.0,
          "test_acc_mean": 0.5444444444444445,
          "test_acc_std": 0.0717596522657917,
          "test_bal_acc_mean": 0.5444444444444445,
          "test_bal_acc_std": 0.07175965226579169,
          "test_f1_mean": 0.4792478043792478,
          "test_f1_std": 0.07396027057897299,
          "test_kappa_mean": 0.31666666666666665,
          "test_kappa_std": 0.10763947839868755,
          "confusion_matrix": [
            [
              35.416666666666664,
              15.0,
              49.58333333333334
            ],
            [
              30.833333333333336,
              37.916666666666664,
              31.25
            ],
            [
              7.916666666666666,
              2.083333333333333,
              90.0
            ]
          ]
        },
        {
          "participant": "3232",
          "train_size": 2,
          "n_seeds": 20,
          "n_train_samples_mean": 6.0,
          "n_test_samples_mean": 36.0,
          "test_acc_mean": 0.4777777777777777,
          "test_acc_std": 0.06282808624375433,
          "test_bal_acc_mean": 0.4777777777777777,
          "test_bal_acc_std": 0.06282808624375433,
          "test_f1_mean": 0.4694078810430694,
          "test_f1_std": 0.059149654876436225,
          "test_kappa_mean": 0.2166666666666667,
          "test_kappa_std": 0.09424212936563149,
          "confusion_matrix": [
            [
              47.49999999999999,
              34.99999999999999,
              17.500000000000004
            ],
            [
              52.083333333333336,
              38.33333333333334,
              9.583333333333332
            ],
            [
              21.25,
              21.249999999999996,
              57.5
            ]
          ]
        },
        {
          "participant": "3233",
          "train_size": 2,
          "n_seeds": 20,
          "n_train_samples_mean": 6.0,
          "n_test_samples_mean": 36.0,
          "test_acc_mean": 0.5250000000000001,
          "test_acc_std": 0.05399865230672125,
          "test_bal_acc_mean": 0.5250000000000001,
          "test_bal_acc_std": 0.05399865230672125,
          "test_f1_mean": 0.5111922369818321,
          "test_f1_std": 0.06068649619451689,
          "test_kappa_mean": 0.28750000000000003,
          "test_kappa_std": 0.08099797846008186,
          "confusion_matrix": [
            [
              47.5,
              21.249999999999993,
              31.250000000000007
            ],
            [
              32.08333333333333,
              55.0,
              12.916666666666668
            ],
            [
              11.25,
              33.75,
              54.999999999999986
            ]
          ]
        },
        {
          "participant": "3234",
          "train_size": 2,
          "n_seeds": 20,
          "n_train_samples_mean": 6.0,
          "n_test_samples_mean": 36.0,
          "test_acc_mean": 0.40972222222222215,
          "test_acc_std": 0.06736657450563878,
          "test_bal_acc_mean": 0.4097222222222222,
          "test_bal_acc_std": 0.0673665745056388,
          "test_f1_mean": 0.3612393011312291,
          "test_f1_std": 0.10347359798421653,
          "test_kappa_mean": 0.1145833333333333,
          "test_kappa_std": 0.1010498617584582,
          "confusion_matrix": [
            [
              58.750000000000014,
              0.0,
              41.25
            ],
            [
              57.5,
              16.666666666666664,
              25.833333333333332
            ],
            [
              49.583333333333336,
              2.9166666666666665,
              47.5
            ]
          ]
        },
        {
          "participant": "3235",
          "train_size": 2,
          "n_seeds": 20,
          "n_train_samples_mean": 6.0,
          "n_test_samples_mean": 35.0,
          "test_acc_mean": 0.47285714285714286,
          "test_acc_std": 0.04491309187416403,
          "test_bal_acc_mean": 0.4813131313131313,
          "test_bal_acc_std": 0.04426799102998089,
          "test_f1_mean": 0.4307900090144462,
          "test_f1_std": 0.056473318673387625,
          "test_kappa_mean": 0.21614450088172993,
          "test_kappa_std": 0.06590417859226866,
          "confusion_matrix": [
            [
              77.72727272727273,
              21.363636363636353,
              0.9090909090909092
            ],
            [
              48.750000000000014,
              48.333333333333336,
              2.9166666666666656
            ],
            [
              36.25000000000001,
              45.416666666666664,
              18.333333333333332
            ]
          ]
        },
        {
          "participant": "3236",
          "train_size": 2,
          "n_seeds": 20,
          "n_train_samples_mean": 6.0,
          "n_test_samples_mean": 28.0,
          "test_acc_mean": 0.5446428571428572,
          "test_acc_std": 0.06940266077974439,
          "test_bal_acc_mean": 0.4708333333333332,
          "test_bal_acc_std": 0.07123424554799061,
          "test_f1_mean": 0.515899462790219,
          "test_f1_std": 0.08425537660647862,
          "test_kappa_mean": 0.24705528602047547,
          "test_kappa_std": 0.11697094000767741,
          "confusion_matrix": [
            [
              35.41666666666667,
              5.416666666666667,
              59.16666666666667
            ],
            [
              0.0,
              21.25,
              78.75
            ],
            [
              0.0,
              15.416666666666663,
              84.58333333333333
            ]
          ]
        },
        {
          "participant": "3237",
          "train_size": 2,
          "n_seeds": 20,
          "n_train_samples_mean": 6.0,
          "n_test_samples_mean": 33.0,
          "test_acc_mean": 0.5181818181818182,
          "test_acc_std": 0.07609176687480212,
          "test_bal_acc_mean": 0.5222222222222221,
          "test_bal_acc_std": 0.06666125167525402,
          "test_f1_mean": 0.49242238250051074,
          "test_f1_std": 0.09377650740181064,
          "test_kappa_mean": 0.27961357167338813,
          "test_kappa_std": 0.10674380276447532,
          "confusion_matrix": [
            [
              58.33333333333333,
              25.833333333333332,
              15.833333333333334
            ],
            [
              15.555555555555557,
              56.66666666666665,
              27.77777777777778
            ],
            [
              30.416666666666657,
              27.916666666666657,
              41.66666666666666
            ]
          ]
        },
        {
          "participant": "3238",
          "train_size": 2,
          "n_seeds": 20,
          "n_train_samples_mean": 6.0,
          "n_test_samples_mean": 36.0,
          "test_acc_mean": 0.4930555555555555,
          "test_acc_std": 0.06553312630475411,
          "test_bal_acc_mean": 0.49305555555555564,
          "test_bal_acc_std": 0.0655331263047541,
          "test_f1_mean": 0.4442843173373399,
          "test_f1_std": 0.08991987960040937,
          "test_kappa_mean": 0.23958333333333334,
          "test_kappa_std": 0.09829968945713115,
          "confusion_matrix": [
            [
              23.75,
              53.749999999999986,
              22.499999999999996
            ],
            [
              2.9166666666666665,
              40.0,
              57.08333333333335
            ],
            [
              2.083333333333333,
              13.749999999999996,
              84.16666666666666
            ]
          ]
        },
        {
          "participant": "3239",
          "train_size": 2,
          "n_seeds": 20,
          "n_train_samples_mean": 6.0,
          "n_test_samples_mean": 35.0,
          "test_acc_mean": 0.53,
          "test_acc_std": 0.09152016089159841,
          "test_bal_acc_mean": 0.5330808080808079,
          "test_bal_acc_std": 0.08767621338116754,
          "test_f1_mean": 0.5143190702659538,
          "test_f1_std": 0.10206487496907016,
          "test_kappa_mean": 0.3004750103053524,
          "test_kappa_std": 0.1327134759179608,
          "confusion_matrix": [
            [
              57.91666666666667,
              39.16666666666667,
              2.9166666666666656
            ],
            [
              35.0,
              64.0909090909091,
              0.9090909090909092
            ],
            [
              15.833333333333332,
              46.24999999999999,
              37.916666666666664
            ]
          ]
        },
        {
          "participant": "3240",
          "train_size": 2,
          "n_seeds": 20,
          "n_train_samples_mean": 6.0,
          "n_test_samples_mean": 34.0,
          "test_acc_mean": 0.5088235294117648,
          "test_acc_std": 0.08698808941385322,
          "test_bal_acc_mean": 0.5055555555555555,
          "test_bal_acc_std": 0.08632873123717186,
          "test_f1_mean": 0.4584044030384106,
          "test_f1_std": 0.1167732439575619,
          "test_kappa_mean": 0.26046606056331656,
          "test_kappa_std": 0.13036686276079537,
          "confusion_matrix": [
            [
              67.27272727272728,
              29.090909090909093,
              3.6363636363636367
            ],
            [
              35.0,
              61.66666666666667,
              3.333333333333333
            ],
            [
              43.18181818181819,
              34.090909090909086,
              22.727272727272723
            ]
          ]
        },
        {
          "participant": "3241",
          "train_size": 2,
          "n_seeds": 20,
          "n_train_samples_mean": 6.0,
          "n_test_samples_mean": 36.0,
          "test_acc_mean": 0.3361111111111111,
          "test_acc_std": 0.06798167012058959,
          "test_bal_acc_mean": 0.3361111111111111,
          "test_bal_acc_std": 0.06798167012058962,
          "test_f1_mean": 0.28484671047811483,
          "test_f1_std": 0.08162189940475074,
          "test_kappa_mean": 0.004166666666666652,
          "test_kappa_std": 0.1019725051808844,
          "confusion_matrix": [
            [
              43.33333333333333,
              38.75,
              17.916666666666664
            ],
            [
              55.833333333333336,
              37.49999999999999,
              6.666666666666666
            ],
            [
              29.583333333333336,
              50.41666666666667,
              19.999999999999993
            ]
          ]
        },
        {
          "participant": "3242",
          "train_size": 2,
          "n_seeds": 20,
          "n_train_samples_mean": 6.0,
          "n_test_samples_mean": 36.0,
          "test_acc_mean": 0.5625,
          "test_acc_std": 0.067966734017999,
          "test_bal_acc_mean": 0.5625,
          "test_bal_acc_std": 0.06796673401799903,
          "test_f1_mean": 0.541755869375908,
          "test_f1_std": 0.08698836670563473,
          "test_kappa_mean": 0.34374999999999994,
          "test_kappa_std": 0.10195010102699853,
          "confusion_matrix": [
            [
              41.66666666666667,
              16.666666666666664,
              41.66666666666666
            ],
            [
              12.5,
              47.49999999999999,
              40.0
            ],
            [
              4.583333333333333,
              15.833333333333332,
              79.58333333333334
            ]
          ]
        },
        {
          "participant": "3243",
          "train_size": 2,
          "n_seeds": 20,
          "n_train_samples_mean": 6.0,
          "n_test_samples_mean": 35.0,
          "test_acc_mean": 0.6299999999999999,
          "test_acc_std": 0.07557868407542949,
          "test_bal_acc_mean": 0.6347222222222222,
          "test_bal_acc_std": 0.0730707074749062,
          "test_f1_mean": 0.6180329102663167,
          "test_f1_std": 0.08548763981777019,
          "test_kappa_mean": 0.4476922959065117,
          "test_kappa_std": 0.11078321275484071,
          "confusion_matrix": [
            [
              80.00000000000001,
              16.81818181818182,
              3.181818181818182
            ],
            [
              39.16666666666666,
              55.0,
              5.833333333333332
            ],
            [
              14.166666666666668,
              30.416666666666668,
              55.416666666666686
            ]
          ]
        },
        {
          "participant": "3244",
          "train_size": 2,
          "n_seeds": 20,
          "n_train_samples_mean": 6.0,
          "n_test_samples_mean": 36.0,
          "test_acc_mean": 0.5097222222222223,
          "test_acc_std": 0.06196571501690961,
          "test_bal_acc_mean": 0.5097222222222223,
          "test_bal_acc_std": 0.061965715016909596,
          "test_f1_mean": 0.4820971213326003,
          "test_f1_std": 0.0826273038199133,
          "test_kappa_mean": 0.2645833333333334,
          "test_kappa_std": 0.0929485725253644,
          "confusion_matrix": [
            [
              46.25,
              12.916666666666666,
              40.83333333333333
            ],
            [
              26.666666666666668,
              58.333333333333336,
              15.0
            ],
            [
              26.25,
              25.416666666666664,
              48.33333333333334
            ]
          ]
        },
        {
          "participant": "3245",
          "train_size": 2,
          "n_seeds": 20,
          "n_train_samples_mean": 6.0,
          "n_test_samples_mean": 34.0,
          "test_acc_mean": 0.6602941176470588,
          "test_acc_std": 0.060708948250993114,
          "test_bal_acc_mean": 0.6647222222222222,
          "test_bal_acc_std": 0.0631446610025377,
          "test_f1_mean": 0.6640524175449553,
          "test_f1_std": 0.06047339914882082,
          "test_kappa_mean": 0.49414657060044054,
          "test_kappa_std": 0.09120318039072388,
          "confusion_matrix": [
            [
              62.08333333333333,
              13.750000000000004,
              24.166666666666664
            ],
            [
              3.749999999999999,
              63.33333333333335,
              32.91666666666667
            ],
            [
              3.0,
              23.0,
              74.0
            ]
          ]
        },
        {
          "participant": "3246",
          "train_size": 2,
          "n_seeds": 20,
          "n_train_samples_mean": 6.0,
          "n_test_samples_mean": 36.0,
          "test_acc_mean": 0.48611111111111105,
          "test_acc_std": 0.06893084932237593,
          "test_bal_acc_mean": 0.48611111111111116,
          "test_bal_acc_std": 0.06893084932237593,
          "test_f1_mean": 0.4734039839872605,
          "test_f1_std": 0.07817121967714298,
          "test_kappa_mean": 0.22916666666666666,
          "test_kappa_std": 0.10339627398356391,
          "confusion_matrix": [
            [
              50.41666666666667,
              4.999999999999998,
              44.58333333333333
            ],
            [
              43.74999999999999,
              43.33333333333333,
              12.916666666666666
            ],
            [
              39.16666666666667,
              8.749999999999998,
              52.08333333333333
            ]
          ]
        },
        {
          "participant": "3247",
          "train_size": 2,
          "n_seeds": 20,
          "n_train_samples_mean": 6.0,
          "n_test_samples_mean": 36.0,
          "test_acc_mean": 0.473611111111111,
          "test_acc_std": 0.048928579051033316,
          "test_bal_acc_mean": 0.4736111111111111,
          "test_bal_acc_std": 0.048928579051033316,
          "test_f1_mean": 0.45017094878204134,
          "test_f1_std": 0.06172939922420925,
          "test_kappa_mean": 0.21041666666666664,
          "test_kappa_std": 0.07339286857654997,
          "confusion_matrix": [
            [
              44.99999999999999,
              51.666666666666664,
              3.333333333333333
            ],
            [
              30.416666666666668,
              69.16666666666667,
              0.41666666666666663
            ],
            [
              21.249999999999996,
              50.83333333333333,
              27.916666666666675
            ]
          ]
        },
        {
          "participant": "3248",
          "train_size": 2,
          "n_seeds": 20,
          "n_train_samples_mean": 6.0,
          "n_test_samples_mean": 35.0,
          "test_acc_mean": 0.5514285714285714,
          "test_acc_std": 0.09134394579796737,
          "test_bal_acc_mean": 0.5561868686868687,
          "test_bal_acc_std": 0.09420481715763732,
          "test_f1_mean": 0.49827947003554424,
          "test_f1_std": 0.10016056569908661,
          "test_kappa_mean": 0.32690531711000875,
          "test_kappa_std": 0.13889443115796477,
          "confusion_matrix": [
            [
              72.27272727272728,
              1.8181818181818183,
              25.9090909090909
            ],
            [
              17.916666666666664,
              18.75,
              63.33333333333335
            ],
            [
              13.75,
              10.416666666666666,
              75.83333333333334
            ]
          ]
        },
        {
          "participant": "3250",
          "train_size": 2,
          "n_seeds": 20,
          "n_train_samples_mean": 6.0,
          "n_test_samples_mean": 36.0,
          "test_acc_mean": 0.4652777777777778,
          "test_acc_std": 0.08778323693143152,
          "test_bal_acc_mean": 0.46527777777777785,
          "test_bal_acc_std": 0.08778323693143153,
          "test_f1_mean": 0.4230492457354845,
          "test_f1_std": 0.10764108021573911,
          "test_kappa_mean": 0.19791666666666669,
          "test_kappa_std": 0.1316748553971473,
          "confusion_matrix": [
            [
              27.916666666666664,
              28.333333333333325,
              43.74999999999999
            ],
            [
              7.083333333333333,
              51.25,
              41.66666666666667
            ],
            [
              10.0,
              29.583333333333332,
              60.41666666666667
            ]
          ]
        }
      ]
    },
    {
      "aggregated": {
        "train_size": 3,
        "n_participants": 35,
        "n_seeds": 20,
        "test_acc_mean": 0.6057333099696003,
        "test_acc_std": 0.1137269842964417,
        "test_bal_acc_mean": 0.6029117364117363,
        "test_bal_acc_std": 0.11733918577469082,
        "test_f1_mean": 0.587983555317938,
        "test_f1_std": 0.12223403077055645,
        "test_kappa_mean": 0.4039214195378721,
        "test_kappa_std": 0.17373972763253462,
        "confusion_matrix": [
          [
            62.37402597402597,
            22.001298701298698,
            15.624675324675325
          ],
          [
            22.050649350649355,
            51.95476190476191,
            25.994588744588743
          ],
          [
            11.640115440115443,
            21.815151515151527,
            66.54473304473302
          ]
        ]
      },
      "per_participant": [
        {
          "participant": "3208",
          "train_size": 3,
          "n_seeds": 20,
          "n_train_samples_mean": 9.0,
          "n_test_samples_mean": 33.0,
          "test_acc_mean": 0.603030303030303,
          "test_acc_std": 0.021763177165442644,
          "test_bal_acc_mean": 0.603030303030303,
          "test_bal_acc_std": 0.021763177165442644,
          "test_f1_mean": 0.6062480571058442,
          "test_f1_std": 0.024015846061982867,
          "test_kappa_mean": 0.4045454545454545,
          "test_kappa_std": 0.03264476574816401,
          "confusion_matrix": [
            [
              72.72727272727273,
              27.272727272727263,
              0.0
            ],
            [
              36.81818181818183,
              60.000000000000014,
              3.1818181818181825
            ],
            [
              15.454545454545453,
              36.36363636363637,
              48.18181818181818
            ]
          ]
        },
        {
          "participant": "3209",
          "train_size": 3,
          "n_seeds": 20,
          "n_train_samples_mean": 9.0,
          "n_test_samples_mean": 32.0,
          "test_acc_mean": 0.5734375,
          "test_acc_std": 0.07260074103398816,
          "test_bal_acc_mean": 0.5663636363636363,
          "test_bal_acc_std": 0.07167567743306553,
          "test_f1_mean": 0.5688261986797425,
          "test_f1_std": 0.07025881650298721,
          "test_kappa_mean": 0.35618226699913275,
          "test_kappa_std": 0.10970807440601552,
          "confusion_matrix": [
            [
              73.63636363636365,
              0.0,
              26.363636363636356
            ],
            [
              35.909090909090914,
              62.272727272727266,
              1.8181818181818183
            ],
            [
              54.0,
              12.0,
              34.0
            ]
          ]
        },
        {
          "participant": "3214",
          "train_size": 3,
          "n_seeds": 20,
          "n_train_samples_mean": 9.0,
          "n_test_samples_mean": 33.0,
          "test_acc_mean": 0.5575757575757575,
          "test_acc_std": 0.05509206884380108,
          "test_bal_acc_mean": 0.5575757575757575,
          "test_bal_acc_std": 0.05509206884380108,
          "test_f1_mean": 0.5293056471420292,
          "test_f1_std": 0.04819354114239668,
