{
  "name": "pose_perf_gsr_ecg",
  "config": {
    "n_seeds": 20,
    "feature_selection": "backward",
    "use_pose_derivatives": true,
    "use_time_features": false,
    "include_order": false,
    "normalize_features": true,
    "class_config": "all",
    "use_pca": false,
    "pca_variance": 0.9,
    "write_cm": true,
    "tune_hyperparameters": false,
    "tune_n_iter": 30,
    "tune_cv_folds": 5,
    "name": "pose_perf_gsr_ecg",
    "feature_groups": [
      "pose",
      "performance",
      "gsr",
      "ecg"
    ],
    "split_strategy": "participant_specific",
    "sampling_strategy": "temporal_stratified"
  },
  "sampling_strategy": "temporal_stratified",
  "n_seeds": 20,
  "learning_curve": [
    {
      "aggregated": {
        "train_size": 2,
        "n_participants": 37,
        "n_seeds": 20,
        "test_acc_mean": 0.592377407649585,
        "test_acc_std": 0.09356044189665091,
        "test_bal_acc_mean": 0.5907979407979408,
        "test_bal_acc_std": 0.09339991196405252,
        "test_f1_mean": 0.5543063687748948,
        "test_f1_std": 0.10702274797237686,
        "test_kappa_mean": 0.38520243809946597,
        "test_kappa_std": 0.13956986233059965,
        "confusion_matrix": [
          [
            60.078828828828826,
            24.80855855855856,
            15.112612612612612
          ],
          [
            16.227477477477475,
            64.83108108108107,
            18.941441441441444
          ],
          [
            19.449002574002577,
            28.2215250965251,
            52.32947232947232
          ]
        ]
      },
      "per_participant": [
        {
          "participant": "3208",
          "train_size": 2,
          "n_seeds": 20,
          "n_train_samples_mean": 6.0,
          "n_test_samples_mean": 36.0,
          "test_acc_mean": 0.5194444444444444,
          "test_acc_std": 0.11004606513747647,
          "test_bal_acc_mean": 0.5194444444444445,
          "test_bal_acc_std": 0.11004606513747645,
          "test_f1_mean": 0.4871041504699217,
          "test_f1_std": 0.1293477003701927,
          "test_kappa_mean": 0.2791666666666667,
          "test_kappa_std": 0.1650690977062147,
          "confusion_matrix": [
            [
              46.666666666666664,
              40.41666666666667,
              12.916666666666668
            ],
            [
              19.58333333333333,
              52.5,
              27.916666666666668
            ],
            [
              13.333333333333334,
              30.0,
              56.666666666666664
            ]
          ]
        },
        {
          "participant": "3209",
          "train_size": 2,
          "n_seeds": 20,
          "n_train_samples_mean": 6.0,
          "n_test_samples_mean": 36.0,
          "test_acc_mean": 0.5236111111111111,
          "test_acc_std": 0.12431586663759275,
          "test_bal_acc_mean": 0.5236111111111111,
          "test_bal_acc_std": 0.12431586663759277,
          "test_f1_mean": 0.455516161062941,
          "test_f1_std": 0.15877340561410333,
          "test_kappa_mean": 0.28541666666666665,
          "test_kappa_std": 0.18647379995638913,
          "confusion_matrix": [
            [
              87.50000000000001,
              11.249999999999996,
              1.2499999999999998
            ],
            [
              45.00000000000001,
              51.25,
              3.75
            ],
            [
              57.91666666666667,
              23.75,
              18.33333333333333
            ]
          ]
        },
        {
          "participant": "3210",
          "train_size": 2,
          "n_seeds": 20,
          "n_train_samples_mean": 6.0,
          "n_test_samples_mean": 36.0,
          "test_acc_mean": 0.8180555555555558,
          "test_acc_std": 0.16108464190713395,
          "test_bal_acc_mean": 0.8180555555555558,
          "test_bal_acc_std": 0.16108464190713395,
          "test_f1_mean": 0.8010679738557098,
          "test_f1_std": 0.187629893984162,
          "test_kappa_mean": 0.7270833333333333,
          "test_kappa_std": 0.24162696286070098,
          "confusion_matrix": [
            [
              70.41666666666666,
              23.333333333333336,
              6.249999999999999
            ],
            [
              0.0,
              100.0,
              0.0
            ],
            [
              2.499999999999999,
              22.5,
              74.99999999999999
            ]
          ]
        },
        {
          "participant": "3214",
          "train_size": 2,
          "n_seeds": 20,
          "n_train_samples_mean": 6.0,
          "n_test_samples_mean": 36.0,
          "test_acc_mean": 0.5333333333333333,
          "test_acc_std": 0.09391838354673268,
          "test_bal_acc_mean": 0.5333333333333334,
          "test_bal_acc_std": 0.09391838354673271,
          "test_f1_mean": 0.5217364243475056,
          "test_f1_std": 0.1131479518669333,
          "test_kappa_mean": 0.3,
          "test_kappa_std": 0.14087757532009904,
          "confusion_matrix": [
            [
              60.416666666666664,
              32.91666666666667,
              6.666666666666666
            ],
            [
              4.999999999999999,
              56.666666666666664,
              38.33333333333333
            ],
            [
              0.41666666666666663,
              56.666666666666664,
              42.91666666666667
            ]
          ]
        },
        {
          "participant": "3215",
          "train_size": 2,
          "n_seeds": 20,
          "n_train_samples_mean": 6.0,
          "n_test_samples_mean": 36.0,
          "test_acc_mean": 0.523611111111111,
          "test_acc_std": 0.11621151818586799,
          "test_bal_acc_mean": 0.523611111111111,
          "test_bal_acc_std": 0.116211518185868,
          "test_f1_mean": 0.4627479155386097,
          "test_f1_std": 0.1406964529750617,
          "test_kappa_mean": 0.2854166666666666,
          "test_kappa_std": 0.17431727727880203,
          "confusion_matrix": [
            [
              76.24999999999999,
              12.083333333333332,
              11.666666666666666
            ],
            [
              35.0,
              25.833333333333325,
              39.16666666666667
            ],
            [
              29.166666666666668,
              15.833333333333332,
              55.000000000000014
            ]
          ]
        },
        {
          "participant": "3216",
          "train_size": 2,
          "n_seeds": 20,
          "n_train_samples_mean": 6.0,
          "n_test_samples_mean": 36.0,
          "test_acc_mean": 0.548611111111111,
          "test_acc_std": 0.06037232862560225,
          "test_bal_acc_mean": 0.548611111111111,
          "test_bal_acc_std": 0.06037232862560227,
          "test_f1_mean": 0.5096541675937175,
          "test_f1_std": 0.06722244354706568,
          "test_kappa_mean": 0.3229166666666667,
          "test_kappa_std": 0.0905584929384034,
          "confusion_matrix": [
            [
              72.91666666666666,
              17.500000000000004,
              9.583333333333332
            ],
            [
              14.583333333333334,
              60.83333333333333,
              24.583333333333332
            ],
            [
              39.16666666666667,
              30.0,
              30.833333333333332
            ]
          ]
        },
        {
          "participant": "3217",
          "train_size": 2,
          "n_seeds": 20,
          "n_train_samples_mean": 6.0,
          "n_test_samples_mean": 36.0,
          "test_acc_mean": 0.5847222222222223,
          "test_acc_std": 0.09078523593805045,
          "test_bal_acc_mean": 0.5847222222222223,
          "test_bal_acc_std": 0.09078523593805049,
          "test_f1_mean": 0.5605354364282921,
          "test_f1_std": 0.10748830255819254,
          "test_kappa_mean": 0.3770833333333334,
          "test_kappa_std": 0.13617785390707565,
          "confusion_matrix": [
            [
              59.583333333333336,
              33.333333333333336,
              7.083333333333333
            ],
            [
              20.833333333333336,
              73.33333333333334,
              5.833333333333333
            ],
            [
              8.333333333333332,
              49.16666666666667,
              42.49999999999999
            ]
          ]
        },
        {
          "participant": "3218",
          "train_size": 2,
          "n_seeds": 20,
          "n_train_samples_mean": 6.0,
          "n_test_samples_mean": 36.0,
          "test_acc_mean": 0.6986111111111111,
          "test_acc_std": 0.09634103586573538,
          "test_bal_acc_mean": 0.698611111111111,
          "test_bal_acc_std": 0.09634103586573538,
          "test_f1_mean": 0.6804005351325189,
          "test_f1_std": 0.11129357984218663,
          "test_kappa_mean": 0.5479166666666667,
          "test_kappa_std": 0.14451155379860306,
          "confusion_matrix": [
            [
              88.75,
              11.25,
              0.0
            ],
            [
              30.833333333333332,
              61.666666666666664,
              7.499999999999998
            ],
            [
              7.916666666666666,
              32.91666666666667,
              59.166666666666664
            ]
          ]
        },
        {
          "participant": "3219",
          "train_size": 2,
          "n_seeds": 20,
          "n_train_samples_mean": 6.0,
          "n_test_samples_mean": 31.0,
          "test_acc_mean": 0.5822580645161289,
          "test_acc_std": 0.10697509810230874,
          "test_bal_acc_mean": 0.553968253968254,
          "test_bal_acc_std": 0.11391322850245576,
          "test_f1_mean": 0.5405148402536365,
          "test_f1_std": 0.13770409550652862,
          "test_kappa_mean": 0.3420906559641487,
          "test_kappa_std": 0.17404269015459867,
          "confusion_matrix": [
            [
              62.916666666666664,
              32.91666666666667,
              4.166666666666667
            ],
            [
              22.499999999999996,
              65.41666666666667,
              12.083333333333332
            ],
            [
              28.571428571428566,
              33.57142857142857,
              37.857142857142854
            ]
          ]
        },
        {
          "participant": "3220",
          "train_size": 2,
          "n_seeds": 20,
          "n_train_samples_mean": 6.0,
          "n_test_samples_mean": 36.0,
          "test_acc_mean": 0.6055555555555556,
          "test_acc_std": 0.09938079899999064,
          "test_bal_acc_mean": 0.6055555555555556,
          "test_bal_acc_std": 0.09938079899999067,
          "test_f1_mean": 0.559517713036033,
          "test_f1_std": 0.12763896805265548,
          "test_kappa_mean": 0.4083333333333334,
          "test_kappa_std": 0.14907119849998599,
          "confusion_matrix": [
            [
              39.16666666666667,
              57.083333333333336,
              3.75
            ],
            [
              6.666666666666666,
              92.08333333333333,
              1.2499999999999998
            ],
            [
              20.833333333333332,
              28.749999999999993,
              50.41666666666667
            ]
          ]
        },
        {
          "participant": "3221",
          "train_size": 2,
          "n_seeds": 20,
          "n_train_samples_mean": 6.0,
          "n_test_samples_mean": 36.0,
          "test_acc_mean": 0.48611111111111105,
          "test_acc_std": 0.06530032583078156,
          "test_bal_acc_mean": 0.48611111111111105,
          "test_bal_acc_std": 0.06530032583078156,
          "test_f1_mean": 0.43183917594063737,
          "test_f1_std": 0.09340021551942977,
          "test_kappa_mean": 0.22916666666666666,
          "test_kappa_std": 0.09795048874617235,
          "confusion_matrix": [
            [
              41.25,
              55.0,
              3.749999999999999
            ],
            [
              18.333333333333336,
              79.16666666666667,
              2.5
            ],
            [
              28.333333333333332,
              46.25,
              25.416666666666664
            ]
          ]
        },
        {
          "participant": "3223",
          "train_size": 2,
          "n_seeds": 20,
          "n_train_samples_mean": 6.0,
          "n_test_samples_mean": 36.0,
          "test_acc_mean": 0.48888888888888893,
          "test_acc_std": 0.09554739527239785,
          "test_bal_acc_mean": 0.4888888888888888,
          "test_bal_acc_std": 0.0955473952723978,
          "test_f1_mean": 0.4494632004286371,
          "test_f1_std": 0.12607224431850073,
          "test_kappa_mean": 0.2333333333333333,
          "test_kappa_std": 0.14332109290859676,
          "confusion_matrix": [
            [
              42.499999999999986,
              12.916666666666666,
              44.58333333333334
            ],
            [
              15.0,
              69.16666666666666,
              15.833333333333337
            ],
            [
              11.666666666666668,
              53.33333333333333,
              34.999999999999986
            ]
          ]
        },
        {
          "participant": "3224",
          "train_size": 2,
          "n_seeds": 20,
          "n_train_samples_mean": 6.0,
          "n_test_samples_mean": 36.0,
          "test_acc_mean": 0.673611111111111,
          "test_acc_std": 0.09096399119051088,
          "test_bal_acc_mean": 0.6736111111111109,
          "test_bal_acc_std": 0.0909639911905109,
          "test_f1_mean": 0.6515286300040055,
          "test_f1_std": 0.11287081239649484,
          "test_kappa_mean": 0.5104166666666667,
          "test_kappa_std": 0.13644598678576633,
          "confusion_matrix": [
            [
              52.916666666666686,
              26.25,
              20.833333333333332
            ],
            [
              7.083333333333333,
              67.49999999999999,
              25.416666666666664
            ],
            [
              6.249999999999999,
              12.083333333333332,
              81.66666666666666
            ]
          ]
        },
        {
          "participant": "3225",
          "train_size": 2,
          "n_seeds": 20,
          "n_train_samples_mean": 6.0,
          "n_test_samples_mean": 36.0,
          "test_acc_mean": 0.5000000000000001,
          "test_acc_std": 0.0821059712403449,
          "test_bal_acc_mean": 0.5000000000000001,
          "test_bal_acc_std": 0.08210597124034487,
          "test_f1_mean": 0.481823216223839,
          "test_f1_std": 0.09307906170235418,
          "test_kappa_mean": 0.25000000000000006,
          "test_kappa_std": 0.12315895686051731,
          "confusion_matrix": [
            [
              69.58333333333334,
              29.166666666666664,
              1.2499999999999998
            ],
            [
              21.249999999999996,
              45.0,
              33.75
            ],
            [
              0.8333333333333333,
              63.749999999999986,
              35.41666666666667
            ]
          ]
        },
        {
          "participant": "3226",
          "train_size": 2,
          "n_seeds": 20,
          "n_train_samples_mean": 6.0,
          "n_test_samples_mean": 36.0,
          "test_acc_mean": 0.5791666666666666,
          "test_acc_std": 0.07661781221620675,
          "test_bal_acc_mean": 0.5791666666666666,
          "test_bal_acc_std": 0.07661781221620675,
          "test_f1_mean": 0.5396443501107184,
          "test_f1_std": 0.10091305521394346,
          "test_kappa_mean": 0.36875,
          "test_kappa_std": 0.11492671832431012,
          "confusion_matrix": [
            [
              78.33333333333333,
              11.249999999999998,
              10.416666666666666
            ],
            [
              27.499999999999993,
              50.83333333333334,
              21.666666666666664
            ],
            [
              22.499999999999996,
              32.916666666666664,
              44.58333333333333
            ]
          ]
        },
        {
          "participant": "3227",
          "train_size": 2,
          "n_seeds": 20,
          "n_train_samples_mean": 6.0,
          "n_test_samples_mean": 36.0,
          "test_acc_mean": 0.5402777777777776,
          "test_acc_std": 0.09123146736064881,
          "test_bal_acc_mean": 0.5402777777777776,
          "test_bal_acc_std": 0.09123146736064881,
          "test_f1_mean": 0.4916795239467476,
          "test_f1_std": 0.11153423857644906,
          "test_kappa_mean": 0.3104166666666667,
          "test_kappa_std": 0.13684720104097317,
          "confusion_matrix": [
            [
              33.75,
              58.33333333333335,
              7.916666666666667
            ],
            [
              9.583333333333332,
              42.083333333333336,
              48.33333333333333
            ],
            [
              2.9166666666666665,
              10.833333333333334,
              86.25
            ]
          ]
        },
        {
          "participant": "3228",
          "train_size": 2,
          "n_seeds": 20,
          "n_train_samples_mean": 6.0,
          "n_test_samples_mean": 27.0,
          "test_acc_mean": 0.6518518518518519,
          "test_acc_std": 0.10010463084420065,
          "test_bal_acc_mean": 0.638888888888889,
          "test_bal_acc_std": 0.1555764397008541,
          "test_f1_mean": 0.620413797145615,
          "test_f1_std": 0.13071892698017037,
          "test_kappa_mean": 0.3994124223232309,
          "test_kappa_std": 0.18549981425841083,
          "confusion_matrix": [
            [
              60.0,
              40.0,
              0.0
            ],
            [
              3.333333333333333,
              73.75,
              22.916666666666664
            ],
            [
              0.41666666666666663,
              41.66666666666667,
              57.916666666666664
            ]
          ]
        },
        {
          "participant": "3229",
          "train_size": 2,
          "n_seeds": 20,
          "n_train_samples_mean": 6.0,
          "n_test_samples_mean": 36.0,
          "test_acc_mean": 0.49305555555555564,
          "test_acc_std": 0.08778323693143153,
          "test_bal_acc_mean": 0.49305555555555564,
          "test_bal_acc_std": 0.08778323693143152,
          "test_f1_mean": 0.4369160985224664,
          "test_f1_std": 0.09614204677513197,
          "test_kappa_mean": 0.2395833333333334,
          "test_kappa_std": 0.1316748553971473,
          "confusion_matrix": [
            [
              30.0,
              25.833333333333332,
              44.166666666666664
            ],
            [
              29.583333333333332,
              36.66666666666667,
              33.75
            ],
            [
              12.083333333333332,
              6.666666666666666,
              81.25
            ]
          ]
        },
        {
          "participant": "3230",
          "train_size": 2,
          "n_seeds": 20,
          "n_train_samples_mean": 6.0,
          "n_test_samples_mean": 36.0,
          "test_acc_mean": 0.548611111111111,
          "test_acc_std": 0.10996300104326248,
          "test_bal_acc_mean": 0.548611111111111,
          "test_bal_acc_std": 0.1099630010432625,
          "test_f1_mean": 0.5068701132078864,
          "test_f1_std": 0.1207885082491628,
          "test_kappa_mean": 0.3229166666666667,
          "test_kappa_std": 0.1649445015648937,
          "confusion_matrix": [
            [
              32.49999999999999,
              19.58333333333333,
              47.91666666666667
            ],
            [
              23.750000000000004,
              72.08333333333334,
              4.166666666666666
            ],
            [
              27.083333333333325,
              12.916666666666666,
              60.0
            ]
          ]
        },
        {
          "participant": "3232",
          "train_size": 2,
          "n_seeds": 20,
          "n_train_samples_mean": 6.0,
          "n_test_samples_mean": 36.0,
          "test_acc_mean": 0.5194444444444445,
          "test_acc_std": 0.0650510870364699,
          "test_bal_acc_mean": 0.5194444444444445,
          "test_bal_acc_std": 0.06505108703646989,
          "test_f1_mean": 0.4762174961632404,
          "test_f1_std": 0.0880827155803039,
          "test_kappa_mean": 0.2791666666666667,
          "test_kappa_std": 0.09757663055470484,
          "confusion_matrix": [
            [
              35.41666666666667,
              23.75,
              40.83333333333333
            ],
            [
              26.666666666666664,
              38.333333333333336,
              35.00000000000001
            ],
            [
              12.916666666666666,
              4.999999999999998,
              82.08333333333333
            ]
          ]
        },
        {
          "participant": "3233",
          "train_size": 2,
          "n_seeds": 20,
          "n_train_samples_mean": 6.0,
          "n_test_samples_mean": 36.0,
          "test_acc_mean": 0.5986111111111112,
          "test_acc_std": 0.12855566675254354,
          "test_bal_acc_mean": 0.5986111111111112,
          "test_bal_acc_std": 0.12855566675254354,
          "test_f1_mean": 0.5601996813205842,
          "test_f1_std": 0.16326810119037044,
          "test_kappa_mean": 0.3979166666666667,
          "test_kappa_std": 0.19283350012881534,
          "confusion_matrix": [
            [
              42.916666666666664,
              40.416666666666664,
              16.666666666666668
            ],
            [
              4.166666666666666,
              83.33333333333331,
              12.499999999999998
            ],
            [
              4.583333333333334,
              42.083333333333336,
              53.333333333333336
            ]
          ]
        },
        {
          "participant": "3234",
          "train_size": 2,
          "n_seeds": 20,
          "n_train_samples_mean": 6.0,
          "n_test_samples_mean": 36.0,
          "test_acc_mean": 0.39583333333333326,
          "test_acc_std": 0.076935181108955,
          "test_bal_acc_mean": 0.39583333333333326,
          "test_bal_acc_std": 0.076935181108955,
          "test_f1_mean": 0.2861494385788299,
          "test_f1_std": 0.11334197493618968,
          "test_kappa_mean": 0.09375,
          "test_kappa_std": 0.1154027716634325,
          "confusion_matrix": [
            [
              89.16666666666666,
              0.0,
              10.833333333333334
            ],
            [
              57.08333333333333,
              6.249999999999998,
              36.666666666666664
            ],
            [
              76.25,
              0.41666666666666663,
              23.333333333333332
            ]
          ]
        },
        {
          "participant": "3235",
          "train_size": 2,
          "n_seeds": 20,
          "n_train_samples_mean": 6.0,
          "n_test_samples_mean": 36.0,
          "test_acc_mean": 0.711111111111111,
          "test_acc_std": 0.09469351402519892,
          "test_bal_acc_mean": 0.711111111111111,
          "test_bal_acc_std": 0.09469351402519892,
          "test_f1_mean": 0.6777575906292508,
          "test_f1_std": 0.12541975647086276,
          "test_kappa_mean": 0.5666666666666667,
          "test_kappa_std": 0.14204027103779837,
          "confusion_matrix": [
            [
              73.75,
              17.91666666666666,
              8.33333333333333
            ],
            [
              2.916666666666666,
              97.08333333333333,
              0.0
            ],
            [
              25.416666666666664,
              32.08333333333333,
              42.50000000000001
            ]
          ]
        },
        {
          "participant": "3236",
          "train_size": 2,
          "n_seeds": 20,
          "n_train_samples_mean": 6.0,
          "n_test_samples_mean": 36.0,
          "test_acc_mean": 0.6583333333333334,
          "test_acc_std": 0.09326752065621088,
          "test_bal_acc_mean": 0.6583333333333334,
          "test_bal_acc_std": 0.0932675206562109,
          "test_f1_mean": 0.6446110942783971,
          "test_f1_std": 0.11458935494967908,
          "test_kappa_mean": 0.48749999999999993,
          "test_kappa_std": 0.13990128098431634,
          "confusion_matrix": [
            [
              62.08333333333333,
              26.249999999999993,
              11.666666666666666
            ],
            [
              0.41666666666666663,
              75.41666666666667,
              24.166666666666668
            ],
            [
              11.666666666666666,
              28.333333333333332,
              60.0
            ]
          ]
        },
        {
          "participant": "3237",
          "train_size": 2,
          "n_seeds": 20,
          "n_train_samples_mean": 6.0,
          "n_test_samples_mean": 36.0,
          "test_acc_mean": 0.6486111111111111,
          "test_acc_std": 0.06639503629567764,
          "test_bal_acc_mean": 0.6486111111111112,
          "test_bal_acc_std": 0.06639503629567768,
          "test_f1_mean": 0.6241885707998721,
          "test_f1_std": 0.0669183033939516,
          "test_kappa_mean": 0.4729166666666666,
          "test_kappa_std": 0.0995925544435165,
          "confusion_matrix": [
            [
              41.25,
              14.583333333333334,
              44.166666666666664
            ],
            [
              15.416666666666668,
              68.75,
              15.833333333333332
            ],
            [
              11.666666666666668,
              3.749999999999999,
              84.58333333333334
            ]
          ]
        },
        {
          "participant": "3238",
          "train_size": 2,
          "n_seeds": 20,
          "n_train_samples_mean": 6.0,
          "n_test_samples_mean": 36.0,
          "test_acc_mean": 0.47361111111111115,
          "test_acc_std": 0.05590169943749475,
          "test_bal_acc_mean": 0.47361111111111115,
          "test_bal_acc_std": 0.055901699437494734,
          "test_f1_mean": 0.4230036014404974,
          "test_f1_std": 0.06699404419183334,
          "test_kappa_mean": 0.21041666666666664,
          "test_kappa_std": 0.08385254915624211,
          "confusion_matrix": [
            [
              31.666666666666668,
              30.833333333333332,
              37.5
            ],
            [
              12.083333333333332,
              29.166666666666668,
              58.75
            ],
            [
              6.249999999999999,
              12.5,
              81.25
            ]
          ]
        },
        {
          "participant": "3239",
          "train_size": 2,
          "n_seeds": 20,
          "n_train_samples_mean": 6.0,
          "n_test_samples_mean": 32.0,
          "test_acc_mean": 0.6296875,
          "test_acc_std": 0.094173931853722,
          "test_bal_acc_mean": 0.6125,
          "test_bal_acc_std": 0.11119331754267811,
          "test_f1_mean": 0.5936249717060298,
          "test_f1_std": 0.12374944881764044,
          "test_kappa_mean": 0.4297371313928622,
          "test_kappa_std": 0.15659533383760452,
          "confusion_matrix": [
            [
              57.08333333333333,
              21.249999999999993,
              21.666666666666664
            ],
            [
              15.833333333333332,
              79.16666666666667,
              4.999999999999998
            ],
            [
              38.125,
              14.375,
              47.5
            ]
          ]
        },
        {
          "participant": "3240",
          "train_size": 2,
          "n_seeds": 20,
          "n_train_samples_mean": 6.0,
          "n_test_samples_mean": 36.0,
          "test_acc_mean": 0.6611111111111112,
          "test_acc_std": 0.115272933738851,
          "test_bal_acc_mean": 0.6611111111111112,
          "test_bal_acc_std": 0.115272933738851,
          "test_f1_mean": 0.6357544223062577,
          "test_f1_std": 0.13946225059970663,
          "test_kappa_mean": 0.4916666666666666,
          "test_kappa_std": 0.1729094006082765,
          "confusion_matrix": [
            [
              76.25000000000001,
              10.833333333333332,
              12.916666666666666
            ],
            [
              21.666666666666664,
              74.58333333333333,
              3.749999999999999
            ],
            [
              35.416666666666664,
              17.083333333333336,
              47.5
            ]
          ]
        },
        {
          "participant": "3241",
          "train_size": 2,
          "n_seeds": 20,
          "n_train_samples_mean": 6.0,
          "n_test_samples_mean": 36.0,
          "test_acc_mean": 0.538888888888889,
          "test_acc_std": 0.08568798135939308,
          "test_bal_acc_mean": 0.538888888888889,
          "test_bal_acc_std": 0.08568798135939308,
          "test_f1_mean": 0.5023293186767088,
          "test_f1_std": 0.09515872520523916,
          "test_kappa_mean": 0.3083333333333334,
          "test_kappa_std": 0.12853197203908961,
          "confusion_matrix": [
            [
              48.33333333333333,
              30.416666666666664,
              21.249999999999996
            ],
            [
              31.666666666666668,
              51.25,
              17.083333333333332
            ],
            [
              23.333333333333336,
              14.583333333333334,
              62.08333333333333
            ]
          ]
        },
        {
          "participant": "3242",
          "train_size": 2,
          "n_seeds": 20,
          "n_train_samples_mean": 6.0,
          "n_test_samples_mean": 36.0,
          "test_acc_mean": 0.8013888888888889,
          "test_acc_std": 0.09246946003755038,
          "test_bal_acc_mean": 0.8013888888888889,
          "test_bal_acc_std": 0.09246946003755037,
          "test_f1_mean": 0.7845610647617512,
          "test_f1_std": 0.10741493378045229,
          "test_kappa_mean": 0.7020833333333334,
          "test_kappa_std": 0.13870419005632556,
          "confusion_matrix": [
            [
              89.58333333333334,
              9.583333333333332,
              0.8333333333333333
            ],
            [
              19.583333333333336,
              66.25000000000001,
              14.166666666666663
            ],
            [
              4.583333333333333,
              10.833333333333332,
              84.58333333333333
            ]
          ]
        },
        {
          "participant": "3243",
          "train_size": 2,
          "n_seeds": 20,
          "n_train_samples_mean": 6.0,
          "n_test_samples_mean": 36.0,
          "test_acc_mean": 0.6611111111111111,
          "test_acc_std": 0.059508491484866394,
          "test_bal_acc_mean": 0.661111111111111,
          "test_bal_acc_std": 0.0595084914848664,
          "test_f1_mean": 0.6287374846574826,
          "test_f1_std": 0.08047096209209395,
          "test_kappa_mean": 0.4916666666666667,
          "test_kappa_std": 0.08926273722729963,
          "confusion_matrix": [
            [
              81.66666666666666,
              9.999999999999998,
              8.333333333333332
            ],
            [
              9.166666666666666,
              80.83333333333333,
              10.0
            ],
            [
              24.58333333333333,
              39.58333333333333,
              35.83333333333333
            ]
          ]
        },
        {
          "participant": "3244",
          "train_size": 2,
          "n_seeds": 20,
          "n_train_samples_mean": 6.0,
          "n_test_samples_mean": 36.0,
          "test_acc_mean": 0.6680555555555554,
          "test_acc_std": 0.09850861570655155,
          "test_bal_acc_mean": 0.6680555555555554,
          "test_bal_acc_std": 0.09850861570655152,
          "test_f1_mean": 0.6223467259429947,
          "test_f1_std": 0.12035753425483961,
          "test_kappa_mean": 0.5020833333333333,
          "test_kappa_std": 0.1477629235598273,
          "confusion_matrix": [
            [
              73.33333333333333,
              2.083333333333333,
              24.583333333333332
            ],
            [
              5.416666666666666,
              93.75,
              0.8333333333333333
            ],
            [
              35.83333333333333,
              30.833333333333336,
              33.33333333333333
            ]
          ]
        },
        {
          "participant": "3245",
          "train_size": 2,
          "n_seeds": 20,
          "n_train_samples_mean": 6.0,
          "n_test_samples_mean": 36.0,
          "test_acc_mean": 0.7555555555555554,
          "test_acc_std": 0.11976531089846879,
          "test_bal_acc_mean": 0.7555555555555554,
          "test_bal_acc_std": 0.11976531089846879,
          "test_f1_mean": 0.7343756220641738,
          "test_f1_std": 0.1353432231150553,
          "test_kappa_mean": 0.6333333333333334,
          "test_kappa_std": 0.1796479663477032,
          "confusion_matrix": [
            [
              68.75,
              19.166666666666668,
              12.083333333333332
            ],
            [
              0.41666666666666663,
              99.16666666666666,
              0.41666666666666663
            ],
            [
              12.5,
              28.75,
              58.75
            ]
          ]
        },
        {
          "participant": "3246",
          "train_size": 2,
          "n_seeds": 20,
          "n_train_samples_mean": 6.0,
          "n_test_samples_mean": 36.0,
          "test_acc_mean": 0.5305555555555556,
          "test_acc_std": 0.09230462041505567,
          "test_bal_acc_mean": 0.5305555555555556,
          "test_bal_acc_std": 0.09230462041505566,
          "test_f1_mean": 0.4528629325369618,
          "test_f1_std": 0.11137218755915186,
          "test_kappa_mean": 0.2958333333333333,
          "test_kappa_std": 0.1384569306225835,
          "confusion_matrix": [
            [
              48.75000000000001,
              43.75,
              7.5
            ],
            [
              2.083333333333333,
              97.91666666666667,
              0.0
            ],
            [
              28.75,
              58.749999999999986,
              12.499999999999996
            ]
          ]
        },
        {
          "participant": "3247",
          "train_size": 2,
          "n_seeds": 20,
          "n_train_samples_mean": 6.0,
          "n_test_samples_mean": 36.0,
          "test_acc_mean": 0.5625,
          "test_acc_std": 0.11815226516991674,
          "test_bal_acc_mean": 0.5625000000000001,
          "test_bal_acc_std": 0.11815226516991677,
          "test_f1_mean": 0.52945610307089,
          "test_f1_std": 0.15375754170812664,
          "test_kappa_mean": 0.34374999999999994,
          "test_kappa_std": 0.17722839775487514,
          "confusion_matrix": [
            [
              50.833333333333336,
              47.49999999999999,
              1.6666666666666665
            ],
            [
              8.333333333333332,
              72.91666666666666,
              18.750000000000004
            ],
            [
              9.583333333333332,
              45.41666666666667,
              45.00000000000001
            ]
          ]
        },
        {
          "participant": "3248",
          "train_size": 2,
          "n_seeds": 20,
          "n_train_samples_mean": 6.0,
          "n_test_samples_mean": 36.0,
          "test_acc_mean": 0.6388888888888887,
          "test_acc_std": 0.08259910463055868,
          "test_bal_acc_mean": 0.6388888888888887,
          "test_bal_acc_std": 0.08259910463055867,
          "test_f1_mean": 0.6091791552863314,
          "test_f1_std": 0.10274579367848537,
          "test_kappa_mean": 0.4583333333333333,
          "test_kappa_std": 0.12389865694583801,
          "confusion_matrix": [
            [
              72.50000000000001,
              2.9166666666666665,
              24.583333333333336
            ],
            [
              5.416666666666666,
              51.25,
              43.33333333333333
            ],
            [
              4.999999999999999,
              27.083333333333332,
              67.91666666666666
            ]
          ]
        },
        {
          "participant": "3250",
          "train_size": 2,
          "n_seeds": 20,
          "n_train_samples_mean": 6.0,
          "n_test_samples_mean": 36.0,
          "test_acc_mean": 0.5652777777777779,
          "test_acc_std": 0.09463989064810006,
          "test_bal_acc_mean": 0.5652777777777779,
          "test_bal_acc_std": 0.09463989064810006,
          "test_f1_mean": 0.5350069472014161,
          "test_f1_std": 0.12295509502851783,
          "test_kappa_mean": 0.34791666666666665,
          "test_kappa_std": 0.14195983597215017,
          "confusion_matrix": [
            [
              74.16666666666667,
              16.249999999999993,
              9.583333333333334
            ],
            [
              6.666666666666666,
              57.500000000000014,
              35.833333333333336
            ],
            [
              32.91666666666667,
              29.166666666666664,
              37.91666666666666
            ]
          ]
        }
      ]
    },
    {
      "aggregated": {
        "train_size": 3,
        "n_participants": 37,
        "n_seeds": 20,
        "test_acc_mean": 0.728778397743915,
        "test_acc_std": 0.14466522127602585,
        "test_bal_acc_mean": 0.729157404157404,
        "test_bal_acc_std": 0.14560583156930537,
        "test_f1_mean": 0.7100882187409085,
        "test_f1_std": 0.16585268625758884,
        "test_kappa_mean": 0.5913716727287256,
        "test_kappa_std": 0.21625225606826134,
        "confusion_matrix": [
          [
            74.93243243243242,
            11.111793611793615,
            13.955773955773957
          ],
          [
            11.633906633906637,
            66.26535626535626,
            22.100737100737106
          ],
          [
            10.001755001755003,
            12.44881244881245,
            77.54943254943255
          ]
        ]
      },
      "per_participant": [
        {
          "participant": "3208",
          "train_size": 3,
          "n_seeds": 20,
          "n_train_samples_mean": 9.0,
          "n_test_samples_mean": 33.0,
          "test_acc_mean": 0.6787878787878788,
          "test_acc_std": 0.060125687953988996,
          "test_bal_acc_mean": 0.6787878787878788,
          "test_bal_acc_std": 0.06012568795398901,
          "test_f1_mean": 0.6632473596446876,
          "test_f1_std": 0.052705321848072285,
          "test_kappa_mean": 0.5181818181818181,
          "test_kappa_std": 0.09018853193098347,
          "confusion_matrix": [
            [
              82.72727272727273,
              15.909090909090912,
              1.3636363636363638
            ],
            [
              36.81818181818182,
              38.181818181818194,
              25.0
            ],
            [
              0.9090909090909092,
              16.363636363636367,
              82.72727272727273
            ]
          ]
        },
        {
          "participant": "3209",
          "train_size": 3,
          "n_seeds": 20,
          "n_train_samples_mean": 9.0,
          "n_test_samples_mean": 33.0,
          "test_acc_mean": 0.48939393939393944,
          "test_acc_std": 0.05409614697721712,
          "test_bal_acc_mean": 0.48939393939393944,
          "test_bal_acc_std": 0.05409614697721712,
          "test_f1_mean": 0.4244957517678012,
