{
  "name": "pose_perf_eye_ecg",
  "config": {
    "n_seeds": 20,
    "feature_selection": "backward",
    "use_pose_derivatives": true,
    "use_time_features": false,
    "include_order": false,
    "normalize_features": true,
    "class_config": "all",
    "use_pca": false,
    "pca_variance": 0.9,
    "write_cm": true,
    "tune_hyperparameters": false,
    "tune_n_iter": 30,
    "tune_cv_folds": 5,
    "name": "pose_perf_eye_ecg",
    "feature_groups": [
      "pose",
      "performance",
      "eye_tracking",
      "ecg"
    ],
    "split_strategy": "participant_specific",
    "sampling_strategy": "temporal_stratified"
  },
  "sampling_strategy": "temporal_stratified",
  "n_seeds": 20,
  "learning_curve": [
    {
      "aggregated": {
        "train_size": 2,
        "n_participants": 36,
        "n_seeds": 20,
        "test_acc_mean": 0.6148023589255405,
        "test_acc_std": 0.09347737990576786,
        "test_bal_acc_mean": 0.6154792134306022,
        "test_bal_acc_std": 0.09368741279359881,
        "test_f1_mean": 0.5811956491695092,
        "test_f1_std": 0.11031964244461073,
        "test_kappa_mean": 0.4213853164652359,
        "test_kappa_std": 0.13965152087636332,
        "confusion_matrix": [
          [
            61.336279461279446,
            25.013678451178446,
            13.650042087542086
          ],
          [
            14.244528619528618,
            66.34048821548821,
            19.414983164983166
          ],
          [
            16.42217312008979,
            26.610830527497193,
            56.96699635241302
          ]
        ]
      },
      "per_participant": [
        {
          "participant": "3208",
          "train_size": 2,
          "n_seeds": 20,
          "n_train_samples_mean": 6.0,
          "n_test_samples_mean": 36.0,
          "test_acc_mean": 0.5736111111111111,
          "test_acc_std": 0.12975053537269,
          "test_bal_acc_mean": 0.5736111111111112,
          "test_bal_acc_std": 0.12975053537268996,
          "test_f1_mean": 0.5442161010430466,
          "test_f1_std": 0.15083580919380973,
          "test_kappa_mean": 0.3604166666666666,
          "test_kappa_std": 0.194625803059035,
          "confusion_matrix": [
            [
              51.25,
              33.75000000000001,
              14.999999999999996
            ],
            [
              17.083333333333332,
              60.0,
              22.916666666666668
            ],
            [
              8.75,
              30.416666666666664,
              60.83333333333333
            ]
          ]
        },
        {
          "participant": "3209",
          "train_size": 2,
          "n_seeds": 20,
          "n_train_samples_mean": 6.0,
          "n_test_samples_mean": 35.0,
          "test_acc_mean": 0.5971428571428572,
          "test_acc_std": 0.14972943733236563,
          "test_bal_acc_mean": 0.5897727272727273,
          "test_bal_acc_std": 0.15390302263999658,
          "test_f1_mean": 0.5428309720592966,
          "test_f1_std": 0.18991090631050805,
          "test_kappa_mean": 0.38884222665396545,
          "test_kappa_std": 0.22896107346708544,
          "confusion_matrix": [
            [
              88.74999999999999,
              11.25,
              0.0
            ],
            [
              45.0,
              55.0,
              0.0
            ],
            [
              35.45454545454545,
              31.363636363636363,
              33.18181818181819
            ]
          ]
        },
        {
          "participant": "3214",
          "train_size": 2,
          "n_seeds": 20,
          "n_train_samples_mean": 6.0,
          "n_test_samples_mean": 36.0,
          "test_acc_mean": 0.5666666666666667,
          "test_acc_std": 0.08802578038106737,
          "test_bal_acc_mean": 0.5666666666666667,
          "test_bal_acc_std": 0.08802578038106738,
          "test_f1_mean": 0.5622155286526161,
          "test_f1_std": 0.0844961810593488,
          "test_kappa_mean": 0.35,
          "test_kappa_std": 0.13203867057160107,
          "confusion_matrix": [
            [
              72.91666666666666,
              18.75,
              8.333333333333332
            ],
            [
              3.3333333333333335,
              45.00000000000001,
              51.666666666666664
            ],
            [
              0.0,
              47.91666666666666,
              52.08333333333335
            ]
          ]
        },
        {
          "participant": "3215",
          "train_size": 2,
          "n_seeds": 20,
          "n_train_samples_mean": 6.0,
          "n_test_samples_mean": 36.0,
          "test_acc_mean": 0.48888888888888893,
          "test_acc_std": 0.1029140080233658,
          "test_bal_acc_mean": 0.48888888888888893,
          "test_bal_acc_std": 0.1029140080233658,
          "test_f1_mean": 0.4110148646713627,
          "test_f1_std": 0.13503736769915087,
          "test_kappa_mean": 0.23333333333333334,
          "test_kappa_std": 0.15437101203504872,
          "confusion_matrix": [
            [
              82.49999999999999,
              9.166666666666666,
              8.333333333333332
            ],
            [
              44.583333333333336,
              12.083333333333334,
              43.333333333333336
            ],
            [
              37.5,
              10.416666666666666,
              52.08333333333333
            ]
          ]
        },
        {
          "participant": "3216",
          "train_size": 2,
          "n_seeds": 20,
          "n_train_samples_mean": 6.0,
          "n_test_samples_mean": 34.0,
          "test_acc_mean": 0.6220588235294117,
          "test_acc_std": 0.06420790647616605,
          "test_bal_acc_mean": 0.6055555555555554,
          "test_bal_acc_std": 0.07157832625958402,
          "test_f1_mean": 0.5901327269438166,
          "test_f1_std": 0.0880375641049579,
          "test_kappa_mean": 0.4238899160029616,
          "test_kappa_std": 0.10251468266773184,
          "confusion_matrix": [
            [
              86.66666666666667,
              10.416666666666666,
              2.9166666666666656
            ],
            [
              20.0,
              62.5,
              17.499999999999996
            ],
            [
              31.5,
              36.0,
              32.5
            ]
          ]
        },
        {
          "participant": "3217",
          "train_size": 2,
          "n_seeds": 20,
          "n_train_samples_mean": 6.0,
          "n_test_samples_mean": 36.0,
          "test_acc_mean": 0.5972222222222222,
          "test_acc_std": 0.09727442207684076,
          "test_bal_acc_mean": 0.5972222222222222,
          "test_bal_acc_std": 0.09727442207684076,
          "test_f1_mean": 0.5670043325570375,
          "test_f1_std": 0.11784926133999547,
          "test_kappa_mean": 0.39583333333333337,
          "test_kappa_std": 0.14591163311526115,
          "confusion_matrix": [
            [
              52.08333333333333,
              40.416666666666664,
              7.499999999999998
            ],
            [
              22.916666666666668,
              70.0,
              7.083333333333333
            ],
            [
              5.833333333333333,
              37.08333333333333,
              57.083333333333336
            ]
          ]
        },
        {
          "participant": "3218",
          "train_size": 2,
          "n_seeds": 20,
          "n_train_samples_mean": 6.0,
          "n_test_samples_mean": 36.0,
          "test_acc_mean": 0.7236111111111111,
          "test_acc_std": 0.12207427249506007,
          "test_bal_acc_mean": 0.7236111111111111,
          "test_bal_acc_std": 0.12207427249506006,
          "test_f1_mean": 0.7053992064111678,
          "test_f1_std": 0.13888879053421263,
          "test_kappa_mean": 0.5854166666666667,
          "test_kappa_std": 0.1831114087425901,
          "confusion_matrix": [
            [
              93.33333333333334,
              6.666666666666666,
              0.0
            ],
            [
              24.583333333333332,
              71.25,
              4.166666666666667
            ],
            [
              9.166666666666668,
              38.33333333333333,
              52.5
            ]
          ]
        },
        {
          "participant": "3219",
          "train_size": 2,
          "n_seeds": 20,
          "n_train_samples_mean": 6.0,
          "n_test_samples_mean": 34.0,
          "test_acc_mean": 0.5720588235294117,
          "test_acc_std": 0.08975725575598344,
          "test_bal_acc_mean": 0.5816919191919191,
          "test_bal_acc_std": 0.09012775983076454,
          "test_f1_mean": 0.5277720289313362,
          "test_f1_std": 0.1076524577941799,
          "test_kappa_mean": 0.36362060714631794,
          "test_kappa_std": 0.13269114872088764,
          "confusion_matrix": [
            [
              73.18181818181817,
              23.18181818181818,
              3.6363636363636367
            ],
            [
              11.81818181818182,
              75.9090909090909,
              12.272727272727275
            ],
            [
              29.583333333333336,
              44.999999999999986,
              25.416666666666664
            ]
          ]
        },
        {
          "participant": "3220",
          "train_size": 2,
          "n_seeds": 20,
          "n_train_samples_mean": 6.0,
          "n_test_samples_mean": 36.0,
          "test_acc_mean": 0.6236111111111111,
          "test_acc_std": 0.09768062358278516,
          "test_bal_acc_mean": 0.6236111111111111,
          "test_bal_acc_std": 0.09768062358278516,
          "test_f1_mean": 0.5769444266807866,
          "test_f1_std": 0.12869758160060557,
          "test_kappa_mean": 0.4354166666666667,
          "test_kappa_std": 0.14652093537417776,
          "confusion_matrix": [
            [
              30.0,
              65.00000000000003,
              4.999999999999998
            ],
            [
              5.833333333333332,
              92.5,
              1.6666666666666665
            ],
            [
              12.083333333333334,
              23.333333333333332,
              64.58333333333334
            ]
          ]
        },
        {
          "participant": "3221",
          "train_size": 2,
          "n_seeds": 20,
          "n_train_samples_mean": 6.0,
          "n_test_samples_mean": 36.0,
          "test_acc_mean": 0.4875,
          "test_acc_std": 0.0788125608839506,
          "test_bal_acc_mean": 0.4875,
          "test_bal_acc_std": 0.07881256088395058,
          "test_f1_mean": 0.4208022629760434,
          "test_f1_std": 0.10342006681213926,
          "test_kappa_mean": 0.23125,
          "test_kappa_std": 0.11821884132592592,
          "confusion_matrix": [
            [
              31.666666666666668,
              63.750000000000014,
              4.583333333333333
            ],
            [
              9.583333333333332,
              87.91666666666667,
              2.5
            ],
            [
              26.249999999999993,
              47.08333333333333,
              26.666666666666668
            ]
          ]
        },
        {
          "participant": "3223",
          "train_size": 2,
          "n_seeds": 20,
          "n_train_samples_mean": 6.0,
          "n_test_samples_mean": 36.0,
          "test_acc_mean": 0.5680555555555555,
          "test_acc_std": 0.08477074154731766,
          "test_bal_acc_mean": 0.5680555555555554,
          "test_bal_acc_std": 0.08477074154731769,
          "test_f1_mean": 0.540605984051822,
          "test_f1_std": 0.1089936792824307,
          "test_kappa_mean": 0.3520833333333333,
          "test_kappa_std": 0.12715611232097648,
          "confusion_matrix": [
            [
              42.08333333333333,
              12.083333333333336,
              45.833333333333336
            ],
            [
              3.75,
              81.24999999999997,
              15.0
            ],
            [
              3.333333333333333,
              49.58333333333333,
              47.08333333333333
            ]
          ]
        },
        {
          "participant": "3224",
          "train_size": 2,
          "n_seeds": 20,
          "n_train_samples_mean": 6.0,
          "n_test_samples_mean": 21.0,
          "test_acc_mean": 0.680952380952381,
          "test_acc_std": 0.17141464716493893,
          "test_bal_acc_mean": 0.6784511784511784,
          "test_bal_acc_std": 0.1438218531784839,
          "test_f1_mean": 0.689465600250651,
          "test_f1_std": 0.1549283884938979,
          "test_kappa_mean": 0.5000842495745264,
          "test_kappa_std": 0.19441968703928972,
          "confusion_matrix": [
            [
              65.0,
              30.0,
              5.0
            ],
            [
              19.999999999999996,
              59.090909090909086,
              20.909090909090907
            ],
            [
              12.777777777777779,
              7.777777777777777,
              79.44444444444446
            ]
          ]
        },
        {
          "participant": "3225",
          "train_size": 2,
          "n_seeds": 20,
          "n_train_samples_mean": 6.0,
          "n_test_samples_mean": 36.0,
          "test_acc_mean": 0.4708333333333334,
          "test_acc_std": 0.1353271371458185,
          "test_bal_acc_mean": 0.4708333333333335,
          "test_bal_acc_std": 0.1353271371458185,
          "test_f1_mean": 0.45191671726894106,
          "test_f1_std": 0.13297331812354748,
          "test_kappa_mean": 0.20625000000000004,
          "test_kappa_std": 0.20299070571872777,
          "confusion_matrix": [
            [
              69.99999999999999,
              28.75,
              1.2499999999999998
            ],
            [
              24.166666666666664,
              30.833333333333336,
              45.0
            ],
            [
              0.41666666666666663,
              59.166666666666664,
              40.416666666666664
            ]
          ]
        },
        {
          "participant": "3226",
          "train_size": 2,
          "n_seeds": 20,
          "n_train_samples_mean": 6.0,
          "n_test_samples_mean": 36.0,
          "test_acc_mean": 0.648611111111111,
          "test_acc_std": 0.10749790332965989,
          "test_bal_acc_mean": 0.648611111111111,
          "test_bal_acc_std": 0.10749790332965987,
          "test_f1_mean": 0.6246693362739018,
          "test_f1_std": 0.1307800584914977,
          "test_kappa_mean": 0.4729166666666666,
          "test_kappa_std": 0.16124685499448987,
          "confusion_matrix": [
            [
              77.50000000000001,
              17.5,
              4.999999999999998
            ],
            [
              19.999999999999996,
              63.33333333333335,
              16.666666666666664
            ],
            [
              10.833333333333332,
              35.41666666666666,
              53.75
            ]
          ]
        },
        {
          "participant": "3227",
          "train_size": 2,
          "n_seeds": 20,
          "n_train_samples_mean": 6.0,
          "n_test_samples_mean": 36.0,
          "test_acc_mean": 0.5472222222222223,
          "test_acc_std": 0.07437196436709644,
          "test_bal_acc_mean": 0.5472222222222223,
          "test_bal_acc_std": 0.07437196436709642,
          "test_f1_mean": 0.4986258940709221,
          "test_f1_std": 0.08771914807258928,
          "test_kappa_mean": 0.3208333333333333,
          "test_kappa_std": 0.11155794655064466,
          "confusion_matrix": [
            [
              24.58333333333333,
              73.33333333333333,
              2.083333333333333
            ],
            [
              5.833333333333333,
              44.58333333333333,
              49.583333333333336
            ],
            [
              0.0,
              4.999999999999998,
              95.00000000000001
            ]
          ]
        },
        {
          "participant": "3228",
          "train_size": 2,
          "n_seeds": 20,
          "n_train_samples_mean": 6.0,
          "n_test_samples_mean": 36.0,
          "test_acc_mean": 0.6416666666666668,
          "test_acc_std": 0.10885874985688039,
          "test_bal_acc_mean": 0.6416666666666667,
          "test_bal_acc_std": 0.10885874985688039,
          "test_f1_mean": 0.6286838959728593,
          "test_f1_std": 0.12264592960051951,
          "test_kappa_mean": 0.4624999999999999,
          "test_kappa_std": 0.1632881247853206,
          "confusion_matrix": [
            [
              50.416666666666664,
              49.16666666666667,
              0.41666666666666663
            ],
            [
              2.4999999999999996,
              62.083333333333336,
              35.41666666666667
            ],
            [
              0.41666666666666663,
              19.583333333333332,
              80.0
            ]
          ]
        },
        {
          "participant": "3229",
          "train_size": 2,
          "n_seeds": 20,
          "n_train_samples_mean": 6.0,
          "n_test_samples_mean": 36.0,
          "test_acc_mean": 0.4541666666666666,
          "test_acc_std": 0.05502303256873824,
          "test_bal_acc_mean": 0.4541666666666666,
          "test_bal_acc_std": 0.05502303256873823,
          "test_f1_mean": 0.386504595715094,
          "test_f1_std": 0.0746545954625037,
          "test_kappa_mean": 0.18124999999999997,
          "test_kappa_std": 0.08253454885310738,
          "confusion_matrix": [
            [
              26.666666666666664,
              24.999999999999996,
              48.333333333333336
            ],
            [
              37.916666666666664,
              26.25,
              35.833333333333336
            ],
            [
              14.999999999999996,
              1.6666666666666665,
              83.33333333333334
            ]
          ]
        },
        {
          "participant": "3230",
          "train_size": 2,
          "n_seeds": 20,
          "n_train_samples_mean": 6.0,
          "n_test_samples_mean": 36.0,
          "test_acc_mean": 0.6013888888888889,
          "test_acc_std": 0.10711945503886425,
          "test_bal_acc_mean": 0.601388888888889,
          "test_bal_acc_std": 0.10711945503886428,
          "test_f1_mean": 0.5622085108877839,
          "test_f1_std": 0.12751314920337833,
          "test_kappa_mean": 0.4020833333333333,
          "test_kappa_std": 0.16067918255829639,
          "confusion_matrix": [
            [
              32.08333333333333,
              24.166666666666664,
              43.74999999999999
            ],
            [
              14.166666666666668,
              79.58333333333333,
              6.249999999999999
            ],
            [
              17.916666666666664,
              13.333333333333332,
              68.75
            ]
          ]
        },
        {
          "participant": "3232",
          "train_size": 2,
          "n_seeds": 20,
          "n_train_samples_mean": 6.0,
          "n_test_samples_mean": 36.0,
          "test_acc_mean": 0.5611111111111111,
          "test_acc_std": 0.08672437724675172,
          "test_bal_acc_mean": 0.5611111111111111,
          "test_bal_acc_std": 0.08672437724675172,
          "test_f1_mean": 0.5329216006441002,
          "test_f1_std": 0.09569760050219742,
          "test_kappa_mean": 0.3416666666666667,
          "test_kappa_std": 0.13008656587012757,
          "confusion_matrix": [
            [
              49.16666666666667,
              23.750000000000004,
              27.083333333333336
            ],
            [
              32.916666666666664,
              38.75000000000001,
              28.333333333333332
            ],
            [
              15.833333333333334,
              3.7499999999999987,
              80.41666666666666
            ]
          ]
        },
        {
          "participant": "3233",
          "train_size": 2,
          "n_seeds": 20,
          "n_train_samples_mean": 6.0,
          "n_test_samples_mean": 36.0,
          "test_acc_mean": 0.6986111111111111,
          "test_acc_std": 0.12817602571171982,
          "test_bal_acc_mean": 0.6986111111111111,
          "test_bal_acc_std": 0.12817602571171982,
          "test_f1_mean": 0.6741624263967472,
          "test_f1_std": 0.14737777682730735,
          "test_kappa_mean": 0.5479166666666667,
          "test_kappa_std": 0.19226403856757973,
          "confusion_matrix": [
            [
              54.999999999999986,
              24.999999999999996,
              19.999999999999993
            ],
            [
              2.5,
              93.33333333333334,
              4.166666666666666
            ],
            [
              1.25,
              37.5,
              61.25
            ]
          ]
        },
        {
          "participant": "3234",
          "train_size": 2,
          "n_seeds": 20,
          "n_train_samples_mean": 6.0,
          "n_test_samples_mean": 36.0,
          "test_acc_mean": 0.4305555555555555,
          "test_acc_std": 0.10216149989002256,
          "test_bal_acc_mean": 0.4305555555555555,
          "test_bal_acc_std": 0.10216149989002256,
          "test_f1_mean": 0.32172741581692443,
          "test_f1_std": 0.13385270998655205,
          "test_kappa_mean": 0.14583333333333331,
          "test_kappa_std": 0.15324224983503384,
          "confusion_matrix": [
            [
              92.08333333333334,
              0.0,
              7.916666666666669
            ],
            [
              47.08333333333333,
              5.416666666666666,
              47.49999999999999
            ],
            [
              67.50000000000001,
              0.8333333333333333,
              31.666666666666668
            ]
          ]
        },
        {
          "participant": "3235",
          "train_size": 2,
          "n_seeds": 20,
          "n_train_samples_mean": 6.0,
          "n_test_samples_mean": 35.0,
          "test_acc_mean": 0.7271428571428571,
          "test_acc_std": 0.08053259875940348,
          "test_bal_acc_mean": 0.7270202020202021,
          "test_bal_acc_std": 0.08289074225976237,
          "test_f1_mean": 0.7062862210545937,
          "test_f1_std": 0.09513070436207055,
          "test_kappa_mean": 0.5896659506569103,
          "test_kappa_std": 0.1217398320748838,
          "confusion_matrix": [
            [
              72.27272727272728,
              25.909090909090907,
              1.8181818181818183
            ],
            [
              0.0,
              100.0,
              0.0
            ],
            [
              16.666666666666664,
              37.5,
              45.833333333333336
            ]
          ]
        },
        {
          "participant": "3236",
          "train_size": 2,
          "n_seeds": 20,
          "n_train_samples_mean": 6.0,
          "n_test_samples_mean": 28.0,
          "test_acc_mean": 0.6589285714285714,
          "test_acc_std": 0.13133772195109816,
          "test_bal_acc_mean": 0.6875000000000001,
          "test_bal_acc_std": 0.09659362367751144,
          "test_f1_mean": 0.6690742635044021,
          "test_f1_std": 0.12695221034703938,
          "test_kappa_mean": 0.49589168454440935,
          "test_kappa_std": 0.15625531149139416,
          "confusion_matrix": [
            [
              62.08333333333333,
              27.916666666666668,
              9.999999999999998
            ],
            [
              0.0,
              78.75,
              21.25
            ],
            [
              12.5,
              22.083333333333336,
              65.41666666666666
            ]
          ]
        },
        {
          "participant": "3237",
          "train_size": 2,
          "n_seeds": 20,
          "n_train_samples_mean": 6.0,
          "n_test_samples_mean": 33.0,
          "test_acc_mean": 0.659090909090909,
          "test_acc_std": 0.12547334379035735,
          "test_bal_acc_mean": 0.6722222222222223,
          "test_bal_acc_std": 0.12463939755899144,
          "test_f1_mean": 0.6251251339366144,
          "test_f1_std": 0.15218848192638595,
          "test_kappa_mean": 0.48846308442160724,
          "test_kappa_std": 0.18268109770759158,
          "confusion_matrix": [
            [
              38.74999999999999,
              16.666666666666664,
              44.58333333333333
            ],
            [
              3.333333333333333,
              81.66666666666666,
              15.0
            ],
            [
              9.583333333333332,
              9.166666666666666,
              81.25
            ]
          ]
        },
        {
          "participant": "3238",
          "train_size": 2,
          "n_seeds": 20,
          "n_train_samples_mean": 6.0,
          "n_test_samples_mean": 36.0,
          "test_acc_mean": 0.5319444444444444,
          "test_acc_std": 0.07661781221620675,
          "test_bal_acc_mean": 0.5319444444444443,
          "test_bal_acc_std": 0.07661781221620675,
          "test_f1_mean": 0.4930678456248706,
          "test_f1_std": 0.08245507808305998,
          "test_kappa_mean": 0.29791666666666666,
          "test_kappa_std": 0.11492671832431012,
          "confusion_matrix": [
            [
              39.166666666666664,
              31.25,
              29.583333333333336
            ],
            [
              10.000000000000002,
              37.083333333333336,
              52.916666666666664
            ],
            [
              3.7499999999999987,
              12.916666666666666,
              83.33333333333333
            ]
          ]
        },
        {
          "participant": "3239",
          "train_size": 2,
          "n_seeds": 20,
          "n_train_samples_mean": 6.0,
          "n_test_samples_mean": 31.0,
          "test_acc_mean": 0.6322580645161289,
          "test_acc_std": 0.12178276653842154,
          "test_bal_acc_mean": 0.6434974747474748,
          "test_bal_acc_std": 0.11728609043643977,
          "test_f1_mean": 0.5971232095792617,
          "test_f1_std": 0.14506363306096295,
          "test_kappa_mean": 0.4537382442180034,
          "test_kappa_std": 0.1684409125730593,
          "confusion_matrix": [
            [
              52.08333333333333,
              14.166666666666666,
              33.75
            ],
            [
              16.81818181818182,
              69.0909090909091,
              14.09090909090909
            ],
            [
              15.625,
              12.5,
              71.875
            ]
          ]
        },
        {
          "participant": "3240",
          "train_size": 2,
          "n_seeds": 20,
          "n_train_samples_mean": 6.0,
          "n_test_samples_mean": 34.0,
          "test_acc_mean": 0.7044117647058823,
          "test_acc_std": 0.14265064947126224,
          "test_bal_acc_mean": 0.6998737373737374,
          "test_bal_acc_std": 0.14347644429712347,
          "test_f1_mean": 0.6729789299193566,
          "test_f1_std": 0.16936878393073512,
          "test_kappa_mean": 0.5549597169053019,
          "test_kappa_std": 0.21459337448970264,
          "confusion_matrix": [
            [
              81.8181818181818,
              10.90909090909091,
              7.272727272727273
            ],
            [
              12.5,
              85.41666666666667,
              2.083333333333333
            ],
            [
              34.09090909090909,
              23.181818181818176,
              42.72727272727272
            ]
          ]
        },
        {
          "participant": "3241",
          "train_size": 2,
          "n_seeds": 20,
          "n_train_samples_mean": 6.0,
          "n_test_samples_mean": 36.0,
          "test_acc_mean": 0.6472222222222221,
          "test_acc_std": 0.07545616097258027,
          "test_bal_acc_mean": 0.6472222222222221,
          "test_bal_acc_std": 0.07545616097258029,
          "test_f1_mean": 0.6208966468911867,
          "test_f1_std": 0.08812498933204371,
          "test_kappa_mean": 0.4708333333333333,
          "test_kappa_std": 0.11318424145887042,
          "confusion_matrix": [
            [
              45.83333333333333,
              36.66666666666667,
              17.5
            ],
            [
              15.833333333333332,
              71.66666666666666,
              12.5
            ],
            [
              15.416666666666668,
              7.916666666666666,
              76.66666666666666
            ]
          ]
        },
        {
          "participant": "3242",
          "train_size": 2,
          "n_seeds": 20,
          "n_train_samples_mean": 6.0,
          "n_test_samples_mean": 36.0,
          "test_acc_mean": 0.8166666666666667,
          "test_acc_std": 0.12884754327773174,
          "test_bal_acc_mean": 0.8166666666666664,
          "test_bal_acc_std": 0.12884754327773176,
          "test_f1_mean": 0.8028957888338504,
          "test_f1_std": 0.14500734524188982,
          "test_kappa_mean": 0.7249999999999999,
          "test_kappa_std": 0.1932713149165976,
          "confusion_matrix": [
            [
              76.66666666666666,
              21.25,
              2.083333333333333
            ],
            [
              7.916666666666666,
              80.83333333333334,
              11.25
            ],
            [
              0.0,
              12.500000000000002,
              87.50000000000001
            ]
          ]
        },
        {
          "participant": "3243",
          "train_size": 2,
          "n_seeds": 20,
          "n_train_samples_mean": 6.0,
          "n_test_samples_mean": 35.0,
          "test_acc_mean": 0.7957142857142858,
          "test_acc_std": 0.10457833084579206,
          "test_bal_acc_mean": 0.7998737373737375,
          "test_bal_acc_std": 0.10258564896366855,
          "test_f1_mean": 0.7785635468879363,
          "test_f1_std": 0.12405953455851255,
          "test_kappa_mean": 0.6943168358119489,
          "test_kappa_std": 0.1560048071695941,
          "confusion_matrix": [
            [
              94.54545454545455,
              3.1818181818181825,
              2.272727272727273
            ],
            [
              5.833333333333332,
              90.83333333333334,
              3.333333333333333
            ],
            [
              15.416666666666668,
              30.000000000000007,
              54.58333333333333
            ]
          ]
        },
        {
          "participant": "3244",
          "train_size": 2,
          "n_seeds": 20,
          "n_train_samples_mean": 6.0,
          "n_test_samples_mean": 36.0,
          "test_acc_mean": 0.7083333333333334,
          "test_acc_std": 0.10295346135355703,
          "test_bal_acc_mean": 0.7083333333333334,
          "test_bal_acc_std": 0.10295346135355704,
          "test_f1_mean": 0.6787050097472924,
          "test_f1_std": 0.12195770085452243,
          "test_kappa_mean": 0.5624999999999998,
          "test_kappa_std": 0.1544301920303356,
          "confusion_matrix": [
            [
              79.58333333333334,
              0.8333333333333333,
              19.583333333333336
            ],
            [
              6.25,
              91.66666666666666,
              2.083333333333333
            ],
            [
              37.91666666666667,
              20.833333333333332,
              41.25
            ]
          ]
        },
        {
          "participant": "3245",
          "train_size": 2,
          "n_seeds": 20,
          "n_train_samples_mean": 6.0,
          "n_test_samples_mean": 34.0,
          "test_acc_mean": 0.7691176470588235,
          "test_acc_std": 0.12669358984384882,
          "test_bal_acc_mean": 0.7563888888888889,
          "test_bal_acc_std": 0.13091464862333602,
          "test_f1_mean": 0.7451747025296784,
          "test_f1_std": 0.14625972304372462,
          "test_kappa_mean": 0.6484479372793934,
          "test_kappa_std": 0.19400972253861226,
          "confusion_matrix": [
            [
              73.75000000000001,
              17.083333333333336,
              9.166666666666666
            ],
            [
              0.8333333333333333,
              99.16666666666666,
              0.0
            ],
            [
              20.5,
              25.5,
              54.0
            ]
          ]
        },
        {
          "participant": "3246",
          "train_size": 2,
          "n_seeds": 20,
          "n_train_samples_mean": 6.0,
          "n_test_samples_mean": 36.0,
          "test_acc_mean": 0.5083333333333334,
          "test_acc_std": 0.08116076346157679,
          "test_bal_acc_mean": 0.5083333333333332,
          "test_bal_acc_std": 0.08116076346157676,
          "test_f1_mean": 0.4335282542196507,
          "test_f1_std": 0.09911368005745613,
          "test_kappa_mean": 0.2625,
          "test_kappa_std": 0.12174114519236522,
          "confusion_matrix": [
            [
              42.5,
              49.583333333333336,
              7.916666666666666
            ],
            [
              0.0,
              100.0,
              0.0
            ],
            [
              16.666666666666664,
              73.33333333333333,
              9.999999999999998
            ]
          ]
        },
        {
          "participant": "3247",
          "train_size": 2,
          "n_seeds": 20,
          "n_train_samples_mean": 6.0,
          "n_test_samples_mean": 36.0,
          "test_acc_mean": 0.5805555555555555,
          "test_acc_std": 0.13635108336101767,
          "test_bal_acc_mean": 0.5805555555555555,
          "test_bal_acc_std": 0.13635108336101767,
          "test_f1_mean": 0.5486287869551156,
          "test_f1_std": 0.1696841275638893,
          "test_kappa_mean": 0.3708333333333333,
          "test_kappa_std": 0.20452662504152655,
          "confusion_matrix": [
            [
              58.749999999999986,
              40.83333333333333,
              0.41666666666666663
            ],
            [
              8.333333333333332,
              73.75,
              17.916666666666664
            ],
            [
              10.833333333333334,
              47.50000000000001,
              41.66666666666667
            ]
          ]
        },
        {
          "participant": "3248",
          "train_size": 2,
          "n_seeds": 20,
          "n_train_samples_mean": 6.0,
          "n_test_samples_mean": 35.0,
          "test_acc_mean": 0.6042857142857143,
          "test_acc_std": 0.11476403662783448,
          "test_bal_acc_mean": 0.6056818181818182,
          "test_bal_acc_std": 0.11774934559239088,
          "test_f1_mean": 0.575753496912252,
          "test_f1_std": 0.13567819911248546,
          "test_kappa_mean": 0.40336760619981604,
          "test_kappa_std": 0.1753532012957737,
          "confusion_matrix": [
            [
              65.45454545454545,
              2.7272727272727275,
              31.818181818181813
            ],
            [
              4.166666666666667,
              48.749999999999986,
              47.083333333333336
            ],
            [
              4.583333333333332,
              27.916666666666664,
              67.5
            ]
          ]
        },
        {
          "participant": "3250",
          "train_size": 2,
          "n_seeds": 20,
          "n_train_samples_mean": 6.0,
          "n_test_samples_mean": 36.0,
          "test_acc_mean": 0.6333333333333332,
          "test_acc_std": 0.08435051716847201,
          "test_bal_acc_mean": 0.6333333333333332,
          "test_bal_acc_std": 0.08435051716847201,
          "test_f1_mean": 0.6154171052300076,
          "test_f1_std": 0.09996788247938852,
          "test_kappa_mean": 0.45,
          "test_kappa_std": 0.12652577575270804,
          "confusion_matrix": [
            [
              77.91666666666666,
              10.416666666666668,
              11.666666666666668
            ],
            [
              5.416666666666666,
              62.916666666666686,
              31.666666666666668
            ],
            [
              36.25,
              14.583333333333334,
              49.166666666666664
            ]
          ]
        }
      ]
    },
    {
      "aggregated": {
        "train_size": 3,
        "n_participants": 35,
        "n_seeds": 20,
        "test_acc_mean": 0.7474394246114867,
        "test_acc_std": 0.14146035122906153,
        "test_bal_acc_mean": 0.7498773448773448,
        "test_bal_acc_std": 0.14221722157606215,
        "test_f1_mean": 0.7305421932208707,
        "test_f1_std": 0.16170381390701735,
        "test_kappa_mean": 0.6206260330683613,
        "test_kappa_std": 0.21217756473042546,
        "confusion_matrix": [
          [
            73.67792207792209,
            11.71298701298701,
            14.609090909090908
          ],
          [
            8.976623376623374,
            70.19480519480518,
            20.82857142857143
          ],
          [
            8.059018759018759,
            10.850505050505053,
            81.0904761904762
          ]
        ]
      },
      "per_participant": [
        {
          "participant": "3208",
          "train_size": 3,
          "n_seeds": 20,
          "n_train_samples_mean": 9.0,
          "n_test_samples_mean": 33.0,
          "test_acc_mean": 0.7651515151515151,
          "test_acc_std": 0.040387423483574485,
          "test_bal_acc_mean": 0.7651515151515151,
          "test_bal_acc_std": 0.040387423483574526,
          "test_f1_mean": 0.7473935194646035,
          "test_f1_std": 0.039700026227234606,
          "test_kappa_mean": 0.6477272727272727,
          "test_kappa_std": 0.06058113522536176,
          "confusion_matrix": [
            [
              88.18181818181817,
              11.363636363636365,
              0.4545454545454546
            ],
            [
              22.272727272727273,
              45.45454545454547,
              32.272727272727266
            ],
            [
              0.9090909090909092,
              3.181818181818182,
              95.9090909090909
            ]
          ]
        },
        {
          "participant": "3209",
          "train_size": 3,
          "n_seeds": 20,
          "n_train_samples_mean": 9.0,
          "n_test_samples_mean": 32.0,
          "test_acc_mean": 0.7125,
          "test_acc_std": 0.06995064049215817,
          "test_bal_acc_mean": 0.7143939393939396,
          "test_bal_acc_std": 0.07147293512421612,
          "test_f1_mean": 0.6908546751846312,
          "test_f1_std": 0.07978944189357724,
          "test_kappa_mean": 0.5667238728951395,
          "test_kappa_std": 0.10612678794505791,
          "confusion_matrix": [
            [
              100.0,
              0.0,
              0.0
            ],
            [
              63.18181818181819,
              36.81818181818182,
              0.0
            ],
            [
              14.5,
              8.0,
              77.5
            ]
          ]
        },
        {
          "participant": "3214",
          "train_size": 3,
          "n_seeds": 20,
          "n_train_samples_mean": 9.0,
          "n_test_samples_mean": 33.0,
          "test_acc_mean": 0.5590909090909091,
          "test_acc_std": 0.04109915091442423,
          "test_bal_acc_mean": 0.5590909090909092,
          "test_bal_acc_std": 0.041099150914424225,
          "test_f1_mean": 0.5540939031516835,
          "test_f1_std": 0.041019497035192545,
          "test_kappa_mean": 0.33863636363636357,
          "test_kappa_std": 0.061648726371636334,
          "confusion_matrix": [
            [
              98.63636363636364,
              0.0,
              1.3636363636363638
            ],
