{
  "name": "pose_gsr_ecg",
  "config": {
    "n_seeds": 20,
    "feature_selection": "backward",
    "use_pose_derivatives": true,
    "use_time_features": false,
    "include_order": false,
    "normalize_features": true,
    "class_config": "all",
    "use_pca": false,
    "pca_variance": 0.9,
    "write_cm": true,
    "tune_hyperparameters": false,
    "tune_n_iter": 30,
    "tune_cv_folds": 5,
    "name": "pose_gsr_ecg",
    "feature_groups": [
      "pose",
      "gsr",
      "ecg"
    ],
    "split_strategy": "participant_specific",
    "sampling_strategy": "temporal_stratified"
  },
  "sampling_strategy": "temporal_stratified",
  "n_seeds": 20,
  "learning_curve": [
    {
      "aggregated": {
        "train_size": 2,
        "n_participants": 37,
        "n_seeds": 20,
        "test_acc_mean": 0.5919019826277891,
        "test_acc_std": 0.09364728722552158,
        "test_bal_acc_mean": 0.59131006006006,
        "test_bal_acc_std": 0.09378766127703164,
        "test_f1_mean": 0.5520334878509578,
        "test_f1_std": 0.10649527460820135,
        "test_kappa_mean": 0.3846558707548816,
        "test_kappa_std": 0.14052290417300212,
        "confusion_matrix": [
          [
            61.8918918918919,
            23.310810810810818,
            14.797297297297296
          ],
          [
            15.788288288288284,
            66.38513513513513,
            17.82657657657657
          ],
          [
            20.415862290862286,
            30.46814671814672,
            49.115990990991
          ]
        ]
      },
      "per_participant": [
        {
          "participant": "3208",
          "train_size": 2,
          "n_seeds": 20,
          "n_train_samples_mean": 6.0,
          "n_test_samples_mean": 36.0,
          "test_acc_mean": 0.5513888888888889,
          "test_acc_std": 0.1148051857246255,
          "test_bal_acc_mean": 0.5513888888888889,
          "test_bal_acc_std": 0.1148051857246255,
          "test_f1_mean": 0.509087744240438,
          "test_f1_std": 0.1474283131710709,
          "test_kappa_mean": 0.3270833333333333,
          "test_kappa_std": 0.17220777858693825,
          "confusion_matrix": [
            [
              58.75,
              30.833333333333336,
              10.416666666666666
            ],
            [
              21.25,
              57.916666666666664,
              20.833333333333332
            ],
            [
              14.166666666666666,
              37.08333333333333,
              48.74999999999999
            ]
          ]
        },
        {
          "participant": "3209",
          "train_size": 2,
          "n_seeds": 20,
          "n_train_samples_mean": 6.0,
          "n_test_samples_mean": 36.0,
          "test_acc_mean": 0.55,
          "test_acc_std": 0.09689795547470899,
          "test_bal_acc_mean": 0.55,
          "test_bal_acc_std": 0.09689795547470897,
          "test_f1_mean": 0.48164991335468343,
          "test_f1_std": 0.12439127506910055,
          "test_kappa_mean": 0.32500000000000007,
          "test_kappa_std": 0.1453469332120635,
          "confusion_matrix": [
            [
              92.5,
              7.499999999999998,
              0.0
            ],
            [
              42.083333333333336,
              56.249999999999986,
              1.6666666666666665
            ],
            [
              54.583333333333314,
              29.166666666666664,
              16.250000000000004
            ]
          ]
        },
        {
          "participant": "3210",
          "train_size": 2,
          "n_seeds": 20,
          "n_train_samples_mean": 6.0,
          "n_test_samples_mean": 36.0,
          "test_acc_mean": 0.8291666666666666,
          "test_acc_std": 0.14314388631629923,
          "test_bal_acc_mean": 0.8291666666666666,
          "test_bal_acc_std": 0.14314388631629923,
          "test_f1_mean": 0.8150835684768148,
          "test_f1_std": 0.16227519008320926,
          "test_kappa_mean": 0.74375,
          "test_kappa_std": 0.2147158294744488,
          "confusion_matrix": [
            [
              75.41666666666669,
              17.916666666666668,
              6.666666666666667
            ],
            [
              0.0,
              100.0,
              0.0
            ],
            [
              2.9166666666666656,
              23.750000000000004,
              73.33333333333334
            ]
          ]
        },
        {
          "participant": "3214",
          "train_size": 2,
          "n_seeds": 20,
          "n_train_samples_mean": 6.0,
          "n_test_samples_mean": 36.0,
          "test_acc_mean": 0.5250000000000001,
          "test_acc_std": 0.08055807618560938,
          "test_bal_acc_mean": 0.525,
          "test_bal_acc_std": 0.0805580761856094,
          "test_f1_mean": 0.5115502075874694,
          "test_f1_std": 0.08325973728107365,
          "test_kappa_mean": 0.2875000000000001,
          "test_kappa_std": 0.12083711427841408,
          "confusion_matrix": [
            [
              67.91666666666666,
              23.75,
              8.333333333333332
            ],
            [
              13.75,
              51.25,
              35.0
            ],
            [
              1.2499999999999998,
              60.416666666666664,
              38.33333333333333
            ]
          ]
        },
        {
          "participant": "3215",
          "train_size": 2,
          "n_seeds": 20,
          "n_train_samples_mean": 6.0,
          "n_test_samples_mean": 36.0,
          "test_acc_mean": 0.5305555555555556,
          "test_acc_std": 0.08401282429411563,
          "test_bal_acc_mean": 0.5305555555555556,
          "test_bal_acc_std": 0.08401282429411563,
          "test_f1_mean": 0.46800047031596703,
          "test_f1_std": 0.10461685018128364,
          "test_kappa_mean": 0.29583333333333334,
          "test_kappa_std": 0.12601923644117344,
          "confusion_matrix": [
            [
              80.0,
              13.75,
              6.249999999999998
            ],
            [
              41.24999999999999,
              22.916666666666664,
              35.83333333333333
            ],
            [
              26.25,
              17.5,
              56.25
            ]
          ]
        },
        {
          "participant": "3216",
          "train_size": 2,
          "n_seeds": 20,
          "n_train_samples_mean": 6.0,
          "n_test_samples_mean": 36.0,
          "test_acc_mean": 0.5611111111111111,
          "test_acc_std": 0.07130547268862068,
          "test_bal_acc_mean": 0.5611111111111111,
          "test_bal_acc_std": 0.07130547268862068,
          "test_f1_mean": 0.5209642798610925,
          "test_f1_std": 0.09489589704606423,
          "test_kappa_mean": 0.3416666666666667,
          "test_kappa_std": 0.10695820903293099,
          "confusion_matrix": [
            [
              76.66666666666666,
              14.999999999999996,
              8.333333333333332
            ],
            [
              15.0,
              62.916666666666664,
              22.08333333333333
            ],
            [
              37.083333333333336,
              34.16666666666667,
              28.750000000000007
            ]
          ]
        },
        {
          "participant": "3217",
          "train_size": 2,
          "n_seeds": 20,
          "n_train_samples_mean": 6.0,
          "n_test_samples_mean": 36.0,
          "test_acc_mean": 0.5930555555555557,
          "test_acc_std": 0.07922371495358023,
          "test_bal_acc_mean": 0.5930555555555557,
          "test_bal_acc_std": 0.07922371495358026,
          "test_f1_mean": 0.5743162475041819,
          "test_f1_std": 0.09575763917210708,
          "test_kappa_mean": 0.3895833333333333,
          "test_kappa_std": 0.11883557243037038,
          "confusion_matrix": [
            [
              62.08333333333333,
              34.583333333333336,
              3.3333333333333335
            ],
            [
              21.66666666666666,
              69.58333333333334,
              8.749999999999998
            ],
            [
              11.666666666666668,
              42.083333333333336,
              46.25
            ]
          ]
        },
        {
          "participant": "3218",
          "train_size": 2,
          "n_seeds": 20,
          "n_train_samples_mean": 6.0,
          "n_test_samples_mean": 36.0,
          "test_acc_mean": 0.6583333333333333,
          "test_acc_std": 0.11993473425505935,
          "test_bal_acc_mean": 0.6583333333333332,
          "test_bal_acc_std": 0.11993473425505935,
          "test_f1_mean": 0.6308648431677564,
          "test_f1_std": 0.1448856168301332,
          "test_kappa_mean": 0.4875,
          "test_kappa_std": 0.17990210138258902,
          "confusion_matrix": [
            [
              88.75,
              10.833333333333332,
              0.41666666666666663
            ],
            [
              28.333333333333336,
              64.16666666666666,
              7.5
            ],
            [
              15.000000000000004,
              40.41666666666667,
              44.58333333333333
            ]
          ]
        },
        {
          "participant": "3219",
          "train_size": 2,
          "n_seeds": 20,
          "n_train_samples_mean": 6.0,
          "n_test_samples_mean": 31.0,
          "test_acc_mean": 0.5693548387096773,
          "test_acc_std": 0.09664677520010856,
          "test_bal_acc_mean": 0.5527777777777778,
          "test_bal_acc_std": 0.11306390543413113,
          "test_f1_mean": 0.5357362573209159,
          "test_f1_std": 0.1328634804310937,
          "test_kappa_mean": 0.3322476685614362,
          "test_kappa_std": 0.16453707174546625,
          "confusion_matrix": [
            [
              61.25,
              34.58333333333334,
              4.166666666666666
            ],
            [
              14.583333333333332,
              59.58333333333333,
              25.833333333333332
            ],
            [
              26.428571428571427,
              28.571428571428573,
              45.00000000000001
            ]
          ]
        },
        {
          "participant": "3220",
          "train_size": 2,
          "n_seeds": 20,
          "n_train_samples_mean": 6.0,
          "n_test_samples_mean": 36.0,
          "test_acc_mean": 0.5652777777777779,
          "test_acc_std": 0.12626069908151785,
          "test_bal_acc_mean": 0.5652777777777778,
          "test_bal_acc_std": 0.12626069908151788,
          "test_f1_mean": 0.4983549800235821,
          "test_f1_std": 0.1683560380795655,
          "test_kappa_mean": 0.34791666666666665,
          "test_kappa_std": 0.18939104862227676,
          "confusion_matrix": [
            [
              40.00000000000001,
              53.33333333333333,
              6.666666666666666
            ],
            [
              8.333333333333332,
              88.33333333333334,
              3.333333333333333
            ],
            [
              21.249999999999993,
              37.500000000000014,
              41.24999999999999
            ]
          ]
        },
        {
          "participant": "3221",
          "train_size": 2,
          "n_seeds": 20,
          "n_train_samples_mean": 6.0,
          "n_test_samples_mean": 36.0,
          "test_acc_mean": 0.5097222222222222,
          "test_acc_std": 0.10404232344688445,
          "test_bal_acc_mean": 0.5097222222222222,
          "test_bal_acc_std": 0.10404232344688447,
          "test_f1_mean": 0.4394239847558645,
          "test_f1_std": 0.12915901541872485,
          "test_kappa_mean": 0.26458333333333334,
          "test_kappa_std": 0.15606348517032667,
          "confusion_matrix": [
            [
              42.91666666666667,
              50.416666666666664,
              6.666666666666666
            ],
            [
              10.0,
              88.75,
              1.2499999999999998
            ],
            [
              32.08333333333333,
              46.66666666666667,
              21.249999999999996
            ]
          ]
        },
        {
          "participant": "3223",
          "train_size": 2,
          "n_seeds": 20,
          "n_train_samples_mean": 6.0,
          "n_test_samples_mean": 36.0,
          "test_acc_mean": 0.5416666666666667,
          "test_acc_std": 0.08136066712266973,
          "test_bal_acc_mean": 0.5416666666666667,
          "test_bal_acc_std": 0.08136066712266973,
          "test_f1_mean": 0.5053352553167691,
          "test_f1_std": 0.11513325808107228,
          "test_kappa_mean": 0.3125,
          "test_kappa_std": 0.12204100068400463,
          "confusion_matrix": [
            [
              46.24999999999999,
              13.333333333333332,
              40.41666666666667
            ],
            [
              13.333333333333332,
              73.33333333333334,
              13.333333333333332
            ],
            [
              5.416666666666666,
              51.66666666666667,
              42.916666666666664
            ]
          ]
        },
        {
          "participant": "3224",
          "train_size": 2,
          "n_seeds": 20,
          "n_train_samples_mean": 6.0,
          "n_test_samples_mean": 36.0,
          "test_acc_mean": 0.6736111111111112,
          "test_acc_std": 0.09949311102935818,
          "test_bal_acc_mean": 0.673611111111111,
          "test_bal_acc_std": 0.09949311102935819,
          "test_f1_mean": 0.6404929594078637,
          "test_f1_std": 0.12774642830208413,
          "test_kappa_mean": 0.5104166666666666,
          "test_kappa_std": 0.14923966654403725,
          "confusion_matrix": [
            [
              54.58333333333333,
              22.5,
              22.916666666666664
            ],
            [
              13.333333333333334,
              64.58333333333334,
              22.083333333333336
            ],
            [
              7.499999999999998,
              9.583333333333334,
              82.91666666666666
            ]
          ]
        },
        {
          "participant": "3225",
          "train_size": 2,
          "n_seeds": 20,
          "n_train_samples_mean": 6.0,
          "n_test_samples_mean": 36.0,
          "test_acc_mean": 0.4444444444444445,
          "test_acc_std": 0.10432492850825306,
          "test_bal_acc_mean": 0.4444444444444445,
          "test_bal_acc_std": 0.10432492850825306,
          "test_f1_mean": 0.4198046275042492,
          "test_f1_std": 0.11413873034658596,
          "test_kappa_mean": 0.16666666666666666,
          "test_kappa_std": 0.15648739276237958,
          "confusion_matrix": [
            [
              65.41666666666667,
              32.083333333333336,
              2.4999999999999996
            ],
            [
              20.416666666666668,
              45.416666666666664,
              34.166666666666664
            ],
            [
              0.8333333333333333,
              76.66666666666666,
              22.5
            ]
          ]
        },
        {
          "participant": "3226",
          "train_size": 2,
          "n_seeds": 20,
          "n_train_samples_mean": 6.0,
          "n_test_samples_mean": 36.0,
          "test_acc_mean": 0.6694444444444444,
          "test_acc_std": 0.10428599403087235,
          "test_bal_acc_mean": 0.6694444444444444,
          "test_bal_acc_std": 0.10428599403087237,
          "test_f1_mean": 0.6431115484008003,
          "test_f1_std": 0.12372140877729505,
          "test_kappa_mean": 0.5041666666666667,
          "test_kappa_std": 0.15642899104630853,
          "confusion_matrix": [
            [
              87.08333333333334,
              5.833333333333333,
              7.083333333333331
            ],
            [
              22.083333333333332,
              61.25,
              16.666666666666664
            ],
            [
              16.666666666666664,
              30.833333333333332,
              52.499999999999986
            ]
          ]
        },
        {
          "participant": "3227",
          "train_size": 2,
          "n_seeds": 20,
          "n_train_samples_mean": 6.0,
          "n_test_samples_mean": 36.0,
          "test_acc_mean": 0.5069444444444444,
          "test_acc_std": 0.0714619225026257,
          "test_bal_acc_mean": 0.5069444444444444,
          "test_bal_acc_std": 0.07146192250262569,
          "test_f1_mean": 0.4626171614941361,
          "test_f1_std": 0.08214402672316375,
          "test_kappa_mean": 0.26041666666666674,
          "test_kappa_std": 0.10719288375393854,
          "confusion_matrix": [
            [
              32.91666666666666,
              63.333333333333314,
              3.749999999999999
            ],
            [
              8.75,
              37.5,
              53.750000000000014
            ],
            [
              0.41666666666666663,
              17.916666666666664,
              81.66666666666667
            ]
          ]
        },
        {
          "participant": "3228",
          "train_size": 2,
          "n_seeds": 20,
          "n_train_samples_mean": 6.0,
          "n_test_samples_mean": 27.0,
          "test_acc_mean": 0.6185185185185185,
          "test_acc_std": 0.09315617953354605,
          "test_bal_acc_mean": 0.6305555555555554,
          "test_bal_acc_std": 0.14728978919565178,
          "test_f1_mean": 0.5912054121097585,
          "test_f1_std": 0.12493094336487343,
          "test_kappa_mean": 0.34571568983745204,
          "test_kappa_std": 0.1678235650485085,
          "confusion_matrix": [
            [
              66.66666666666667,
              31.666666666666657,
              1.6666666666666665
            ],
            [
              1.6666666666666665,
              75.0,
              23.333333333333332
            ],
            [
              1.6666666666666665,
              50.83333333333333,
              47.49999999999999
            ]
          ]
        },
        {
          "participant": "3229",
          "train_size": 2,
          "n_seeds": 20,
          "n_train_samples_mean": 6.0,
          "n_test_samples_mean": 36.0,
          "test_acc_mean": 0.46805555555555556,
          "test_acc_std": 0.06700389852205614,
          "test_bal_acc_mean": 0.46805555555555556,
          "test_bal_acc_std": 0.06700389852205614,
          "test_f1_mean": 0.4125844322010151,
          "test_f1_std": 0.09112340889581973,
          "test_kappa_mean": 0.2020833333333333,
          "test_kappa_std": 0.10050584778308419,
          "confusion_matrix": [
            [
              28.333333333333332,
              25.416666666666668,
              46.25
            ],
            [
              34.16666666666667,
              30.833333333333336,
              34.99999999999999
            ],
            [
              15.0,
              3.75,
              81.25
            ]
          ]
        },
        {
          "participant": "3230",
          "train_size": 2,
          "n_seeds": 20,
          "n_train_samples_mean": 6.0,
          "n_test_samples_mean": 36.0,
          "test_acc_mean": 0.5847222222222223,
          "test_acc_std": 0.07932617049584621,
          "test_bal_acc_mean": 0.5847222222222223,
          "test_bal_acc_std": 0.0793261704958462,
          "test_f1_mean": 0.5358229221258192,
          "test_f1_std": 0.09603494188277002,
          "test_kappa_mean": 0.3770833333333333,
          "test_kappa_std": 0.11898925574376934,
          "confusion_matrix": [
            [
              43.75,
              14.583333333333332,
              41.66666666666666
            ],
            [
              24.166666666666664,
              72.08333333333334,
              3.749999999999999
            ],
            [
              25.833333333333332,
              14.583333333333334,
              59.583333333333336
            ]
          ]
        },
        {
          "participant": "3232",
          "train_size": 2,
          "n_seeds": 20,
          "n_train_samples_mean": 6.0,
          "n_test_samples_mean": 36.0,
          "test_acc_mean": 0.5402777777777777,
          "test_acc_std": 0.0777751670405608,
          "test_bal_acc_mean": 0.5402777777777777,
          "test_bal_acc_std": 0.0777751670405608,
          "test_f1_mean": 0.5052368401700332,
          "test_f1_std": 0.09306240978316624,
          "test_kappa_mean": 0.3104166666666667,
          "test_kappa_std": 0.11666275056084122,
          "confusion_matrix": [
            [
              39.99999999999999,
              23.33333333333333,
              36.66666666666667
            ],
            [
              22.5,
              49.58333333333333,
              27.916666666666668
            ],
            [
              22.916666666666668,
              4.583333333333332,
              72.5
            ]
          ]
        },
        {
          "participant": "3233",
          "train_size": 2,
          "n_seeds": 20,
          "n_train_samples_mean": 6.0,
          "n_test_samples_mean": 36.0,
          "test_acc_mean": 0.663888888888889,
          "test_acc_std": 0.1302581532370636,
          "test_bal_acc_mean": 0.663888888888889,
          "test_bal_acc_std": 0.1302581532370636,
          "test_f1_mean": 0.6304802059584901,
          "test_f1_std": 0.1613591914617099,
          "test_kappa_mean": 0.4958333333333333,
          "test_kappa_std": 0.1953872298555954,
          "confusion_matrix": [
            [
              42.08333333333333,
              42.49999999999999,
              15.416666666666668
            ],
            [
              2.083333333333333,
              92.08333333333334,
              5.833333333333333
            ],
            [
              1.2499999999999998,
              33.75,
              65.0
            ]
          ]
        },
        {
          "participant": "3234",
          "train_size": 2,
          "n_seeds": 20,
          "n_train_samples_mean": 6.0,
          "n_test_samples_mean": 36.0,
          "test_acc_mean": 0.37222222222222223,
          "test_acc_std": 0.07773599546061923,
          "test_bal_acc_mean": 0.37222222222222223,
          "test_bal_acc_std": 0.07773599546061923,
          "test_f1_mean": 0.2717582053574388,
          "test_f1_std": 0.09812881204532442,
          "test_kappa_mean": 0.05833333333333335,
          "test_kappa_std": 0.1166039931909288,
          "confusion_matrix": [
            [
              87.08333333333334,
              0.0,
              12.916666666666668
            ],
            [
              45.833333333333336,
              5.416666666666666,
              48.75000000000001
            ],
            [
              77.08333333333334,
              3.75,
              19.166666666666664
            ]
          ]
        },
        {
          "participant": "3235",
          "train_size": 2,
          "n_seeds": 20,
          "n_train_samples_mean": 6.0,
          "n_test_samples_mean": 36.0,
          "test_acc_mean": 0.7375,
          "test_acc_std": 0.07180208430986573,
          "test_bal_acc_mean": 0.7374999999999999,
          "test_bal_acc_std": 0.0718020843098657,
          "test_f1_mean": 0.714862059981989,
          "test_f1_std": 0.09525967854184982,
          "test_kappa_mean": 0.60625,
          "test_kappa_std": 0.10770312646479856,
          "confusion_matrix": [
            [
              77.08333333333334,
              15.833333333333332,
              7.083333333333333
            ],
            [
              2.4999999999999996,
              97.49999999999999,
              0.0
            ],
            [
              19.58333333333333,
              33.75000000000001,
              46.66666666666667
            ]
          ]
        },
        {
          "participant": "3236",
          "train_size": 2,
          "n_seeds": 20,
          "n_train_samples_mean": 6.0,
          "n_test_samples_mean": 36.0,
          "test_acc_mean": 0.6347222222222222,
          "test_acc_std": 0.08467487412445442,
          "test_bal_acc_mean": 0.6347222222222222,
          "test_bal_acc_std": 0.08467487412445443,
          "test_f1_mean": 0.6169099870085183,
          "test_f1_std": 0.10260298960797,
          "test_kappa_mean": 0.4520833333333333,
          "test_kappa_std": 0.12701231118668166,
          "confusion_matrix": [
            [
              55.416666666666664,
              26.249999999999993,
              18.33333333333333
            ],
            [
              0.8333333333333333,
              78.75,
              20.416666666666664
            ],
            [
              17.916666666666664,
              25.833333333333332,
              56.25
            ]
          ]
        },
        {
          "participant": "3237",
          "train_size": 2,
          "n_seeds": 20,
          "n_train_samples_mean": 6.0,
          "n_test_samples_mean": 36.0,
          "test_acc_mean": 0.6833333333333333,
          "test_acc_std": 0.06269867707187053,
          "test_bal_acc_mean": 0.6833333333333333,
          "test_bal_acc_std": 0.06269867707187053,
          "test_f1_mean": 0.6602570010016074,
          "test_f1_std": 0.07327692331106021,
          "test_kappa_mean": 0.5250000000000001,
          "test_kappa_std": 0.09404801560780579,
          "confusion_matrix": [
            [
              43.74999999999999,
              9.583333333333336,
              46.66666666666667
            ],
            [
              13.333333333333334,
              78.74999999999999,
              7.916666666666666
            ],
            [
              12.499999999999998,
              4.999999999999999,
              82.50000000000001
            ]
          ]
        },
        {
          "participant": "3238",
          "train_size": 2,
          "n_seeds": 20,
          "n_train_samples_mean": 6.0,
          "n_test_samples_mean": 36.0,
          "test_acc_mean": 0.46805555555555556,
          "test_acc_std": 0.06879816229015805,
          "test_bal_acc_mean": 0.46805555555555556,
          "test_bal_acc_std": 0.06879816229015803,
          "test_f1_mean": 0.4237658270807631,
          "test_f1_std": 0.09084615391728096,
          "test_kappa_mean": 0.2020833333333333,
          "test_kappa_std": 0.10319724343523705,
          "confusion_matrix": [
            [
              34.166666666666664,
              24.583333333333336,
              41.25
            ],
            [
              10.0,
              31.666666666666668,
              58.333333333333336
            ],
            [
              7.083333333333331,
              18.33333333333333,
              74.58333333333333
            ]
          ]
        },
        {
          "participant": "3239",
          "train_size": 2,
          "n_seeds": 20,
          "n_train_samples_mean": 6.0,
          "n_test_samples_mean": 32.0,
          "test_acc_mean": 0.625,
          "test_acc_std": 0.08896794958091132,
          "test_bal_acc_mean": 0.607638888888889,
          "test_bal_acc_std": 0.10489511376983929,
          "test_f1_mean": 0.5939490225133881,
          "test_f1_std": 0.11925422576819973,
          "test_kappa_mean": 0.42305385953173114,
          "test_kappa_std": 0.14912957618977146,
          "confusion_matrix": [
            [
              59.166666666666664,
              18.75,
              22.083333333333332
            ],
            [
              17.083333333333336,
              76.24999999999999,
              6.666666666666666
            ],
            [
              40.625,
              12.5,
              46.875
            ]
          ]
        },
        {
          "participant": "3240",
          "train_size": 2,
          "n_seeds": 20,
          "n_train_samples_mean": 6.0,
          "n_test_samples_mean": 36.0,
          "test_acc_mean": 0.6180555555555556,
          "test_acc_std": 0.08638421133986762,
          "test_bal_acc_mean": 0.6180555555555556,
          "test_bal_acc_std": 0.08638421133986764,
          "test_f1_mean": 0.5842756368827102,
          "test_f1_std": 0.1141477554631597,
          "test_kappa_mean": 0.42708333333333337,
          "test_kappa_std": 0.12957631700980143,
          "confusion_matrix": [
            [
              77.08333333333333,
              9.583333333333332,
              13.333333333333332
            ],
            [
              21.666666666666664,
              74.16666666666666,
              4.166666666666665
            ],
            [
              46.66666666666667,
              19.166666666666664,
              34.16666666666666
            ]
          ]
        },
        {
          "participant": "3241",
          "train_size": 2,
          "n_seeds": 20,
          "n_train_samples_mean": 6.0,
          "n_test_samples_mean": 36.0,
          "test_acc_mean": 0.5416666666666666,
          "test_acc_std": 0.0852603702445809,
          "test_bal_acc_mean": 0.5416666666666666,
          "test_bal_acc_std": 0.0852603702445809,
          "test_f1_mean": 0.5095733138819387,
          "test_f1_std": 0.10378720446961984,
          "test_kappa_mean": 0.3125,
          "test_kappa_std": 0.12789055536687133,
          "confusion_matrix": [
            [
              46.24999999999999,
              29.166666666666668,
              24.583333333333336
            ],
            [
              29.166666666666664,
              57.916666666666664,
              12.916666666666666
            ],
            [
              32.916666666666664,
              8.749999999999998,
              58.33333333333333
            ]
          ]
        },
        {
          "participant": "3242",
          "train_size": 2,
          "n_seeds": 20,
          "n_train_samples_mean": 6.0,
          "n_test_samples_mean": 36.0,
          "test_acc_mean": 0.7930555555555556,
          "test_acc_std": 0.07402989667046439,
          "test_bal_acc_mean": 0.7930555555555555,
          "test_bal_acc_std": 0.07402989667046436,
          "test_f1_mean": 0.7836002679496369,
          "test_f1_std": 0.08084728125994112,
          "test_kappa_mean": 0.6895833333333334,
          "test_kappa_std": 0.11104484500569659,
          "confusion_matrix": [
            [
              82.5,
              16.666666666666668,
              0.8333333333333333
            ],
            [
              20.416666666666664,
              69.58333333333334,
              10.0
            ],
            [
              4.999999999999999,
              9.166666666666668,
              85.83333333333333
            ]
          ]
        },
        {
          "participant": "3243",
          "train_size": 2,
          "n_seeds": 20,
          "n_train_samples_mean": 6.0,
          "n_test_samples_mean": 36.0,
          "test_acc_mean": 0.6361111111111111,
          "test_acc_std": 0.09097515173177004,
          "test_bal_acc_mean": 0.636111111111111,
          "test_bal_acc_std": 0.09097515173177004,
          "test_f1_mean": 0.5796231758425245,
          "test_f1_std": 0.12073173723208262,
          "test_kappa_mean": 0.4541666666666667,
          "test_kappa_std": 0.1364627275976551,
          "confusion_matrix": [
            [
              86.25000000000001,
              6.249999999999999,
              7.5
            ],
            [
              13.333333333333332,
              80.00000000000001,
              6.666666666666666
            ],
            [
              29.583333333333332,
              45.833333333333336,
              24.583333333333332
            ]
          ]
        },
        {
          "participant": "3244",
          "train_size": 2,
          "n_seeds": 20,
          "n_train_samples_mean": 6.0,
          "n_test_samples_mean": 36.0,
          "test_acc_mean": 0.6291666666666667,
          "test_acc_std": 0.08796809259691664,
          "test_bal_acc_mean": 0.6291666666666667,
          "test_bal_acc_std": 0.08796809259691667,
          "test_f1_mean": 0.5672675935064668,
          "test_f1_std": 0.1053383430535157,
          "test_kappa_mean": 0.4437499999999999,
          "test_kappa_std": 0.13195213889537497,
          "confusion_matrix": [
            [
              75.41666666666666,
              4.583333333333333,
              20.0
            ],
            [
              7.499999999999998,
              90.83333333333333,
              1.6666666666666665
            ],
            [
              43.75,
              33.74999999999999,
              22.499999999999996
            ]
          ]
        },
        {
          "participant": "3245",
          "train_size": 2,
          "n_seeds": 20,
          "n_train_samples_mean": 6.0,
          "n_test_samples_mean": 36.0,
          "test_acc_mean": 0.7263888888888889,
          "test_acc_std": 0.14843645800906463,
          "test_bal_acc_mean": 0.7263888888888889,
          "test_bal_acc_std": 0.14843645800906463,
          "test_f1_mean": 0.6914909375322746,
          "test_f1_std": 0.17966352034616068,
          "test_kappa_mean": 0.5895833333333333,
          "test_kappa_std": 0.22265468701359692,
          "confusion_matrix": [
            [
              69.16666666666669,
              18.333333333333336,
              12.5
            ],
            [
              0.41666666666666663,
              99.58333333333334,
              0.0
            ],
            [
              11.250000000000002,
              39.583333333333336,
              49.16666666666666
            ]
          ]
        },
        {
          "participant": "3246",
          "train_size": 2,
          "n_seeds": 20,
          "n_train_samples_mean": 6.0,
          "n_test_samples_mean": 36.0,
          "test_acc_mean": 0.5375000000000001,
          "test_acc_std": 0.0884285411368374,
          "test_bal_acc_mean": 0.5375000000000001,
          "test_bal_acc_std": 0.0884285411368374,
          "test_f1_mean": 0.46253927160597863,
          "test_f1_std": 0.10613825644166758,
          "test_kappa_mean": 0.30625,
          "test_kappa_std": 0.1326428117052561,
          "confusion_matrix": [
            [
              51.25,
              45.41666666666667,
              3.333333333333333
            ],
            [
              0.8333333333333333,
              99.16666666666666,
              0.0
            ],
            [
              25.416666666666668,
              63.75,
              10.833333333333332
            ]
          ]
        },
        {
          "participant": "3247",
          "train_size": 2,
          "n_seeds": 20,
          "n_train_samples_mean": 6.0,
          "n_test_samples_mean": 36.0,
          "test_acc_mean": 0.5902777777777778,
          "test_acc_std": 0.15941204308389606,
          "test_bal_acc_mean": 0.5902777777777778,
          "test_bal_acc_std": 0.1594120430838961,
          "test_f1_mean": 0.558744107726899,
          "test_f1_std": 0.18331304437493867,
          "test_kappa_mean": 0.38541666666666663,
          "test_kappa_std": 0.2391180646258441,
          "confusion_matrix": [
            [
              52.91666666666665,
              45.0,
              2.083333333333333
            ],
            [
              4.166666666666666,
              78.75,
              17.08333333333333
            ],
            [
              5.416666666666666,
              49.16666666666667,
              45.41666666666666
            ]
          ]
        },
        {
          "participant": "3248",
          "train_size": 2,
          "n_seeds": 20,
          "n_train_samples_mean": 6.0,
          "n_test_samples_mean": 36.0,
          "test_acc_mean": 0.6055555555555555,
          "test_acc_std": 0.08530798843887938,
          "test_bal_acc_mean": 0.6055555555555555,
          "test_bal_acc_std": 0.08530798843887938,
          "test_f1_mean": 0.5701129278487546,
          "test_f1_std": 0.10331113991859409,
          "test_kappa_mean": 0.4083333333333333,
          "test_kappa_std": 0.12796198265831912,
          "confusion_matrix": [
            [
              75.83333333333331,
              4.583333333333333,
              19.583333333333336
            ],
            [
              6.666666666666666,
              49.16666666666667,
              44.166666666666664
            ],
            [
              8.75,
              34.58333333333333,
              56.66666666666665
            ]
          ]
        },
        {
          "participant": "3250",
          "train_size": 2,
          "n_seeds": 20,
          "n_train_samples_mean": 6.0,
          "n_test_samples_mean": 36.0,
          "test_acc_mean": 0.5472222222222223,
          "test_acc_std": 0.09326752065621088,
          "test_bal_acc_mean": 0.5472222222222223,
          "test_bal_acc_std": 0.09326752065621091,
          "test_f1_mean": 0.5047858534668491,
          "test_f1_std": 0.12027684984431025,
          "test_kappa_mean": 0.3208333333333333,
          "test_kappa_std": 0.13990128098431634,
          "confusion_matrix": [
            [
              63.333333333333336,
              20.833333333333336,
              15.833333333333332
            ],
            [
              11.666666666666668,
              65.41666666666666,
              22.916666666666668
            ],
            [
              31.666666666666668,
              32.91666666666667,
              35.416666666666664
            ]
          ]
        }
      ]
    },
    {
      "aggregated": {
        "train_size": 3,
        "n_participants": 37,
        "n_seeds": 20,
        "test_acc_mean": 0.7174955519783106,
        "test_acc_std": 0.13985392358234328,
        "test_bal_acc_mean": 0.7175305175305176,
        "test_bal_acc_std": 0.14088666202149683,
        "test_f1_mean": 0.6977343928865682,
        "test_f1_std": 0.16107296611203076,
        "test_kappa_mean": 0.5743300907448682,
        "test_kappa_std": 0.2089541174960466,
        "confusion_matrix": [
          [
            74.57002457002457,
            10.528255528255528,
            14.901719901719906
          ],
          [
            10.307125307125308,
            67.59213759213759,
            22.100737100737103
          ],
          [
            12.52135252135252,
            14.381654381654386,
            73.09699309699312
          ]
        ]
      },
      "per_participant": [
        {
          "participant": "3208",
          "train_size": 3,
          "n_seeds": 20,
          "n_train_samples_mean": 9.0,
          "n_test_samples_mean": 33.0,
          "test_acc_mean": 0.7484848484848484,
          "test_acc_std": 0.06379186590409908,
          "test_bal_acc_mean": 0.7484848484848484,
          "test_bal_acc_std": 0.0637918659040991,
          "test_f1_mean": 0.7309803908064781,
          "test_f1_std": 0.05870901408138406,
          "test_kappa_mean": 0.6227272727272727,
          "test_kappa_std": 0.09568779885614861,
          "confusion_matrix": [
            [
              92.72727272727272,
              6.363636363636364,
              0.9090909090909092
            ],
            [
              33.18181818181819,
              43.63636363636364,
              23.181818181818183
            ],
            [
              3.6363636363636367,
              8.181818181818183,
              88.18181818181819
            ]
          ]
        },
        {
          "participant": "3209",
          "train_size": 3,
          "n_seeds": 20,
          "n_train_samples_mean": 9.0,
          "n_test_samples_mean": 33.0,
          "test_acc_mean": 0.49696969696969706,
          "test_acc_std": 0.033195306515464616,
          "test_bal_acc_mean": 0.49696969696969706,
          "test_bal_acc_std": 0.03319530651546462,
          "test_f1_mean": 0.4308023951212806,
          "test_f1_std": 0.04456672636995994,
          "test_kappa_mean": 0.24545454545454543,
