{
  "name": "pose_eye_gsr_ecg",
  "config": {
    "n_seeds": 20,
    "feature_selection": "backward",
    "use_pose_derivatives": true,
    "use_time_features": false,
    "include_order": false,
    "normalize_features": true,
    "class_config": "all",
    "use_pca": false,
    "pca_variance": 0.9,
    "write_cm": true,
    "tune_hyperparameters": false,
    "tune_n_iter": 30,
    "tune_cv_folds": 5,
    "name": "pose_eye_gsr_ecg",
    "feature_groups": [
      "pose",
      "eye_tracking",
      "gsr",
      "ecg"
    ],
    "split_strategy": "participant_specific",
    "sampling_strategy": "temporal_stratified"
  },
  "sampling_strategy": "temporal_stratified",
  "n_seeds": 20,
  "learning_curve": [
    {
      "aggregated": {
        "train_size": 2,
        "n_participants": 36,
        "n_seeds": 20,
        "test_acc_mean": 0.6394921179340777,
        "test_acc_std": 0.11216801685524934,
        "test_bal_acc_mean": 0.6376609514456736,
        "test_bal_acc_std": 0.11267639174430336,
        "test_f1_mean": 0.606058003621055,
        "test_f1_std": 0.13091885048785676,
        "test_kappa_mean": 0.4563216164308238,
        "test_kappa_std": 0.1671356981029249,
        "confusion_matrix": [
          [
            66.67824074074075,
            16.496212121212118,
            16.825547138047135
          ],
          [
            15.615179573512908,
            67.80934343434343,
            16.57547699214366
          ],
          [
            17.508272206188874,
            25.681026535193197,
            56.81070125861792
          ]
        ]
      },
      "per_participant": [
        {
          "participant": "3208",
          "train_size": 2,
          "n_seeds": 20,
          "n_train_samples_mean": 6.0,
          "n_test_samples_mean": 36.0,
          "test_acc_mean": 0.6694444444444445,
          "test_acc_std": 0.10467468711898208,
          "test_bal_acc_mean": 0.6694444444444445,
          "test_bal_acc_std": 0.10467468711898206,
          "test_f1_mean": 0.6502247463535589,
          "test_f1_std": 0.11641745215830093,
          "test_kappa_mean": 0.5041666666666667,
          "test_kappa_std": 0.1570120306784731,
          "confusion_matrix": [
            [
              54.58333333333333,
              31.666666666666664,
              13.75
            ],
            [
              14.583333333333332,
              67.49999999999999,
              17.916666666666664
            ],
            [
              8.75,
              12.499999999999998,
              78.75
            ]
          ]
        },
        {
          "participant": "3209",
          "train_size": 2,
          "n_seeds": 20,
          "n_train_samples_mean": 6.0,
          "n_test_samples_mean": 35.0,
          "test_acc_mean": 0.6857142857142857,
          "test_acc_std": 0.11943296031076561,
          "test_bal_acc_mean": 0.6786616161616161,
          "test_bal_acc_std": 0.12173949105015028,
          "test_f1_mean": 0.6543071129575851,
          "test_f1_std": 0.14053753309983041,
          "test_kappa_mean": 0.5240771761650576,
          "test_kappa_std": 0.18188524160371186,
          "confusion_matrix": [
            [
              100.0,
              0.0,
              0.0
            ],
            [
              39.58333333333333,
              60.416666666666664,
              0.0
            ],
            [
              34.54545454545455,
              22.27272727272727,
              43.18181818181818
            ]
          ]
        },
        {
          "participant": "3214",
          "train_size": 2,
          "n_seeds": 20,
          "n_train_samples_mean": 6.0,
          "n_test_samples_mean": 36.0,
          "test_acc_mean": 0.6416666666666667,
          "test_acc_std": 0.06429757411976604,
          "test_bal_acc_mean": 0.6416666666666667,
          "test_bal_acc_std": 0.06429757411976608,
          "test_f1_mean": 0.612690348249114,
          "test_f1_std": 0.07808655070057652,
          "test_kappa_mean": 0.4625,
          "test_kappa_std": 0.09644636117964907,
          "confusion_matrix": [
            [
              96.66666666666666,
              1.6666666666666665,
              1.6666666666666665
            ],
            [
              10.833333333333332,
              42.5,
              46.666666666666664
            ],
            [
              5.833333333333333,
              40.833333333333336,
              53.333333333333336
            ]
          ]
        },
        {
          "participant": "3215",
          "train_size": 2,
          "n_seeds": 20,
          "n_train_samples_mean": 6.0,
          "n_test_samples_mean": 36.0,
          "test_acc_mean": 0.48194444444444445,
          "test_acc_std": 0.09883787040593685,
          "test_bal_acc_mean": 0.48194444444444445,
          "test_bal_acc_std": 0.09883787040593683,
          "test_f1_mean": 0.38584888074427415,
          "test_f1_std": 0.1235041713780112,
          "test_kappa_mean": 0.22291666666666665,
          "test_kappa_std": 0.14825680560890528,
          "confusion_matrix": [
            [
              98.75,
              0.41666666666666663,
              0.8333333333333333
            ],
            [
              62.083333333333336,
              9.166666666666668,
              28.750000000000007
            ],
            [
              60.000000000000014,
              3.333333333333333,
              36.666666666666664
            ]
          ]
        },
        {
          "participant": "3216",
          "train_size": 2,
          "n_seeds": 20,
          "n_train_samples_mean": 6.0,
          "n_test_samples_mean": 34.0,
          "test_acc_mean": 0.7617647058823528,
          "test_acc_std": 0.07627982875328974,
          "test_bal_acc_mean": 0.7513888888888889,
          "test_bal_acc_std": 0.080947824908239,
          "test_f1_mean": 0.7499124955662924,
          "test_f1_std": 0.08408887826659327,
          "test_kappa_mean": 0.639318726275037,
          "test_kappa_std": 0.11734164834970107,
          "confusion_matrix": [
            [
              89.16666666666667,
              8.333333333333334,
              2.499999999999999
            ],
            [
              2.083333333333333,
              78.75000000000001,
              19.166666666666664
            ],
            [
              10.0,
              32.5,
              57.5
            ]
          ]
        },
        {
          "participant": "3217",
          "train_size": 2,
          "n_seeds": 20,
          "n_train_samples_mean": 6.0,
          "n_test_samples_mean": 36.0,
          "test_acc_mean": 0.7555555555555556,
          "test_acc_std": 0.07518657754210607,
          "test_bal_acc_mean": 0.7555555555555558,
          "test_bal_acc_std": 0.07518657754210606,
          "test_f1_mean": 0.7482967265899316,
          "test_f1_std": 0.08262470626167719,
          "test_kappa_mean": 0.6333333333333333,
          "test_kappa_std": 0.11277986631315909,
          "confusion_matrix": [
            [
              77.50000000000001,
              18.749999999999996,
              3.7499999999999987
            ],
            [
              20.0,
              77.5,
              2.4999999999999996
            ],
            [
              5.833333333333333,
              22.499999999999996,
              71.66666666666666
            ]
          ]
        },
        {
          "participant": "3218",
          "train_size": 2,
          "n_seeds": 20,
          "n_train_samples_mean": 6.0,
          "n_test_samples_mean": 36.0,
          "test_acc_mean": 0.7263888888888889,
          "test_acc_std": 0.09634103586573539,
          "test_bal_acc_mean": 0.726388888888889,
          "test_bal_acc_std": 0.0963410358657354,
          "test_f1_mean": 0.7022263164431648,
          "test_f1_std": 0.12350371909649245,
          "test_kappa_mean": 0.5895833333333333,
          "test_kappa_std": 0.14451155379860306,
          "confusion_matrix": [
            [
              90.41666666666666,
              9.583333333333332,
              0.0
            ],
            [
              13.333333333333332,
              83.33333333333334,
              3.333333333333333
            ],
            [
              10.000000000000002,
              45.83333333333333,
              44.16666666666667
            ]
          ]
        },
        {
          "participant": "3219",
          "train_size": 2,
          "n_seeds": 20,
          "n_train_samples_mean": 6.0,
          "n_test_samples_mean": 29.0,
          "test_acc_mean": 0.5931034482758619,
          "test_acc_std": 0.11109094392497329,
          "test_bal_acc_mean": 0.5463203463203463,
          "test_bal_acc_std": 0.09975612832931652,
          "test_f1_mean": 0.5506134784509367,
          "test_f1_std": 0.12640952346566398,
          "test_kappa_mean": 0.3635769940522879,
          "test_kappa_std": 0.17222950271881549,
          "confusion_matrix": [
            [
              68.63636363636364,
              27.727272727272727,
              3.6363636363636367
            ],
            [
              7.272727272727272,
              74.54545454545456,
              18.18181818181818
            ],
            [
              17.857142857142854,
              61.42857142857141,
              20.714285714285708
            ]
          ]
        },
        {
          "participant": "3220",
          "train_size": 2,
          "n_seeds": 20,
          "n_train_samples_mean": 6.0,
          "n_test_samples_mean": 36.0,
          "test_acc_mean": 0.6694444444444444,
          "test_acc_std": 0.11431776330539142,
          "test_bal_acc_mean": 0.6694444444444444,
          "test_bal_acc_std": 0.11431776330539141,
          "test_f1_mean": 0.6389900420402428,
          "test_f1_std": 0.1481219858467099,
          "test_kappa_mean": 0.5041666666666667,
          "test_kappa_std": 0.17147664495808715,
          "confusion_matrix": [
            [
              51.66666666666665,
              39.58333333333333,
              8.75
            ],
            [
              16.666666666666664,
              79.16666666666666,
              4.166666666666666
            ],
            [
              10.0,
              20.000000000000004,
              69.99999999999999
            ]
          ]
        },
        {
          "participant": "3221",
          "train_size": 2,
          "n_seeds": 20,
          "n_train_samples_mean": 6.0,
          "n_test_samples_mean": 36.0,
          "test_acc_mean": 0.5833333333333333,
          "test_acc_std": 0.07431733933999317,
          "test_bal_acc_mean": 0.5833333333333333,
          "test_bal_acc_std": 0.07431733933999315,
          "test_f1_mean": 0.5275555228700204,
          "test_f1_std": 0.09838654193781264,
          "test_kappa_mean": 0.37500000000000006,
          "test_kappa_std": 0.11147600900998979,
          "confusion_matrix": [
            [
              50.83333333333333,
              38.33333333333333,
              10.833333333333332
            ],
            [
              3.75,
              95.83333333333334,
              0.41666666666666663
            ],
            [
              38.33333333333333,
              33.33333333333333,
              28.333333333333343
            ]
          ]
        },
        {
          "participant": "3223",
          "train_size": 2,
          "n_seeds": 20,
          "n_train_samples_mean": 6.0,
          "n_test_samples_mean": 36.0,
          "test_acc_mean": 0.39861111111111114,
          "test_acc_std": 0.07767066559324186,
          "test_bal_acc_mean": 0.3986111111111111,
          "test_bal_acc_std": 0.07767066559324186,
          "test_f1_mean": 0.3628967139048275,
          "test_f1_std": 0.08477892746845275,
          "test_kappa_mean": 0.09791666666666665,
          "test_kappa_std": 0.1165059983898628,
          "confusion_matrix": [
            [
              33.74999999999999,
              15.833333333333334,
              50.41666666666667
            ],
            [
              7.083333333333333,
              70.00000000000001,
              22.916666666666664
            ],
            [
              16.25,
              67.91666666666667,
              15.833333333333332
            ]
          ]
        },
        {
          "participant": "3224",
          "train_size": 2,
          "n_seeds": 20,
          "n_train_samples_mean": 6.0,
          "n_test_samples_mean": 21.0,
          "test_acc_mean": 0.5476190476190477,
          "test_acc_std": 0.13335123402930354,
          "test_bal_acc_mean": 0.5178451178451178,
          "test_bal_acc_std": 0.1135707439130903,
          "test_f1_mean": 0.5573119901932279,
          "test_f1_std": 0.11861909578117211,
          "test_kappa_mean": 0.31018826634045243,
          "test_kappa_std": 0.13650437975424887,
          "confusion_matrix": [
            [
              40.0,
              0.0,
              60.0
            ],
            [
              30.45454545454545,
              35.90909090909091,
              33.63636363636363
            ],
            [
              16.11111111111111,
              4.444444444444445,
              79.44444444444446
            ]
          ]
        },
        {
          "participant": "3225",
          "train_size": 2,
          "n_seeds": 20,
          "n_train_samples_mean": 6.0,
          "n_test_samples_mean": 36.0,
          "test_acc_mean": 0.586111111111111,
          "test_acc_std": 0.08779480181349623,
          "test_bal_acc_mean": 0.586111111111111,
          "test_bal_acc_std": 0.08779480181349625,
          "test_f1_mean": 0.554725885082679,
          "test_f1_std": 0.0963909187308808,
          "test_kappa_mean": 0.3791666666666667,
          "test_kappa_std": 0.1316922027202444,
          "confusion_matrix": [
            [
              94.16666666666667,
              5.833333333333333,
              0.0
            ],
            [
              39.583333333333336,
              37.08333333333333,
              23.333333333333332
            ],
            [
              0.0,
              55.416666666666664,
              44.583333333333336
            ]
          ]
        },
        {
          "participant": "3226",
          "train_size": 2,
          "n_seeds": 20,
          "n_train_samples_mean": 6.0,
          "n_test_samples_mean": 36.0,
          "test_acc_mean": 0.6986111111111111,
          "test_acc_std": 0.08796809259691665,
          "test_bal_acc_mean": 0.6986111111111111,
          "test_bal_acc_std": 0.08796809259691664,
          "test_f1_mean": 0.6724060963725697,
          "test_f1_std": 0.09882213276453851,
          "test_kappa_mean": 0.5479166666666667,
          "test_kappa_std": 0.13195213889537494,
          "confusion_matrix": [
            [
              95.83333333333334,
              0.8333333333333333,
              3.333333333333333
            ],
            [
              36.25000000000001,
              52.91666666666667,
              10.833333333333332
            ],
            [
              15.833333333333332,
              23.333333333333332,
              60.83333333333335
            ]
          ]
        },
        {
          "participant": "3227",
          "train_size": 2,
          "n_seeds": 20,
          "n_train_samples_mean": 6.0,
          "n_test_samples_mean": 36.0,
          "test_acc_mean": 0.6083333333333334,
          "test_acc_std": 0.07534844334311107,
          "test_bal_acc_mean": 0.6083333333333334,
          "test_bal_acc_std": 0.07534844334311107,
          "test_f1_mean": 0.5667459248623942,
          "test_f1_std": 0.09235096661695258,
          "test_kappa_mean": 0.4125,
          "test_kappa_std": 0.11302266501466662,
          "confusion_matrix": [
            [
              52.916666666666664,
              45.41666666666667,
              1.6666666666666665
            ],
            [
              11.249999999999998,
              36.25,
              52.500000000000014
            ],
            [
              0.0,
              6.666666666666666,
              93.33333333333334
            ]
          ]
        },
        {
          "participant": "3228",
          "train_size": 2,
          "n_seeds": 20,
          "n_train_samples_mean": 6.0,
          "n_test_samples_mean": 27.0,
          "test_acc_mean": 0.7314814814814815,
          "test_acc_std": 0.09375488820794116,
          "test_bal_acc_mean": 0.698611111111111,
          "test_bal_acc_std": 0.14483611988876063,
          "test_f1_mean": 0.7079950178621406,
          "test_f1_std": 0.12128047987641156,
          "test_kappa_mean": 0.5348300532053709,
          "test_kappa_std": 0.17082421914435206,
          "confusion_matrix": [
            [
              60.0,
              38.33333333333333,
              1.6666666666666665
            ],
            [
              1.6666666666666665,
              67.49999999999999,
              30.833333333333332
            ],
            [
              0.0,
              17.916666666666664,
              82.08333333333333
            ]
          ]
        },
        {
          "participant": "3229",
          "train_size": 2,
          "n_seeds": 20,
          "n_train_samples_mean": 6.0,
          "n_test_samples_mean": 36.0,
          "test_acc_mean": 0.5208333333333333,
          "test_acc_std": 0.059011650703724834,
          "test_bal_acc_mean": 0.5208333333333333,
          "test_bal_acc_std": 0.05901165070372485,
          "test_f1_mean": 0.45306963599205147,
          "test_f1_std": 0.06887539791991648,
          "test_kappa_mean": 0.28125,
          "test_kappa_std": 0.08851747605558724,
          "confusion_matrix": [
            [
              24.166666666666664,
              33.33333333333333,
              42.49999999999999
            ],
            [
              28.749999999999993,
              45.83333333333333,
              25.416666666666664
            ],
            [
              7.083333333333333,
              6.666666666666666,
              86.25
            ]
          ]
        },
        {
          "participant": "3230",
          "train_size": 2,
          "n_seeds": 20,
          "n_train_samples_mean": 6.0,
          "n_test_samples_mean": 36.0,
          "test_acc_mean": 0.5263888888888888,
          "test_acc_std": 0.0689161189344906,
          "test_bal_acc_mean": 0.5263888888888888,
          "test_bal_acc_std": 0.06891611893449058,
          "test_f1_mean": 0.479067441937724,
          "test_f1_std": 0.05937701406218977,
          "test_kappa_mean": 0.28958333333333336,
          "test_kappa_std": 0.10337417840173588,
          "confusion_matrix": [
            [
              25.416666666666664,
              10.833333333333334,
              63.749999999999986
            ],
            [
              28.75,
              54.58333333333333,
              16.666666666666664
            ],
            [
              17.5,
              4.583333333333333,
              77.91666666666667
            ]
          ]
        },
        {
          "participant": "3232",
          "train_size": 2,
          "n_seeds": 20,
          "n_train_samples_mean": 6.0,
          "n_test_samples_mean": 36.0,
          "test_acc_mean": 0.6624999999999999,
          "test_acc_std": 0.11193952871827101,
          "test_bal_acc_mean": 0.6624999999999999,
          "test_bal_acc_std": 0.11193952871827101,
          "test_f1_mean": 0.6368939311999909,
          "test_f1_std": 0.12528578118943698,
          "test_kappa_mean": 0.49375,
          "test_kappa_std": 0.16790929307740649,
          "confusion_matrix": [
            [
              53.333333333333336,
              14.166666666666666,
              32.5
            ],
            [
              26.666666666666668,
              52.916666666666664,
              20.416666666666664
            ],
            [
              6.666666666666666,
              0.8333333333333333,
              92.5
            ]
          ]
        },
        {
          "participant": "3233",
          "train_size": 2,
          "n_seeds": 20,
          "n_train_samples_mean": 6.0,
          "n_test_samples_mean": 36.0,
          "test_acc_mean": 0.8069444444444445,
          "test_acc_std": 0.13652223385911078,
          "test_bal_acc_mean": 0.8069444444444445,
          "test_bal_acc_std": 0.13652223385911078,
          "test_f1_mean": 0.800285746089495,
          "test_f1_std": 0.14716428577001026,
          "test_kappa_mean": 0.7104166666666667,
          "test_kappa_std": 0.20478335078866622,
          "confusion_matrix": [
            [
              73.75,
              19.583333333333336,
              6.666666666666666
            ],
            [
              0.0,
              98.75,
              1.25
            ],
            [
              2.083333333333333,
              28.333333333333332,
              69.58333333333333
            ]
          ]
        },
        {
          "participant": "3234",
          "train_size": 2,
          "n_seeds": 20,
          "n_train_samples_mean": 6.0,
          "n_test_samples_mean": 36.0,
          "test_acc_mean": 0.4111111111111111,
          "test_acc_std": 0.08857767155799187,
          "test_bal_acc_mean": 0.4111111111111111,
          "test_bal_acc_std": 0.08857767155799187,
          "test_f1_mean": 0.3068446783293702,
          "test_f1_std": 0.13471044691395387,
          "test_kappa_mean": 0.11666666666666665,
          "test_kappa_std": 0.13286650733698777,
          "confusion_matrix": [
            [
              95.41666666666666,
              0.0,
              4.583333333333333
            ],
            [
              49.58333333333334,
              12.916666666666666,
              37.5
            ],
            [
              82.49999999999999,
              2.5,
              15.0
            ]
          ]
        },
        {
          "participant": "3235",
          "train_size": 2,
          "n_seeds": 20,
          "n_train_samples_mean": 6.0,
          "n_test_samples_mean": 35.0,
          "test_acc_mean": 0.7514285714285716,
          "test_acc_std": 0.060856754561223754,
          "test_bal_acc_mean": 0.7542929292929292,
          "test_bal_acc_std": 0.06088287395233274,
          "test_f1_mean": 0.7212762711769996,
          "test_f1_std": 0.08435285951066043,
          "test_kappa_mean": 0.6272402041311513,
          "test_kappa_std": 0.09121395403858018,
          "confusion_matrix": [
            [
              85.45454545454545,
              11.363636363636363,
              3.1818181818181825
            ],
            [
              0.0,
              100.0,
              0.0
            ],
            [
              20.0,
              39.16666666666667,
              40.83333333333332
            ]
          ]
        },
        {
          "participant": "3236",
          "train_size": 2,
          "n_seeds": 20,
          "n_train_samples_mean": 6.0,
          "n_test_samples_mean": 28.0,
          "test_acc_mean": 0.6303571428571428,
          "test_acc_std": 0.12440783474038342,
          "test_bal_acc_mean": 0.673611111111111,
          "test_bal_acc_std": 0.08916031293971982,
          "test_f1_mean": 0.6275511867755004,
          "test_f1_std": 0.1328737203786882,
          "test_kappa_mean": 0.4504784433350727,
          "test_kappa_std": 0.14934480572464556,
          "confusion_matrix": [
            [
              50.83333333333333,
              27.083333333333332,
              22.083333333333336
            ],
            [
              0.0,
              82.5,
              17.5
            ],
            [
              9.583333333333332,
              21.666666666666668,
              68.75
            ]
          ]
        },
        {
          "participant": "3237",
          "train_size": 2,
          "n_seeds": 20,
          "n_train_samples_mean": 6.0,
          "n_test_samples_mean": 33.0,
          "test_acc_mean": 0.6939393939393939,
          "test_acc_std": 0.07672429452181988,
          "test_bal_acc_mean": 0.7000000000000002,
          "test_bal_acc_std": 0.08816919499092019,
          "test_f1_mean": 0.6745785102089831,
          "test_f1_std": 0.07358210825164335,
          "test_kappa_mean": 0.5341406310125494,
          "test_kappa_std": 0.1221592258238028,
          "confusion_matrix": [
            [
              43.75,
              8.333333333333332,
              47.91666666666667
            ],
            [
              12.22222222222222,
              76.66666666666667,
              11.11111111111111
            ],
            [
              8.333333333333332,
              2.083333333333333,
              89.58333333333334
            ]
          ]
        },
        {
          "participant": "3238",
          "train_size": 2,
          "n_seeds": 20,
          "n_train_samples_mean": 6.0,
          "n_test_samples_mean": 36.0,
          "test_acc_mean": 0.4694444444444444,
          "test_acc_std": 0.06616526849515339,
          "test_bal_acc_mean": 0.4694444444444444,
          "test_bal_acc_std": 0.06616526849515339,
          "test_f1_mean": 0.411531552474709,
          "test_f1_std": 0.0683829280340716,
          "test_kappa_mean": 0.20416666666666666,
          "test_kappa_std": 0.09924790274273008,
          "confusion_matrix": [
            [
              15.833333333333332,
              32.49999999999999,
              51.66666666666667
            ],
            [
              12.5,
              41.66666666666667,
              45.83333333333334
            ],
            [
              0.0,
              16.666666666666664,
              83.33333333333334
            ]
          ]
        },
        {
          "participant": "3239",
          "train_size": 2,
          "n_seeds": 20,
          "n_train_samples_mean": 6.0,
          "n_test_samples_mean": 31.0,
          "test_acc_mean": 0.5790322580645161,
          "test_acc_std": 0.12536162707594942,
          "test_bal_acc_mean": 0.600189393939394,
          "test_bal_acc_std": 0.11872028540281979,
          "test_f1_mean": 0.5546783292966398,
          "test_f1_std": 0.14354862658514123,
          "test_kappa_mean": 0.38210187029368986,
          "test_kappa_std": 0.17604833205856502,
          "confusion_matrix": [
            [
              48.74999999999999,
              7.916666666666667,
              43.33333333333334
            ],
            [
              21.363636363636367,
              53.18181818181819,
              25.45454545454545
            ],
            [
              19.375,
              2.5,
              78.125
            ]
          ]
        },
        {
          "participant": "3240",
          "train_size": 2,
          "n_seeds": 20,
          "n_train_samples_mean": 6.0,
          "n_test_samples_mean": 34.0,
          "test_acc_mean": 0.7441176470588236,
          "test_acc_std": 0.0815864372872477,
          "test_bal_acc_mean": 0.7406565656565656,
          "test_bal_acc_std": 0.0802751064032185,
          "test_f1_mean": 0.7322326783671095,
          "test_f1_std": 0.08996430867489884,
          "test_kappa_mean": 0.6162681703938351,
          "test_kappa_std": 0.12161961089366036,
          "confusion_matrix": [
            [
              82.72727272727275,
              5.454545454545455,
              11.818181818181818
            ],
            [
              13.75,
              85.83333333333334,
              0.41666666666666663
            ],
            [
              40.909090909090914,
              5.454545454545455,
              53.63636363636365
            ]
          ]
        },
        {
          "participant": "3241",
          "train_size": 2,
          "n_seeds": 20,
          "n_train_samples_mean": 6.0,
          "n_test_samples_mean": 36.0,
          "test_acc_mean": 0.6277777777777778,
          "test_acc_std": 0.07343781322082152,
          "test_bal_acc_mean": 0.6277777777777778,
          "test_bal_acc_std": 0.07343781322082153,
          "test_f1_mean": 0.6018819321896476,
          "test_f1_std": 0.07754686150561185,
          "test_kappa_mean": 0.4416666666666666,
          "test_kappa_std": 0.11015671983123232,
          "confusion_matrix": [
            [
              47.08333333333333,
              20.833333333333332,
              32.083333333333336
            ],
            [
              22.499999999999996,
              71.25,
              6.249999999999998
            ],
            [
              22.500000000000004,
              7.5,
              69.99999999999999
            ]
          ]
        },
        {
          "participant": "3242",
          "train_size": 2,
          "n_seeds": 20,
          "n_train_samples_mean": 6.0,
          "n_test_samples_mean": 36.0,
          "test_acc_mean": 0.8416666666666666,
          "test_acc_std": 0.07437196436709644,
          "test_bal_acc_mean": 0.8416666666666666,
          "test_bal_acc_std": 0.07437196436709644,
          "test_f1_mean": 0.8331471897182487,
          "test_f1_std": 0.08865004842075283,
          "test_kappa_mean": 0.7625,
          "test_kappa_std": 0.11155794655064466,
          "confusion_matrix": [
            [
              95.0,
              4.999999999999999,
              0.0
            ],
            [
              14.999999999999996,
              71.25,
              13.749999999999996
            ],
            [
              1.2499999999999998,
              12.5,
              86.25000000000001
            ]
          ]
        },
        {
          "participant": "3243",
          "train_size": 2,
          "n_seeds": 20,
          "n_train_samples_mean": 6.0,
          "n_test_samples_mean": 35.0,
          "test_acc_mean": 0.8428571428571429,
          "test_acc_std": 0.08621408170360396,
          "test_bal_acc_mean": 0.8470959595959595,
          "test_bal_acc_std": 0.08406304567486672,
          "test_f1_mean": 0.8262768369228566,
          "test_f1_std": 0.11115226448114264,
          "test_kappa_mean": 0.7641636909955694,
          "test_kappa_std": 0.1294854103341714,
          "confusion_matrix": [
            [
              99.54545454545455,
              0.4545454545454546,
              0.0
            ],
            [
              1.2499999999999998,
              95.0,
              3.749999999999999
            ],
            [
              2.083333333333333,
              38.33333333333333,
              59.583333333333336
            ]
          ]
        },
        {
          "participant": "3244",
          "train_size": 2,
          "n_seeds": 20,
          "n_train_samples_mean": 6.0,
          "n_test_samples_mean": 36.0,
          "test_acc_mean": 0.6444444444444444,
          "test_acc_std": 0.06473818918074213,
          "test_bal_acc_mean": 0.6444444444444444,
          "test_bal_acc_std": 0.06473818918074215,
          "test_f1_mean": 0.5958452104268013,
          "test_f1_std": 0.08437345600966875,
          "test_kappa_mean": 0.4666666666666666,
          "test_kappa_std": 0.09710728377111322,
          "confusion_matrix": [
            [
              67.5,
              1.6666666666666665,
              30.833333333333332
            ],
            [
              0.41666666666666663,
              99.58333333333333,
              0.0
            ],
            [
              38.333333333333336,
              35.41666666666667,
              26.249999999999993
            ]
          ]
        },
        {
          "participant": "3245",
          "train_size": 2,
          "n_seeds": 20,
          "n_train_samples_mean": 6.0,
          "n_test_samples_mean": 34.0,
          "test_acc_mean": 0.7147058823529411,
          "test_acc_std": 0.11050289836999629,
          "test_bal_acc_mean": 0.6988888888888887,
          "test_bal_acc_std": 0.11537998357941565,
          "test_f1_mean": 0.6852002079165678,
          "test_f1_std": 0.12572478722501426,
          "test_kappa_mean": 0.5641168400565896,
          "test_kappa_std": 0.1713425789112301,
          "confusion_matrix": [
            [
              66.66666666666667,
              25.416666666666664,
              7.916666666666667
            ],
            [
              0.0,
              100.0,
              0.0
            ],
            [
              14.0,
              43.0,
              43.0
            ]
          ]
        },
        {
          "participant": "3246",
          "train_size": 2,
          "n_seeds": 20,
          "n_train_samples_mean": 6.0,
          "n_test_samples_mean": 36.0,
          "test_acc_mean": 0.4888888888888888,
          "test_acc_std": 0.08180866439351368,
          "test_bal_acc_mean": 0.4888888888888888,
          "test_bal_acc_std": 0.08180866439351368,
          "test_f1_mean": 0.39227652457007844,
          "test_f1_std": 0.08665618807383309,
          "test_kappa_mean": 0.23333333333333334,
          "test_kappa_std": 0.1227129965902705,
          "confusion_matrix": [
            [
              43.74999999999999,
              41.25000000000001,
              14.999999999999996
            ],
            [
              0.8333333333333333,
              99.16666666666666,
              0.0
            ],
            [
              42.08333333333333,
              54.166666666666664,
              3.749999999999999
            ]
          ]
        },
        {
          "participant": "3247",
          "train_size": 2,
          "n_seeds": 20,
          "n_train_samples_mean": 6.0,
          "n_test_samples_mean": 36.0,
          "test_acc_mean": 0.5694444444444444,
          "test_acc_std": 0.1263330478788301,
          "test_bal_acc_mean": 0.5694444444444444,
          "test_bal_acc_std": 0.1263330478788301,
          "test_f1_mean": 0.5400182454844678,
          "test_f1_std": 0.1539478421906261,
          "test_kappa_mean": 0.3541666666666667,
          "test_kappa_std": 0.18949957181824514,
          "confusion_matrix": [
            [
              62.083333333333336,
              37.5,
              0.41666666666666663
            ],
            [
              2.499999999999999,
              74.16666666666666,
              23.333333333333332
            ],
            [
              1.2499999999999998,
              64.16666666666666,
              34.58333333333333
            ]
          ]
        },
        {
          "participant": "3248",
          "train_size": 2,
          "n_seeds": 20,
          "n_train_samples_mean": 6.0,
          "n_test_samples_mean": 35.0,
          "test_acc_mean": 0.6414285714285712,
          "test_acc_std": 0.08053259875940347,
          "test_bal_acc_mean": 0.6440656565656566,
          "test_bal_acc_std": 0.07944877376534759,
          "test_f1_mean": 0.6131407293373612,
          "test_f1_std": 0.09992917484397217,
          "test_kappa_mean": 0.46082712525299485,
          "test_kappa_std": 0.12032509245752003,
          "confusion_matrix": [
            [
              73.63636363636365,
              6.363636363636365,
              20.000000000000004
            ],
            [
              5.0,
              71.25000000000001,
              23.749999999999996
            ],
            [
              6.666666666666666,
              45.0,
              48.33333333333333
            ]
          ]
        },
        {
          "participant": "3250",
          "train_size": 2,
          "n_seeds": 20,
          "n_train_samples_mean": 6.0,
          "n_test_samples_mean": 36.0,
          "test_acc_mean": 0.7152777777777779,
          "test_acc_std": 0.05167358313763428,
          "test_bal_acc_mean": 0.7152777777777777,
          "test_bal_acc_std": 0.05167358313763427,
          "test_f1_mean": 0.6895439934004159,
          "test_f1_std": 0.06589025404266564,
          "test_kappa_mean": 0.5729166666666665,
          "test_kappa_std": 0.07751037470645145,
          "confusion_matrix": [
            [
              90.83333333333334,
              2.5,
              6.666666666666667
            ],
            [
              4.583333333333332,
              86.24999999999999,
              9.166666666666666
            ],
            [
              38.75,
              23.75,
              37.49999999999999
            ]
          ]
        }
      ]
    },
    {
      "aggregated": {
        "train_size": 3,
        "n_participants": 35,
        "n_seeds": 20,
        "test_acc_mean": 0.7550099675861772,
        "test_acc_std": 0.1387719357508421,
        "test_bal_acc_mean": 0.7553454785954785,
        "test_bal_acc_std": 0.14035242628712383,
        "test_f1_mean": 0.7366550231550337,
        "test_f1_std": 0.16078457179571,
        "test_kappa_mean": 0.6306605713891242,
        "test_kappa_std": 0.2069425448006936,
        "confusion_matrix": [
          [
            77.23506493506494,
            6.979220779220779,
            15.785714285714286
          ],
          [
            9.891883116883115,
            72.98906926406927,
            17.11904761904761
          ],
          [
            10.851515151515153,
            12.76897546897547,
            76.37950937950936
          ]
        ]
      },
      "per_participant": [
        {
          "participant": "3208",
          "train_size": 3,
          "n_seeds": 20,
          "n_train_samples_mean": 9.0,
          "n_test_samples_mean": 33.0,
          "test_acc_mean": 0.8060606060606059,
          "test_acc_std": 0.04856452782945647,
          "test_bal_acc_mean": 0.806060606060606,
          "test_bal_acc_std": 0.048564527829456514,
          "test_f1_mean": 0.7984436725499116,
          "test_f1_std": 0.05386446749590323,
          "test_kappa_mean": 0.709090909090909,
          "test_kappa_std": 0.07284679174418471,
          "confusion_matrix": [
            [
              79.54545454545455,
              5.454545454545455,
              15.000000000000004
            ],
            [
              25.0,
              63.63636363636365,
              11.363636363636365
            ],
            [
              1.3636363636363638,
              0.0,
              98.63636363636364
            ]
          ]
        },
        {
          "participant": "3209",
          "train_size": 3,
          "n_seeds": 20,
          "n_train_samples_mean": 9.0,
          "n_test_samples_mean": 32.0,
          "test_acc_mean": 0.7234375,
          "test_acc_std": 0.05759984894671349,
          "test_bal_acc_mean": 0.7227272727272727,
          "test_bal_acc_std": 0.06024212900938184,
          "test_f1_mean": 0.7147583759942926,
          "test_f1_std": 0.059582645819946004,
          "test_kappa_mean": 0.5827399635172006,
          "test_kappa_std": 0.08779636174790775,
          "confusion_matrix": [
            [
              100.0,
              0.0,
              0.0
            ],
            [
              53.18181818181817,
              46.81818181818183,
              0.0
            ],
            [
              24.5,
              5.5,
              70.0
            ]
          ]
        },
        {
          "participant": "3214",
          "train_size": 3,
          "n_seeds": 20,
          "n_train_samples_mean": 9.0,
          "n_test_samples_mean": 33.0,
          "test_acc_mean": 0.6287878787878787,
          "test_acc_std": 0.060506297475698974,
          "test_bal_acc_mean": 0.6287878787878787,
          "test_bal_acc_std": 0.06050629747569896,
          "test_f1_mean": 0.6215750160424159,
          "test_f1_std": 0.05570609987954754,
          "test_kappa_mean": 0.4431818181818182,
          "test_kappa_std": 0.09075944621354844,
          "confusion_matrix": [
            [
              100.0,
              0.0,
              0.0
            ],
            [
              0.0,
              36.818181818181806,
              63.18181818181819
            ],
            [
