{
  "name": "pose_perf",
  "config": {
    "n_seeds": 20,
    "feature_selection": "backward",
    "use_pose_derivatives": true,
    "use_time_features": false,
    "include_order": false,
    "normalize_features": true,
    "class_config": "all",
    "use_pca": false,
    "pca_variance": 0.9,
    "write_cm": true,
    "tune_hyperparameters": false,
    "tune_n_iter": 30,
    "tune_cv_folds": 5,
    "name": "pose_perf",
    "feature_groups": [
      "pose",
      "performance"
    ],
    "split_strategy": "participant_specific",
    "sampling_strategy": "temporal_stratified"
  },
  "sampling_strategy": "temporal_stratified",
  "n_seeds": 20,
  "learning_curve": [
    {
      "aggregated": {
        "train_size": 2,
        "n_participants": 43,
        "n_seeds": 20,
        "test_acc_mean": 0.6033874354005168,
        "test_acc_std": 0.11790260680045762,
        "test_bal_acc_mean": 0.6033591731266149,
        "test_bal_acc_std": 0.11788862792188025,
        "test_f1_mean": 0.5687699723643519,
        "test_f1_std": 0.13298381174382326,
        "test_kappa_mean": 0.40506747607671,
        "test_kappa_std": 0.17684709789430578,
        "confusion_matrix": [
          [
            59.14728682170544,
            24.738372093023262,
            16.114341085271317
          ],
          [
            15.23255813953488,
            64.69961240310077,
            20.067829457364336
          ],
          [
            19.074612403100776,
            23.764534883720934,
            57.160852713178315
          ]
        ]
      },
      "per_participant": [
        {
          "participant": "3105",
          "train_size": 2,
          "n_seeds": 20,
          "n_train_samples_mean": 6.0,
          "n_test_samples_mean": 36.0,
          "test_acc_mean": 0.7541666666666667,
          "test_acc_std": 0.0527623861828813,
          "test_bal_acc_mean": 0.7541666666666667,
          "test_bal_acc_std": 0.05276238618288125,
          "test_f1_mean": 0.7368219177070705,
          "test_f1_std": 0.06921985836230231,
          "test_kappa_mean": 0.63125,
          "test_kappa_std": 0.0791435792743219,
          "confusion_matrix": [
            [
              90.41666666666666,
              9.583333333333334,
              0.0
            ],
            [
              4.166666666666666,
              61.666666666666664,
              34.166666666666664
            ],
            [
              5.833333333333331,
              19.999999999999996,
              74.16666666666666
            ]
          ]
        },
        {
          "participant": "3206",
          "train_size": 2,
          "n_seeds": 20,
          "n_train_samples_mean": 6.0,
          "n_test_samples_mean": 36.0,
          "test_acc_mean": 0.3430555555555555,
          "test_acc_std": 0.11302266501466662,
          "test_bal_acc_mean": 0.34305555555555556,
          "test_bal_acc_std": 0.1130226650146666,
          "test_f1_mean": 0.27076043076868406,
          "test_f1_std": 0.1304482577909654,
          "test_kappa_mean": 0.014583333333333299,
          "test_kappa_std": 0.1695339975219999,
          "confusion_matrix": [
            [
              53.333333333333336,
              37.5,
              9.166666666666666
            ],
            [
              55.833333333333336,
              36.25000000000001,
              7.916666666666666
            ],
            [
              64.58333333333334,
              22.083333333333336,
              13.333333333333332
            ]
          ]
        },
        {
          "participant": "3207",
          "train_size": 2,
          "n_seeds": 20,
          "n_train_samples_mean": 6.0,
          "n_test_samples_mean": 36.0,
          "test_acc_mean": 0.5430555555555556,
          "test_acc_std": 0.07511903051783166,
          "test_bal_acc_mean": 0.5430555555555556,
          "test_bal_acc_std": 0.07511903051783166,
          "test_f1_mean": 0.5008658731643715,
          "test_f1_std": 0.098532688189546,
          "test_kappa_mean": 0.3145833333333333,
          "test_kappa_std": 0.11267854577674748,
          "confusion_matrix": [
            [
              28.75,
              70.41666666666666,
              0.8333333333333333
            ],
            [
              6.666666666666666,
              85.83333333333333,
              7.5
            ],
            [
              25.0,
              26.666666666666664,
              48.33333333333333
            ]
          ]
        },
        {
          "participant": "3208",
          "train_size": 2,
          "n_seeds": 20,
          "n_train_samples_mean": 6.0,
          "n_test_samples_mean": 36.0,
          "test_acc_mean": 0.5041666666666667,
          "test_acc_std": 0.07608592232698688,
          "test_bal_acc_mean": 0.5041666666666667,
          "test_bal_acc_std": 0.07608592232698685,
          "test_f1_mean": 0.4716780376911375,
          "test_f1_std": 0.07731457328505884,
          "test_kappa_mean": 0.25625,
          "test_kappa_std": 0.11412888349048028,
          "confusion_matrix": [
            [
              46.25,
              36.25,
              17.500000000000004
            ],
            [
              24.166666666666664,
              37.49999999999999,
              38.33333333333333
            ],
            [
              12.5,
              20.0,
              67.5
            ]
          ]
        },
        {
          "participant": "3209",
          "train_size": 2,
          "n_seeds": 20,
          "n_train_samples_mean": 6.0,
          "n_test_samples_mean": 36.0,
          "test_acc_mean": 0.5805555555555555,
          "test_acc_std": 0.12188283554725676,
          "test_bal_acc_mean": 0.5805555555555555,
          "test_bal_acc_std": 0.12188283554725676,
          "test_f1_mean": 0.5265614571363186,
          "test_f1_std": 0.15129502137145018,
          "test_kappa_mean": 0.3708333333333333,
          "test_kappa_std": 0.18282425332088512,
          "confusion_matrix": [
            [
              90.83333333333334,
              9.166666666666666,
              0.0
            ],
            [
              42.08333333333333,
              52.083333333333336,
              5.833333333333333
            ],
            [
              42.916666666666664,
              25.833333333333336,
              31.249999999999993
            ]
          ]
        },
        {
          "participant": "3210",
          "train_size": 2,
          "n_seeds": 20,
          "n_train_samples_mean": 6.0,
          "n_test_samples_mean": 36.0,
          "test_acc_mean": 0.8708333333333332,
          "test_acc_std": 0.09759743802493913,
          "test_bal_acc_mean": 0.8708333333333332,
          "test_bal_acc_std": 0.09759743802493918,
          "test_f1_mean": 0.861422304365066,
          "test_f1_std": 0.1125865303536782,
          "test_kappa_mean": 0.80625,
          "test_kappa_std": 0.14639615703740871,
          "confusion_matrix": [
            [
              83.33333333333334,
              16.666666666666668,
              0.0
            ],
            [
              0.0,
              100.0,
              0.0
            ],
            [
              4.583333333333333,
              17.5,
              77.91666666666666
            ]
          ]
        },
        {
          "participant": "3214",
          "train_size": 2,
          "n_seeds": 20,
          "n_train_samples_mean": 6.0,
          "n_test_samples_mean": 36.0,
          "test_acc_mean": 0.5180555555555555,
          "test_acc_std": 0.10167337721118673,
          "test_bal_acc_mean": 0.5180555555555555,
          "test_bal_acc_std": 0.10167337721118673,
          "test_f1_mean": 0.49905238994681067,
          "test_f1_std": 0.12971404115301013,
          "test_kappa_mean": 0.27708333333333335,
          "test_kappa_std": 0.15251006581678012,
          "confusion_matrix": [
            [
              51.666666666666664,
              32.91666666666667,
              15.416666666666663
            ],
            [
              1.2499999999999998,
              58.333333333333336,
              40.416666666666664
            ],
            [
              0.0,
              54.58333333333333,
              45.41666666666667
            ]
          ]
        },
        {
          "participant": "3215",
          "train_size": 2,
          "n_seeds": 20,
          "n_train_samples_mean": 6.0,
          "n_test_samples_mean": 36.0,
          "test_acc_mean": 0.5055555555555555,
          "test_acc_std": 0.1279619826583191,
          "test_bal_acc_mean": 0.5055555555555555,
          "test_bal_acc_std": 0.1279619826583191,
          "test_f1_mean": 0.41193982130418166,
          "test_f1_std": 0.16649077004965415,
          "test_kappa_mean": 0.25833333333333336,
          "test_kappa_std": 0.19194297398747862,
          "confusion_matrix": [
            [
              94.16666666666667,
              3.749999999999999,
              2.083333333333333
            ],
            [
              58.749999999999986,
              10.416666666666668,
              30.833333333333332
            ],
            [
              50.416666666666664,
              2.5,
              47.08333333333333
            ]
          ]
        },
        {
          "participant": "3216",
          "train_size": 2,
          "n_seeds": 20,
          "n_train_samples_mean": 6.0,
          "n_test_samples_mean": 36.0,
          "test_acc_mean": 0.5430555555555555,
          "test_acc_std": 0.08943318370145703,
          "test_bal_acc_mean": 0.5430555555555555,
          "test_bal_acc_std": 0.08943318370145703,
          "test_f1_mean": 0.4955742428178317,
          "test_f1_std": 0.11878143516344847,
          "test_kappa_mean": 0.3145833333333334,
          "test_kappa_std": 0.13414977555218555,
          "confusion_matrix": [
            [
              80.83333333333334,
              12.083333333333334,
              7.083333333333333
            ],
            [
              17.083333333333332,
              59.58333333333333,
              23.33333333333333
            ],
            [
              43.75,
              33.75,
              22.499999999999996
            ]
          ]
        },
        {
          "participant": "3217",
          "train_size": 2,
          "n_seeds": 20,
          "n_train_samples_mean": 6.0,
          "n_test_samples_mean": 36.0,
          "test_acc_mean": 0.5888888888888889,
          "test_acc_std": 0.08483060367012801,
          "test_bal_acc_mean": 0.5888888888888888,
          "test_bal_acc_std": 0.08483060367012801,
          "test_f1_mean": 0.564125531496017,
          "test_f1_std": 0.10269990356803507,
          "test_kappa_mean": 0.3833333333333333,
          "test_kappa_std": 0.12724590550519202,
          "confusion_matrix": [
            [
              39.16666666666667,
              53.749999999999986,
              7.083333333333333
            ],
            [
              8.75,
              87.5,
              3.749999999999999
            ],
            [
              3.333333333333333,
              46.66666666666665,
              50.00000000000001
            ]
          ]
        },
        {
          "participant": "3218",
          "train_size": 2,
          "n_seeds": 20,
          "n_train_samples_mean": 6.0,
          "n_test_samples_mean": 36.0,
          "test_acc_mean": 0.7666666666666667,
          "test_acc_std": 0.122381607930743,
          "test_bal_acc_mean": 0.7666666666666667,
          "test_bal_acc_std": 0.12238160793074299,
          "test_f1_mean": 0.7556323231257348,
          "test_f1_std": 0.1328476598027561,
          "test_kappa_mean": 0.6500000000000001,
          "test_kappa_std": 0.18357241189611448,
          "confusion_matrix": [
            [
              95.83333333333334,
              4.166666666666666,
              0.0
            ],
            [
              31.666666666666668,
              61.250000000000014,
              7.083333333333333
            ],
            [
              14.583333333333334,
              12.5,
              72.91666666666667
            ]
          ]
        },
        {
          "participant": "3219",
          "train_size": 2,
          "n_seeds": 20,
          "n_train_samples_mean": 6.0,
          "n_test_samples_mean": 36.0,
          "test_acc_mean": 0.44861111111111107,
          "test_acc_std": 0.07336865621026507,
          "test_bal_acc_mean": 0.4486111111111112,
          "test_bal_acc_std": 0.07336865621026505,
          "test_f1_mean": 0.3952866969664411,
          "test_f1_std": 0.09332897558919355,
          "test_kappa_mean": 0.17291666666666666,
          "test_kappa_std": 0.11005298431539758,
          "confusion_matrix": [
            [
              22.5,
              71.66666666666666,
              5.833333333333332
            ],
            [
              15.833333333333332,
              64.58333333333334,
              19.583333333333336
            ],
            [
              22.083333333333332,
              30.416666666666675,
              47.50000000000001
            ]
          ]
        },
        {
          "participant": "3220",
          "train_size": 2,
          "n_seeds": 20,
          "n_train_samples_mean": 6.0,
          "n_test_samples_mean": 36.0,
          "test_acc_mean": 0.6138888888888889,
          "test_acc_std": 0.0863959634943795,
          "test_bal_acc_mean": 0.6138888888888889,
          "test_bal_acc_std": 0.0863959634943795,
          "test_f1_mean": 0.5741511424616439,
          "test_f1_std": 0.11298708820428834,
          "test_kappa_mean": 0.4208333333333334,
          "test_kappa_std": 0.12959394524156928,
          "confusion_matrix": [
            [
              27.5,
              67.50000000000001,
              4.999999999999999
            ],
            [
              2.083333333333333,
              93.75,
              4.166666666666666
            ],
            [
              14.583333333333329,
              22.500000000000004,
              62.916666666666664
            ]
          ]
        },
        {
          "participant": "3221",
          "train_size": 2,
          "n_seeds": 20,
          "n_train_samples_mean": 6.0,
          "n_test_samples_mean": 36.0,
          "test_acc_mean": 0.5055555555555555,
          "test_acc_std": 0.10338645430796518,
          "test_bal_acc_mean": 0.5055555555555555,
          "test_bal_acc_std": 0.10338645430796516,
          "test_f1_mean": 0.46073017997073673,
          "test_f1_std": 0.13172991607637374,
          "test_kappa_mean": 0.25833333333333336,
          "test_kappa_std": 0.15507968146194775,
          "confusion_matrix": [
            [
              41.25,
              54.58333333333333,
              4.166666666666666
            ],
            [
              16.250000000000004,
              77.08333333333334,
              6.666666666666666
            ],
            [
              31.25,
              35.41666666666667,
              33.33333333333333
            ]
          ]
        },
        {
          "participant": "3222",
          "train_size": 2,
          "n_seeds": 20,
          "n_train_samples_mean": 6.0,
          "n_test_samples_mean": 36.0,
          "test_acc_mean": 0.5625,
          "test_acc_std": 0.07798374982755697,
          "test_bal_acc_mean": 0.5625,
          "test_bal_acc_std": 0.07798374982755697,
          "test_f1_mean": 0.5286950521998601,
          "test_f1_std": 0.08457766912290224,
          "test_kappa_mean": 0.34375,
          "test_kappa_std": 0.11697562474133544,
          "confusion_matrix": [
            [
              27.916666666666668,
              13.333333333333334,
              58.75
            ],
            [
              2.499999999999999,
              62.916666666666664,
              34.58333333333333
            ],
            [
              15.416666666666663,
              6.666666666666667,
              77.91666666666666
            ]
          ]
        },
        {
          "participant": "3223",
          "train_size": 2,
          "n_seeds": 20,
          "n_train_samples_mean": 6.0,
          "n_test_samples_mean": 36.0,
          "test_acc_mean": 0.4166666666666667,
          "test_acc_std": 0.04853272711315155,
          "test_bal_acc_mean": 0.4166666666666667,
          "test_bal_acc_std": 0.04853272711315157,
          "test_f1_mean": 0.3735111228295484,
          "test_f1_std": 0.08234565715823755,
          "test_kappa_mean": 0.12499999999999997,
          "test_kappa_std": 0.07279909066972734,
          "confusion_matrix": [
            [
              25.833333333333336,
              30.000000000000007,
              44.16666666666667
            ],
            [
              14.166666666666666,
              67.5,
              18.333333333333332
            ],
            [
              3.7499999999999987,
              64.58333333333334,
              31.666666666666675
            ]
          ]
        },
        {
          "participant": "3224",
          "train_size": 2,
          "n_seeds": 20,
          "n_train_samples_mean": 6.0,
          "n_test_samples_mean": 36.0,
          "test_acc_mean": 0.673611111111111,
          "test_acc_std": 0.08543880162965554,
          "test_bal_acc_mean": 0.673611111111111,
          "test_bal_acc_std": 0.08543880162965553,
          "test_f1_mean": 0.6492738145061017,
          "test_f1_std": 0.10006243263214706,
          "test_kappa_mean": 0.5104166666666667,
          "test_kappa_std": 0.1281582024444833,
          "confusion_matrix": [
            [
              58.749999999999986,
              14.583333333333329,
              26.666666666666657
            ],
            [
              20.416666666666664,
              56.250000000000014,
              23.33333333333333
            ],
            [
              9.166666666666666,
              3.7499999999999987,
              87.08333333333334
            ]
          ]
        },
        {
          "participant": "3225",
          "train_size": 2,
          "n_seeds": 20,
          "n_train_samples_mean": 6.0,
          "n_test_samples_mean": 36.0,
          "test_acc_mean": 0.4625,
          "test_acc_std": 0.09591857807136879,
          "test_bal_acc_mean": 0.4625,
          "test_bal_acc_std": 0.09591857807136878,
          "test_f1_mean": 0.4549585609411997,
          "test_f1_std": 0.08755258394673493,
          "test_kappa_mean": 0.19375000000000003,
          "test_kappa_std": 0.14387786710705316,
          "confusion_matrix": [
            [
              75.41666666666666,
              20.0,
              4.583333333333332
            ],
            [
              22.500000000000004,
              36.66666666666667,
              40.83333333333333
            ],
            [
              0.0,
              73.33333333333333,
              26.666666666666664
            ]
          ]
        },
        {
          "participant": "3226",
          "train_size": 2,
          "n_seeds": 20,
          "n_train_samples_mean": 6.0,
          "n_test_samples_mean": 36.0,
          "test_acc_mean": 0.5638888888888889,
          "test_acc_std": 0.08971654156151798,
          "test_bal_acc_mean": 0.5638888888888889,
          "test_bal_acc_std": 0.08971654156151798,
          "test_f1_mean": 0.5353496414618587,
          "test_f1_std": 0.10939619895840881,
          "test_kappa_mean": 0.3458333333333333,
          "test_kappa_std": 0.13457481234227697,
          "confusion_matrix": [
            [
              62.916666666666664,
              17.916666666666664,
              19.16666666666667
            ],
            [
              39.58333333333333,
              46.25,
              14.166666666666668
            ],
            [
              22.083333333333332,
              17.916666666666664,
              60.0
            ]
          ]
        },
        {
          "participant": "3227",
          "train_size": 2,
          "n_seeds": 20,
          "n_train_samples_mean": 6.0,
          "n_test_samples_mean": 36.0,
          "test_acc_mean": 0.5041666666666667,
          "test_acc_std": 0.07973467616724719,
          "test_bal_acc_mean": 0.5041666666666667,
          "test_bal_acc_std": 0.07973467616724719,
          "test_f1_mean": 0.4412550200352938,
          "test_f1_std": 0.10286349134630668,
          "test_kappa_mean": 0.25625,
          "test_kappa_std": 0.11960201425087076,
          "confusion_matrix": [
            [
              24.999999999999996,
              59.999999999999986,
              15.0
            ],
            [
              3.749999999999999,
              30.416666666666668,
              65.83333333333334
            ],
            [
              0.0,
              4.166666666666666,
              95.83333333333333
            ]
          ]
        },
        {
          "participant": "3228",
          "train_size": 2,
          "n_seeds": 20,
          "n_train_samples_mean": 6.0,
          "n_test_samples_mean": 36.0,
          "test_acc_mean": 0.6652777777777776,
          "test_acc_std": 0.11697779455287036,
          "test_bal_acc_mean": 0.6652777777777776,
          "test_bal_acc_std": 0.11697779455287036,
          "test_f1_mean": 0.6509988849997375,
          "test_f1_std": 0.1344605186990845,
          "test_kappa_mean": 0.4979166666666667,
          "test_kappa_std": 0.17546669182930552,
          "confusion_matrix": [
            [
              49.16666666666667,
              50.83333333333333,
              0.0
            ],
            [
              2.9166666666666665,
              80.00000000000003,
              17.083333333333332
            ],
            [
              0.41666666666666663,
              29.166666666666668,
              70.41666666666667
            ]
          ]
        },
        {
          "participant": "3229",
          "train_size": 2,
          "n_seeds": 20,
          "n_train_samples_mean": 6.0,
          "n_test_samples_mean": 36.0,
          "test_acc_mean": 0.4569444444444444,
          "test_acc_std": 0.06143917788835672,
          "test_bal_acc_mean": 0.4569444444444445,
          "test_bal_acc_std": 0.06143917788835672,
          "test_f1_mean": 0.40150256927159556,
          "test_f1_std": 0.07909880799168607,
          "test_kappa_mean": 0.18541666666666667,
          "test_kappa_std": 0.09215876683253509,
          "confusion_matrix": [
            [
              30.0,
              17.083333333333332,
              52.916666666666664
            ],
            [
              32.08333333333333,
              22.083333333333332,
              45.83333333333333
            ],
            [
              14.166666666666666,
              0.8333333333333333,
              85.0
            ]
          ]
        },
        {
          "participant": "3230",
          "train_size": 2,
          "n_seeds": 20,
          "n_train_samples_mean": 6.0,
          "n_test_samples_mean": 36.0,
          "test_acc_mean": 0.576388888888889,
          "test_acc_std": 0.09446809129491546,
          "test_bal_acc_mean": 0.576388888888889,
          "test_bal_acc_std": 0.09446809129491547,
          "test_f1_mean": 0.5448071261450583,
          "test_f1_std": 0.1047302942780688,
          "test_kappa_mean": 0.36458333333333337,
          "test_kappa_std": 0.14170213694237319,
          "confusion_matrix": [
            [
              41.25000000000001,
              28.75,
              30.000000000000007
            ],
            [
              16.25,
              79.58333333333334,
              4.166666666666666
            ],
            [
              33.333333333333336,
              14.583333333333334,
              52.08333333333333
            ]
          ]
        },
        {
          "participant": "3231",
          "train_size": 2,
          "n_seeds": 20,
          "n_train_samples_mean": 6.0,
          "n_test_samples_mean": 36.0,
          "test_acc_mean": 0.575,
          "test_acc_std": 0.08880661397024604,
          "test_bal_acc_mean": 0.575,
          "test_bal_acc_std": 0.08880661397024606,
          "test_f1_mean": 0.5377967364289093,
          "test_f1_std": 0.10383666909806495,
          "test_kappa_mean": 0.3625,
          "test_kappa_std": 0.13320992095536904,
          "confusion_matrix": [
            [
              45.416666666666664,
              7.499999999999998,
              47.08333333333333
            ],
            [
              22.083333333333332,
              40.833333333333336,
              37.083333333333336
            ],
            [
              9.166666666666666,
              4.583333333333332,
              86.25
            ]
          ]
        },
        {
          "participant": "3232",
          "train_size": 2,
          "n_seeds": 20,
          "n_train_samples_mean": 6.0,
          "n_test_samples_mean": 36.0,
          "test_acc_mean": 0.5319444444444444,
          "test_acc_std": 0.0797346761672472,
          "test_bal_acc_mean": 0.5319444444444444,
          "test_bal_acc_std": 0.07973467616724719,
          "test_f1_mean": 0.4932827272756749,
          "test_f1_std": 0.09017433151517144,
          "test_kappa_mean": 0.29791666666666666,
          "test_kappa_std": 0.11960201425087076,
          "confusion_matrix": [
            [
              31.25,
              20.416666666666664,
              48.33333333333333
            ],
            [
              11.25,
              43.333333333333336,
              45.41666666666665
            ],
            [
              13.749999999999996,
              1.2499999999999998,
              85.0
            ]
          ]
        },
        {
          "participant": "3233",
          "train_size": 2,
          "n_seeds": 20,
          "n_train_samples_mean": 6.0,
          "n_test_samples_mean": 36.0,
          "test_acc_mean": 0.7180555555555554,
          "test_acc_std": 0.1379426833349273,
          "test_bal_acc_mean": 0.7180555555555554,
          "test_bal_acc_std": 0.1379426833349273,
          "test_f1_mean": 0.6995593021855646,
          "test_f1_std": 0.15939537067954823,
          "test_kappa_mean": 0.5770833333333333,
          "test_kappa_std": 0.20691402500239092,
          "confusion_matrix": [
            [
              49.16666666666667,
              36.66666666666667,
              14.166666666666666
            ],
            [
              0.8333333333333333,
              97.08333333333333,
              2.083333333333333
            ],
            [
              0.0,
              30.833333333333325,
              69.16666666666666
            ]
          ]
        },
        {
          "participant": "3234",
          "train_size": 2,
          "n_seeds": 20,
          "n_train_samples_mean": 6.0,
          "n_test_samples_mean": 36.0,
          "test_acc_mean": 0.43055555555555564,
          "test_acc_std": 0.0772643874954609,
          "test_bal_acc_mean": 0.43055555555555564,
          "test_bal_acc_std": 0.0772643874954609,
          "test_f1_mean": 0.3328658926213156,
          "test_f1_std": 0.1179809968131038,
          "test_kappa_mean": 0.14583333333333334,
          "test_kappa_std": 0.11589658124319133,
          "confusion_matrix": [
            [
              95.41666666666666,
              0.0,
              4.583333333333333
            ],
            [
              50.0,
              12.083333333333334,
              37.91666666666667
            ],
            [
              76.24999999999999,
              2.083333333333333,
              21.666666666666668
            ]
          ]
        },
        {
          "participant": "3235",
          "train_size": 2,
          "n_seeds": 20,
          "n_train_samples_mean": 6.0,
          "n_test_samples_mean": 36.0,
          "test_acc_mean": 0.7750000000000001,
          "test_acc_std": 0.052472957854907396,
          "test_bal_acc_mean": 0.7750000000000001,
          "test_bal_acc_std": 0.052472957854907396,
          "test_f1_mean": 0.7642601438274645,
          "test_f1_std": 0.06629682833523565,
          "test_kappa_mean": 0.6625,
          "test_kappa_std": 0.07870943678236104,
          "confusion_matrix": [
            [
              74.58333333333334,
              17.91666666666667,
              7.499999999999997
            ],
            [
              0.0,
              100.0,
              0.0
            ],
            [
              9.583333333333332,
              32.5,
              57.91666666666665
            ]
          ]
        },
        {
          "participant": "3236",
          "train_size": 2,
          "n_seeds": 20,
          "n_train_samples_mean": 6.0,
          "n_test_samples_mean": 36.0,
          "test_acc_mean": 0.6916666666666667,
          "test_acc_std": 0.10923117225798001,
          "test_bal_acc_mean": 0.6916666666666667,
          "test_bal_acc_std": 0.10923117225798001,
          "test_f1_mean": 0.6681764964705781,
          "test_f1_std": 0.13357678516391286,
          "test_kappa_mean": 0.5375,
          "test_kappa_std": 0.16384675838697002,
          "confusion_matrix": [
            [
              58.75,
              37.5,
              3.7499999999999987
            ],
            [
              0.41666666666666663,
              88.75,
              10.833333333333334
            ],
            [
              22.916666666666668,
              17.083333333333332,
              59.99999999999998
            ]
          ]
        },
        {
          "participant": "3237",
          "train_size": 2,
          "n_seeds": 20,
          "n_train_samples_mean": 6.0,
          "n_test_samples_mean": 36.0,
          "test_acc_mean": 0.6486111111111112,
          "test_acc_std": 0.07225314227907861,
          "test_bal_acc_mean": 0.6486111111111112,
          "test_bal_acc_std": 0.07225314227907866,
          "test_f1_mean": 0.6180811300850342,
          "test_f1_std": 0.08479234158479047,
          "test_kappa_mean": 0.4729166666666666,
          "test_kappa_std": 0.10837971341861793,
          "confusion_matrix": [
            [
              33.75,
              11.249999999999998,
              55.0
            ],
            [
              7.499999999999998,
              68.75000000000001,
              23.749999999999996
            ],
            [
              5.833333333333333,
              2.083333333333333,
              92.08333333333333
            ]
          ]
        },
        {
          "participant": "3238",
          "train_size": 2,
          "n_seeds": 20,
          "n_train_samples_mean": 6.0,
          "n_test_samples_mean": 36.0,
          "test_acc_mean": 0.5041666666666667,
          "test_acc_std": 0.06390160056607178,
          "test_bal_acc_mean": 0.5041666666666667,
          "test_bal_acc_std": 0.06390160056607178,
          "test_f1_mean": 0.4750433619255632,
          "test_f1_std": 0.06738691526156694,
          "test_kappa_mean": 0.25625,
          "test_kappa_std": 0.09585240084910762,
          "confusion_matrix": [
            [
              34.583333333333336,
              23.749999999999996,
              41.666666666666664
            ],
            [
              14.166666666666666,
              37.08333333333333,
              48.75
            ],
            [
              5.0,
              15.416666666666668,
              79.58333333333333
            ]
          ]
        },
        {
          "participant": "3239",
          "train_size": 2,
          "n_seeds": 20,
          "n_train_samples_mean": 6.0,
          "n_test_samples_mean": 32.0,
          "test_acc_mean": 0.6609375,
          "test_acc_std": 0.09948210877894208,
          "test_bal_acc_mean": 0.6597222222222221,
          "test_bal_acc_std": 0.1110654145798298,
          "test_f1_mean": 0.6433776808047349,
          "test_f1_std": 0.11539035768027947,
          "test_kappa_mean": 0.49081813796519985,
          "test_kappa_std": 0.15509408535357785,
          "confusion_matrix": [
            [
              54.58333333333333,
              11.249999999999998,
              34.16666666666667
            ],
            [
              8.333333333333334,
              78.33333333333334,
              13.333333333333337
            ],
            [
              31.875,
              3.125,
              65.0
            ]
          ]
        },
        {
          "participant": "3240",
          "train_size": 2,
          "n_seeds": 20,
          "n_train_samples_mean": 6.0,
          "n_test_samples_mean": 36.0,
          "test_acc_mean": 0.6791666666666665,
          "test_acc_std": 0.1291859226041689,
          "test_bal_acc_mean": 0.6791666666666665,
          "test_bal_acc_std": 0.12918592260416892,
          "test_f1_mean": 0.6449119027103057,
          "test_f1_std": 0.15962735451405433,
          "test_kappa_mean": 0.51875,
          "test_kappa_std": 0.19377888390625336,
          "confusion_matrix": [
            [
              85.83333333333333,
              6.249999999999998,
              7.916666666666666
            ],
            [
              16.249999999999996,
              81.25000000000001,
              2.499999999999999
            ],
            [
              57.083333333333336,
              6.249999999999999,
              36.66666666666667
            ]
          ]
        },
        {
          "participant": "3241",
          "train_size": 2,
          "n_seeds": 20,
          "n_train_samples_mean": 6.0,
          "n_test_samples_mean": 36.0,
          "test_acc_mean": 0.6541666666666667,
          "test_acc_std": 0.09809549325005411,
          "test_bal_acc_mean": 0.6541666666666667,
          "test_bal_acc_std": 0.09809549325005411,
          "test_f1_mean": 0.6326095873344055,
          "test_f1_std": 0.12004610496345965,
          "test_kappa_mean": 0.48125000000000007,
          "test_kappa_std": 0.14714323987508116,
          "confusion_matrix": [
            [
              67.5,
              11.25,
              21.25
            ],
            [
              25.0,
              55.0,
              20.000000000000004
            ],
            [
              22.916666666666664,
              3.333333333333333,
              73.75
            ]
          ]
        },
        {
          "participant": "3242",
          "train_size": 2,
          "n_seeds": 20,
          "n_train_samples_mean": 6.0,
          "n_test_samples_mean": 36.0,
          "test_acc_mean": 0.8416666666666666,
          "test_acc_std": 0.07044599404276417,
          "test_bal_acc_mean": 0.8416666666666666,
          "test_bal_acc_std": 0.07044599404276415,
          "test_f1_mean": 0.8338411056341846,
          "test_f1_std": 0.08128276827391245,
          "test_kappa_mean": 0.7625,
          "test_kappa_std": 0.10566899106414623,
          "confusion_matrix": [
            [
              88.75,
              10.833333333333334,
              0.41666666666666663
            ],
            [
              10.416666666666666,
              75.0,
              14.583333333333334
            ],
            [
              2.083333333333333,
              9.166666666666664,
              88.75
            ]
          ]
        },
        {
          "participant": "3243",
          "train_size": 2,
          "n_seeds": 20,
          "n_train_samples_mean": 6.0,
          "n_test_samples_mean": 36.0,
          "test_acc_mean": 0.7138888888888889,
          "test_acc_std": 0.09626723958078483,
          "test_bal_acc_mean": 0.7138888888888888,
          "test_bal_acc_std": 0.09626723958078484,
          "test_f1_mean": 0.6913105010239424,
          "test_f1_std": 0.11813893984337623,
          "test_kappa_mean": 0.5708333333333333,
          "test_kappa_std": 0.14440085937117725,
          "confusion_matrix": [
            [
              89.58333333333331,
              1.2499999999999998,
              9.166666666666663
            ],
            [
              8.333333333333332,
              73.75,
              17.916666666666668
            ],
            [
              17.500000000000004,
              31.666666666666664,
              50.83333333333334
            ]
          ]
        },
        {
          "participant": "3244",
          "train_size": 2,
          "n_seeds": 20,
          "n_train_samples_mean": 6.0,
          "n_test_samples_mean": 36.0,
          "test_acc_mean": 0.7305555555555555,
          "test_acc_std": 0.06986713465015955,
          "test_bal_acc_mean": 0.7305555555555555,
          "test_bal_acc_std": 0.06986713465015953,
          "test_f1_mean": 0.694007129487999,
          "test_f1_std": 0.1045252276499873,
          "test_kappa_mean": 0.5958333333333333,
          "test_kappa_std": 0.10480070197523929,
          "confusion_matrix": [
            [
              76.66666666666666,
              2.9166666666666665,
              20.41666666666666
            ],
            [
              0.0,
              100.0,
              0.0
            ],
            [
              25.833333333333332,
              31.666666666666675,
              42.49999999999999
            ]
          ]
        },
        {
          "participant": "3245",
          "train_size": 2,
          "n_seeds": 20,
          "n_train_samples_mean": 6.0,
          "n_test_samples_mean": 36.0,
          "test_acc_mean": 0.7,
          "test_acc_std": 0.14715186446346756,
          "test_bal_acc_mean": 0.7,
          "test_bal_acc_std": 0.14715186446346756,
          "test_f1_mean": 0.6648808861629643,
          "test_f1_std": 0.17572415669647487,
          "test_kappa_mean": 0.55,
          "test_kappa_std": 0.22072779669520132,
          "confusion_matrix": [
            [
              62.083333333333336,
              27.083333333333325,
              10.833333333333332
            ],
            [
              0.0,
              100.0,
              0.0
            ],
            [
              19.166666666666664,
              32.916666666666664,
              47.91666666666667
            ]
          ]
        },
        {
          "participant": "3246",
          "train_size": 2,
          "n_seeds": 20,
          "n_train_samples_mean": 6.0,
          "n_test_samples_mean": 36.0,
          "test_acc_mean": 0.513888888888889,
          "test_acc_std": 0.07237949587419043,
          "test_bal_acc_mean": 0.513888888888889,
          "test_bal_acc_std": 0.07237949587419043,
          "test_f1_mean": 0.4451871306348897,
          "test_f1_std": 0.10006831576561685,
          "test_kappa_mean": 0.2708333333333333,
          "test_kappa_std": 0.10856924381128565,
          "confusion_matrix": [
            [
              39.58333333333333,
              51.25,
              9.166666666666666
            ],
            [
              0.0,
              100.0,
              0.0
            ],
            [
              16.25,
              69.16666666666667,
              14.583333333333332
            ]
          ]
        },
        {
          "participant": "3247",
          "train_size": 2,
          "n_seeds": 20,
          "n_train_samples_mean": 6.0,
          "n_test_samples_mean": 36.0,
          "test_acc_mean": 0.5972222222222222,
          "test_acc_std": 0.10295346135355703,
          "test_bal_acc_mean": 0.5972222222222222,
          "test_bal_acc_std": 0.10295346135355703,
          "test_f1_mean": 0.5725667377564843,
          "test_f1_std": 0.1191672136722184,
          "test_kappa_mean": 0.39583333333333337,
          "test_kappa_std": 0.15443019203033556,
          "confusion_matrix": [
            [
              69.99999999999999,
              29.166666666666668,
              0.8333333333333333
            ],
            [
              5.416666666666666,
              62.08333333333333,
              32.50000000000001
            ],
            [
