{
  "name": "pose_eye_gsr",
  "config": {
    "n_seeds": 20,
    "feature_selection": "backward",
    "use_pose_derivatives": true,
    "use_time_features": false,
    "include_order": false,
    "normalize_features": true,
    "class_config": "all",
    "use_pca": false,
    "pca_variance": 0.9,
    "write_cm": true,
    "tune_hyperparameters": false,
    "tune_n_iter": 30,
    "tune_cv_folds": 5,
    "name": "pose_eye_gsr",
    "feature_groups": [
      "pose",
      "eye_tracking",
      "gsr"
    ],
    "split_strategy": "participant_specific",
    "sampling_strategy": "temporal_stratified"
  },
  "sampling_strategy": "temporal_stratified",
  "n_seeds": 20,
  "learning_curve": [
    {
      "aggregated": {
        "train_size": 2,
        "n_participants": 39,
        "n_seeds": 20,
        "test_acc_mean": 0.6323687132197338,
        "test_acc_std": 0.11491018535468392,
        "test_bal_acc_mean": 0.6310553335553336,
        "test_bal_acc_std": 0.11568232004455578,
        "test_f1_mean": 0.595331651111124,
        "test_f1_std": 0.13692013969672118,
        "test_kappa_mean": 0.4462868285106393,
        "test_kappa_std": 0.17190144835629978,
        "confusion_matrix": [
          [
            62.70299145299145,
            19.808663558663557,
            17.48834498834499
          ],
          [
            13.138435638435636,
            70.9247927997928,
            15.936771561771561
          ],
          [
            19.007608132608134,
            25.303576053576048,
            55.6888158138158
          ]
        ]
      },
      "per_participant": [
        {
          "participant": "3208",
          "train_size": 2,
          "n_seeds": 20,
          "n_train_samples_mean": 6.0,
          "n_test_samples_mean": 36.0,
          "test_acc_mean": 0.6055555555555556,
          "test_acc_std": 0.09938079899999064,
          "test_bal_acc_mean": 0.6055555555555556,
          "test_bal_acc_std": 0.09938079899999065,
          "test_f1_mean": 0.5758868471545109,
          "test_f1_std": 0.11522875154587461,
          "test_kappa_mean": 0.4083333333333333,
          "test_kappa_std": 0.14907119849998596,
          "confusion_matrix": [
            [
              52.91666666666667,
              24.583333333333336,
              22.5
            ],
            [
              32.91666666666667,
              56.25,
              10.833333333333336
            ],
            [
              15.833333333333337,
              11.666666666666666,
              72.5
            ]
          ]
        },
        {
          "participant": "3209",
          "train_size": 2,
          "n_seeds": 20,
          "n_train_samples_mean": 6.0,
          "n_test_samples_mean": 35.0,
          "test_acc_mean": 0.6799999999999999,
          "test_acc_std": 0.11337986871323641,
          "test_bal_acc_mean": 0.6713383838383837,
          "test_bal_acc_std": 0.11515837894706314,
          "test_f1_mean": 0.6523887786481589,
          "test_f1_std": 0.13575914619416066,
          "test_kappa_mean": 0.5150888586323914,
          "test_kappa_std": 0.17290342576293702,
          "confusion_matrix": [
            [
              98.33333333333334,
              1.6666666666666665,
              0.0
            ],
            [
              33.75,
              66.25000000000001,
              0.0
            ],
            [
              52.27272727272727,
              10.90909090909091,
              36.81818181818181
            ]
          ]
        },
        {
          "participant": "3214",
          "train_size": 2,
          "n_seeds": 20,
          "n_train_samples_mean": 6.0,
          "n_test_samples_mean": 36.0,
          "test_acc_mean": 0.6388888888888888,
          "test_acc_std": 0.07752674610270673,
          "test_bal_acc_mean": 0.6388888888888888,
          "test_bal_acc_std": 0.07752674610270674,
          "test_f1_mean": 0.6358271913802844,
          "test_f1_std": 0.07545595004106583,
          "test_kappa_mean": 0.4583333333333333,
          "test_kappa_std": 0.11629011915406011,
          "confusion_matrix": [
            [
              80.41666666666666,
              7.916666666666666,
              11.666666666666666
            ],
            [
              0.41666666666666663,
              70.41666666666666,
              29.166666666666664
            ],
            [
              1.6666666666666665,
              57.5,
              40.833333333333336
            ]
          ]
        },
        {
          "participant": "3215",
          "train_size": 2,
          "n_seeds": 20,
          "n_train_samples_mean": 6.0,
          "n_test_samples_mean": 36.0,
          "test_acc_mean": 0.41388888888888886,
          "test_acc_std": 0.09447883790678059,
          "test_bal_acc_mean": 0.4138888888888889,
          "test_bal_acc_std": 0.09447883790678065,
          "test_f1_mean": 0.29245211971953416,
          "test_f1_std": 0.13522863242352537,
          "test_kappa_mean": 0.1208333333333333,
          "test_kappa_std": 0.14171825686017092,
          "confusion_matrix": [
            [
              100.0,
              0.0,
              0.0
            ],
            [
              84.16666666666666,
              5.416666666666666,
              10.416666666666664
            ],
            [
              79.58333333333333,
              1.6666666666666665,
              18.75
            ]
          ]
        },
        {
          "participant": "3216",
          "train_size": 2,
          "n_seeds": 20,
          "n_train_samples_mean": 6.0,
          "n_test_samples_mean": 34.0,
          "test_acc_mean": 0.6411764705882352,
          "test_acc_std": 0.07960931739752405,
          "test_bal_acc_mean": 0.6236111111111112,
          "test_bal_acc_std": 0.08442510935923263,
          "test_f1_mean": 0.6075540726606656,
          "test_f1_std": 0.10266673043041254,
          "test_kappa_mean": 0.4541240650820472,
          "test_kappa_std": 0.12379259343979059,
          "confusion_matrix": [
            [
              90.0,
              8.333333333333332,
              1.6666666666666665
            ],
            [
              11.249999999999996,
              64.58333333333333,
              24.166666666666664
            ],
            [
              36.0,
              31.5,
              32.5
            ]
          ]
        },
        {
          "participant": "3217",
          "train_size": 2,
          "n_seeds": 20,
          "n_train_samples_mean": 6.0,
          "n_test_samples_mean": 36.0,
          "test_acc_mean": 0.726388888888889,
          "test_acc_std": 0.07767066559324189,
          "test_bal_acc_mean": 0.726388888888889,
          "test_bal_acc_std": 0.07767066559324186,
          "test_f1_mean": 0.7235708385657929,
          "test_f1_std": 0.08359679700991841,
          "test_kappa_mean": 0.5895833333333333,
          "test_kappa_std": 0.1165059983898628,
          "confusion_matrix": [
            [
              65.41666666666667,
              30.416666666666668,
              4.166666666666666
            ],
            [
              7.083333333333331,
              87.5,
              5.416666666666666
            ],
            [
              2.499999999999999,
              32.49999999999999,
              65.0
            ]
          ]
        },
        {
          "participant": "3218",
          "train_size": 2,
          "n_seeds": 20,
          "n_train_samples_mean": 6.0,
          "n_test_samples_mean": 36.0,
          "test_acc_mean": 0.6708333333333333,
          "test_acc_std": 0.08934231938162691,
          "test_bal_acc_mean": 0.6708333333333332,
          "test_bal_acc_std": 0.08934231938162691,
          "test_f1_mean": 0.6256322017597543,
          "test_f1_std": 0.11023806332749662,
          "test_kappa_mean": 0.50625,
          "test_kappa_std": 0.13401347907244038,
          "confusion_matrix": [
            [
              96.66666666666666,
              3.333333333333333,
              0.0
            ],
            [
              21.249999999999996,
              78.33333333333334,
              0.41666666666666663
            ],
            [
              25.41666666666666,
              48.33333333333333,
              26.25
            ]
          ]
        },
        {
          "participant": "3219",
          "train_size": 2,
          "n_seeds": 20,
          "n_train_samples_mean": 6.0,
          "n_test_samples_mean": 29.0,
          "test_acc_mean": 0.4793103448275862,
          "test_acc_std": 0.09682357373499206,
          "test_bal_acc_mean": 0.441991341991342,
          "test_bal_acc_std": 0.10639973494820608,
          "test_f1_mean": 0.39572703736536063,
          "test_f1_std": 0.14504663328268735,
          "test_kappa_mean": 0.17708096278247093,
          "test_kappa_std": 0.16087057965073184,
          "confusion_matrix": [
            [
              26.818181818181813,
              65.9090909090909,
              7.272727272727273
            ],
            [
              3.6363636363636367,
              88.63636363636365,
              7.727272727272728
            ],
            [
              9.999999999999998,
              72.85714285714286,
              17.142857142857142
            ]
          ]
        },
        {
          "participant": "3220",
          "train_size": 2,
          "n_seeds": 20,
          "n_train_samples_mean": 6.0,
          "n_test_samples_mean": 36.0,
          "test_acc_mean": 0.6263888888888889,
          "test_acc_std": 0.08477074154731766,
          "test_bal_acc_mean": 0.6263888888888888,
          "test_bal_acc_std": 0.08477074154731766,
          "test_f1_mean": 0.5715990073146207,
          "test_f1_std": 0.10939478610508092,
          "test_kappa_mean": 0.4395833333333334,
          "test_kappa_std": 0.1271561123209765,
          "confusion_matrix": [
            [
              34.16666666666667,
              54.583333333333336,
              11.250000000000002
            ],
            [
              17.916666666666668,
              77.91666666666666,
              4.166666666666666
            ],
            [
              13.75,
              10.416666666666668,
              75.83333333333334
            ]
          ]
        },
        {
          "participant": "3221",
          "train_size": 2,
          "n_seeds": 20,
          "n_train_samples_mean": 6.0,
          "n_test_samples_mean": 36.0,
          "test_acc_mean": 0.5875000000000001,
          "test_acc_std": 0.07661781221620675,
          "test_bal_acc_mean": 0.5875000000000001,
          "test_bal_acc_std": 0.07661781221620675,
          "test_f1_mean": 0.5133985074456626,
          "test_f1_std": 0.08701735741892379,
          "test_kappa_mean": 0.38125000000000003,
          "test_kappa_std": 0.11492671832431012,
          "confusion_matrix": [
            [
              71.66666666666669,
              22.5,
              5.833333333333333
            ],
            [
              6.666666666666666,
              93.33333333333334,
              0.0
            ],
            [
              34.583333333333336,
              54.166666666666664,
              11.249999999999996
            ]
          ]
        },
        {
          "participant": "3222",
          "train_size": 2,
          "n_seeds": 20,
          "n_train_samples_mean": 6.0,
          "n_test_samples_mean": 32.0,
          "test_acc_mean": 0.5609375,
          "test_acc_std": 0.08571667201800422,
          "test_bal_acc_mean": 0.5520833333333334,
          "test_bal_acc_std": 0.09767802510643811,
          "test_f1_mean": 0.5037347956528391,
          "test_f1_std": 0.11457658792874205,
          "test_kappa_mean": 0.32485158107459233,
          "test_kappa_std": 0.13761362826795595,
          "confusion_matrix": [
            [
              31.666666666666668,
              16.25,
              52.083333333333336
            ],
            [
              0.0,
              48.125,
              51.875
            ],
            [
              5.833333333333333,
              8.333333333333332,
              85.83333333333334
            ]
          ]
        },
        {
          "participant": "3223",
          "train_size": 2,
          "n_seeds": 20,
          "n_train_samples_mean": 6.0,
          "n_test_samples_mean": 36.0,
          "test_acc_mean": 0.4291666666666666,
          "test_acc_std": 0.0777751670405608,
          "test_bal_acc_mean": 0.4291666666666667,
          "test_bal_acc_std": 0.07777516704056081,
          "test_f1_mean": 0.37650552903798923,
          "test_f1_std": 0.09248736993736548,
          "test_kappa_mean": 0.14375,
          "test_kappa_std": 0.11666275056084119,
          "confusion_matrix": [
            [
              32.91666666666667,
              29.166666666666664,
              37.916666666666664
            ],
            [
              4.166666666666666,
              83.33333333333333,
              12.5
            ],
            [
              14.166666666666666,
              73.33333333333334,
              12.5
            ]
          ]
        },
        {
          "participant": "3224",
          "train_size": 2,
          "n_seeds": 20,
          "n_train_samples_mean": 6.0,
          "n_test_samples_mean": 21.0,
          "test_acc_mean": 0.6047619047619047,
          "test_acc_std": 0.16063188270841927,
          "test_bal_acc_mean": 0.5531986531986532,
          "test_bal_acc_std": 0.14242359306912036,
          "test_f1_mean": 0.632098323896403,
          "test_f1_std": 0.13656016420067588,
          "test_kappa_mean": 0.4041121948778346,
          "test_kappa_std": 0.16535475213167938,
          "confusion_matrix": [
            [
              40.0,
              5.0,
              55.0
            ],
            [
              29.090909090909093,
              48.18181818181818,
              22.727272727272723
            ],
            [
              19.44444444444444,
              2.7777777777777777,
              77.77777777777777
            ]
          ]
        },
        {
          "participant": "3225",
          "train_size": 2,
          "n_seeds": 20,
          "n_train_samples_mean": 6.0,
          "n_test_samples_mean": 36.0,
          "test_acc_mean": 0.5819444444444445,
          "test_acc_std": 0.0951534276251986,
          "test_bal_acc_mean": 0.5819444444444445,
          "test_bal_acc_std": 0.09515342762519864,
          "test_f1_mean": 0.5671609795961011,
          "test_f1_std": 0.09226138620074051,
          "test_kappa_mean": 0.3729166666666667,
          "test_kappa_std": 0.14273014143779794,
          "confusion_matrix": [
            [
              87.91666666666666,
              9.583333333333332,
              2.499999999999999
            ],
            [
              13.75,
              40.41666666666665,
              45.83333333333333
            ],
            [
              0.0,
              53.75,
              46.25000000000001
            ]
          ]
        },
        {
          "participant": "3226",
          "train_size": 2,
          "n_seeds": 20,
          "n_train_samples_mean": 6.0,
          "n_test_samples_mean": 36.0,
          "test_acc_mean": 0.675,
          "test_acc_std": 0.07705385743795617,
          "test_bal_acc_mean": 0.675,
          "test_bal_acc_std": 0.07705385743795619,
          "test_f1_mean": 0.6573172297515357,
          "test_f1_std": 0.09112888892090747,
          "test_kappa_mean": 0.5125,
          "test_kappa_std": 0.11558078615693425,
          "confusion_matrix": [
            [
              80.0,
              13.75,
              6.249999999999999
            ],
            [
              27.499999999999993,
              61.25,
              11.250000000000002
            ],
            [
              12.916666666666666,
              25.833333333333325,
              61.250000000000014
            ]
          ]
        },
        {
          "participant": "3227",
          "train_size": 2,
          "n_seeds": 20,
          "n_train_samples_mean": 6.0,
          "n_test_samples_mean": 36.0,
          "test_acc_mean": 0.5791666666666668,
          "test_acc_std": 0.08322361197787125,
          "test_bal_acc_mean": 0.5791666666666668,
          "test_bal_acc_std": 0.08322361197787125,
          "test_f1_mean": 0.5241819441109132,
          "test_f1_std": 0.09804802712188347,
          "test_kappa_mean": 0.36875,
          "test_kappa_std": 0.12483541796680687,
          "confusion_matrix": [
            [
              35.416666666666664,
              62.499999999999986,
              2.083333333333333
            ],
            [
              12.5,
              38.74999999999999,
              48.75
            ],
            [
              0.0,
              0.41666666666666663,
              99.58333333333334
            ]
          ]
        },
        {
          "participant": "3228",
          "train_size": 2,
          "n_seeds": 20,
          "n_train_samples_mean": 6.0,
          "n_test_samples_mean": 27.0,
          "test_acc_mean": 0.7462962962962962,
          "test_acc_std": 0.11225853284503635,
          "test_bal_acc_mean": 0.701388888888889,
          "test_bal_acc_std": 0.15554380699159093,
          "test_f1_mean": 0.7268588555679126,
          "test_f1_std": 0.1415790348782555,
          "test_kappa_mean": 0.5607688307408639,
          "test_kappa_std": 0.20401978760744335,
          "confusion_matrix": [
            [
              56.66666666666667,
              43.33333333333333,
              0.0
            ],
            [
              3.749999999999999,
              76.66666666666666,
              19.583333333333332
            ],
            [
              0.41666666666666663,
              22.499999999999996,
              77.08333333333334
            ]
          ]
        },
        {
          "participant": "3229",
          "train_size": 2,
          "n_seeds": 20,
          "n_train_samples_mean": 6.0,
          "n_test_samples_mean": 36.0,
          "test_acc_mean": 0.44861111111111107,
          "test_acc_std": 0.08174658936796292,
          "test_bal_acc_mean": 0.44861111111111107,
          "test_bal_acc_std": 0.08174658936796292,
          "test_f1_mean": 0.39750274110685885,
          "test_f1_std": 0.09449747435387033,
          "test_kappa_mean": 0.17291666666666666,
          "test_kappa_std": 0.12261988405194438,
          "confusion_matrix": [
            [
              26.666666666666668,
              27.5,
              45.833333333333336
            ],
            [
              20.416666666666668,
              32.916666666666664,
              46.66666666666668
            ],
            [
              22.08333333333333,
              2.9166666666666656,
              75.0
            ]
          ]
        },
        {
          "participant": "3230",
          "train_size": 2,
          "n_seeds": 20,
          "n_train_samples_mean": 6.0,
          "n_test_samples_mean": 36.0,
          "test_acc_mean": 0.6222222222222221,
          "test_acc_std": 0.0772118087976429,
          "test_bal_acc_mean": 0.6222222222222221,
          "test_bal_acc_std": 0.07721180879764292,
          "test_f1_mean": 0.5858513747683921,
          "test_f1_std": 0.09733125241516151,
          "test_kappa_mean": 0.4333333333333333,
          "test_kappa_std": 0.11581771319646438,
          "confusion_matrix": [
            [
              40.41666666666667,
              25.833333333333332,
              33.75
            ],
            [
              12.083333333333332,
              86.25,
              1.6666666666666665
            ],
            [
              18.749999999999996,
              21.249999999999993,
              60.0
            ]
          ]
        },
        {
          "participant": "3231",
          "train_size": 2,
          "n_seeds": 20,
          "n_train_samples_mean": 6.0,
          "n_test_samples_mean": 36.0,
          "test_acc_mean": 0.6041666666666667,
          "test_acc_std": 0.1027066293960489,
          "test_bal_acc_mean": 0.6041666666666667,
          "test_bal_acc_std": 0.1027066293960489,
          "test_f1_mean": 0.5694276457894231,
          "test_f1_std": 0.1100155899041153,
          "test_kappa_mean": 0.40625,
          "test_kappa_std": 0.15405994409407336,
          "confusion_matrix": [
            [
              36.249999999999986,
              3.333333333333333,
              60.41666666666667
            ],
            [
              7.916666666666666,
              71.66666666666666,
              20.416666666666664
            ],
            [
              22.5,
              4.166666666666665,
              73.33333333333334
            ]
          ]
        },
        {
          "participant": "3232",
          "train_size": 2,
          "n_seeds": 20,
          "n_train_samples_mean": 6.0,
          "n_test_samples_mean": 36.0,
          "test_acc_mean": 0.7736111111111112,
          "test_acc_std": 0.0781917762053456,
          "test_bal_acc_mean": 0.7736111111111111,
          "test_bal_acc_std": 0.0781917762053456,
          "test_f1_mean": 0.749456897812771,
          "test_f1_std": 0.09558229797775164,
          "test_kappa_mean": 0.6604166666666667,
          "test_kappa_std": 0.11728766430801837,
          "confusion_matrix": [
            [
              55.0,
              18.749999999999996,
              26.25
            ],
            [
              10.0,
              84.16666666666666,
              5.833333333333332
            ],
            [
              7.083333333333333,
              0.0,
              92.91666666666667
            ]
          ]
        },
        {
          "participant": "3233",
          "train_size": 2,
          "n_seeds": 20,
          "n_train_samples_mean": 6.0,
          "n_test_samples_mean": 36.0,
          "test_acc_mean": 0.7972222222222223,
          "test_acc_std": 0.12938224793947328,
          "test_bal_acc_mean": 0.7972222222222223,
          "test_bal_acc_std": 0.1293822479394733,
          "test_f1_mean": 0.7837644439719881,
          "test_f1_std": 0.14738374917943048,
          "test_kappa_mean": 0.6958333333333334,
          "test_kappa_std": 0.19407337190920995,
          "confusion_matrix": [
            [
              57.083333333333336,
              18.75,
              24.166666666666664
            ],
            [
              0.41666666666666663,
              97.08333333333333,
              2.499999999999999
            ],
            [
              0.0,
              14.999999999999996,
              85.00000000000001
            ]
          ]
        },
        {
          "participant": "3234",
          "train_size": 2,
          "n_seeds": 20,
          "n_train_samples_mean": 6.0,
          "n_test_samples_mean": 36.0,
          "test_acc_mean": 0.43611111111111106,
          "test_acc_std": 0.08788726608537221,
          "test_bal_acc_mean": 0.43611111111111106,
          "test_bal_acc_std": 0.08788726608537219,
          "test_f1_mean": 0.32526269007519526,
          "test_f1_std": 0.11643120475361161,
          "test_kappa_mean": 0.15416666666666665,
          "test_kappa_std": 0.1318308991280583,
          "confusion_matrix": [
            [
              99.16666666666666,
              0.0,
              0.8333333333333333
            ],
            [
              42.91666666666667,
              8.333333333333336,
              48.75
            ],
            [
              74.58333333333333,
              2.083333333333333,
              23.333333333333332
            ]
          ]
        },
        {
          "participant": "3235",
          "train_size": 2,
          "n_seeds": 20,
          "n_train_samples_mean": 6.0,
          "n_test_samples_mean": 35.0,
          "test_acc_mean": 0.7657142857142858,
          "test_acc_std": 0.06658785172876336,
          "test_bal_acc_mean": 0.7683080808080808,
          "test_bal_acc_std": 0.06490012762310615,
          "test_f1_mean": 0.7460495986227439,
          "test_f1_std": 0.09209843183185687,
          "test_kappa_mean": 0.64868447678827,
          "test_kappa_std": 0.09887710028110494,
          "confusion_matrix": [
            [
              85.90909090909092,
              11.363636363636365,
              2.7272727272727275
            ],
            [
              0.8333333333333333,
              96.25000000000001,
              2.9166666666666665
            ],
            [
              15.833333333333334,
              35.83333333333333,
              48.333333333333336
            ]
          ]
        },
        {
          "participant": "3236",
          "train_size": 2,
          "n_seeds": 20,
          "n_train_samples_mean": 6.0,
          "n_test_samples_mean": 28.0,
          "test_acc_mean": 0.5785714285714285,
          "test_acc_std": 0.11270047181805802,
          "test_bal_acc_mean": 0.6583333333333333,
          "test_bal_acc_std": 0.07964549458894137,
          "test_f1_mean": 0.579737366969076,
          "test_f1_std": 0.11619959107154917,
          "test_kappa_mean": 0.3974704131123165,
          "test_kappa_std": 0.12330808742556419,
          "confusion_matrix": [
            [
              51.25,
              40.41666666666667,
              8.333333333333332
            ],
            [
              0.0,
              93.75,
              6.25
            ],
            [
              20.83333333333333,
              26.666666666666664,
              52.5
            ]
          ]
        },
        {
          "participant": "3237",
          "train_size": 2,
          "n_seeds": 20,
          "n_train_samples_mean": 6.0,
          "n_test_samples_mean": 33.0,
          "test_acc_mean": 0.7242424242424242,
          "test_acc_std": 0.0666086451877315,
          "test_bal_acc_mean": 0.7351851851851853,
          "test_bal_acc_std": 0.0709883605920173,
          "test_f1_mean": 0.705936624418722,
          "test_f1_std": 0.0743361897850678,
          "test_kappa_mean": 0.5812739586993863,
          "test_kappa_std": 0.10263388861255321,
          "confusion_matrix": [
            [
              44.166666666666664,
              2.499999999999999,
              53.333333333333336
            ],
            [
              4.444444444444445,
              85.55555555555557,
              10.000000000000002
            ],
            [
              7.083333333333333,
              2.083333333333333,
              90.83333333333334
            ]
          ]
        },
        {
          "participant": "3238",
          "train_size": 2,
          "n_seeds": 20,
          "n_train_samples_mean": 6.0,
          "n_test_samples_mean": 36.0,
          "test_acc_mean": 0.5069444444444444,
          "test_acc_std": 0.07953068561577926,
          "test_bal_acc_mean": 0.5069444444444444,
          "test_bal_acc_std": 0.07953068561577928,
          "test_f1_mean": 0.47234888351069326,
          "test_f1_std": 0.08675254425763415,
          "test_kappa_mean": 0.2604166666666667,
          "test_kappa_std": 0.11929602842366892,
          "confusion_matrix": [
            [
              26.666666666666668,
              36.25,
              37.08333333333333
            ],
            [
              9.583333333333332,
              49.999999999999986,
              40.41666666666667
            ],
            [
              0.41666666666666663,
              24.166666666666664,
              75.41666666666666
            ]
          ]
        },
        {
          "participant": "3239",
          "train_size": 2,
          "n_seeds": 20,
          "n_train_samples_mean": 6.0,
          "n_test_samples_mean": 31.0,
          "test_acc_mean": 0.5225806451612902,
          "test_acc_std": 0.1254162247123848,
          "test_bal_acc_mean": 0.5498106060606062,
          "test_bal_acc_std": 0.1206768671936565,
          "test_f1_mean": 0.4807184644986102,
          "test_f1_std": 0.13587171643233625,
          "test_kappa_mean": 0.30880862998441555,
          "test_kappa_std": 0.17339225355235088,
          "confusion_matrix": [
            [
              28.75,
              7.916666666666666,
              63.333333333333336
            ],
            [
              12.727272727272728,
              61.81818181818181,
              25.454545454545453
            ],
            [
              24.375,
              1.25,
              74.375
            ]
          ]
        },
        {
          "participant": "3240",
          "train_size": 2,
          "n_seeds": 20,
          "n_train_samples_mean": 6.0,
          "n_test_samples_mean": 34.0,
          "test_acc_mean": 0.8161764705882353,
          "test_acc_std": 0.08995992551614788,
          "test_bal_acc_mean": 0.8169191919191918,
          "test_bal_acc_std": 0.08929807406859203,
          "test_f1_mean": 0.8128930355163616,
          "test_f1_std": 0.09410704303554125,
          "test_kappa_mean": 0.724788279109937,
          "test_kappa_std": 0.13406728033157475,
          "confusion_matrix": [
            [
              90.90909090909092,
              3.6363636363636367,
              5.454545454545455
            ],
            [
              11.249999999999998,
              79.16666666666666,
              9.583333333333332
            ],
            [
              20.454545454545446,
              4.545454545454545,
              75.00000000000001
            ]
          ]
        },
        {
          "participant": "3241",
          "train_size": 2,
          "n_seeds": 20,
          "n_train_samples_mean": 6.0,
          "n_test_samples_mean": 36.0,
          "test_acc_mean": 0.6055555555555555,
          "test_acc_std": 0.056713087281560035,
          "test_bal_acc_mean": 0.6055555555555555,
          "test_bal_acc_std": 0.05671308728156004,
          "test_f1_mean": 0.5725642761130814,
          "test_f1_std": 0.0630571938543279,
          "test_kappa_mean": 0.4083333333333333,
          "test_kappa_std": 0.08506963092234006,
          "confusion_matrix": [
            [
              32.08333333333333,
              38.75,
              29.166666666666664
            ],
            [
              10.416666666666668,
              76.66666666666666,
              12.916666666666666
            ],
            [
              22.083333333333332,
              4.999999999999998,
              72.91666666666666
            ]
          ]
        },
        {
          "participant": "3242",
          "train_size": 2,
          "n_seeds": 20,
          "n_train_samples_mean": 6.0,
          "n_test_samples_mean": 36.0,
          "test_acc_mean": 0.836111111111111,
          "test_acc_std": 0.09702360664762766,
          "test_bal_acc_mean": 0.836111111111111,
          "test_bal_acc_std": 0.09702360664762767,
          "test_f1_mean": 0.8266787220399046,
          "test_f1_std": 0.10940802052211869,
          "test_kappa_mean": 0.7541666666666667,
          "test_kappa_std": 0.1455354099714415,
          "confusion_matrix": [
            [
              92.5,
              7.499999999999998,
              0.0
            ],
            [
              17.083333333333332,
              71.24999999999999,
              11.666666666666666
            ],
            [
              4.166666666666666,
              8.750000000000002,
              87.08333333333334
            ]
          ]
        },
        {
          "participant": "3243",
          "train_size": 2,
          "n_seeds": 20,
          "n_train_samples_mean": 6.0,
          "n_test_samples_mean": 35.0,
          "test_acc_mean": 0.8342857142857143,
          "test_acc_std": 0.10009662356647818,
          "test_bal_acc_mean": 0.8381313131313132,
          "test_bal_acc_std": 0.09767521180204623,
          "test_f1_mean": 0.8185199569585835,
          "test_f1_std": 0.11789833245398981,
          "test_kappa_mean": 0.751671400115361,
          "test_kappa_std": 0.1499423773792452,
          "confusion_matrix": [
            [
              97.27272727272728,
              0.4545454545454546,
              2.272727272727273
            ],
            [
              4.583333333333332,
              92.08333333333334,
              3.333333333333333
            ],
            [
              7.083333333333333,
              30.833333333333332,
              62.083333333333336
            ]
          ]
        },
        {
          "participant": "3244",
          "train_size": 2,
          "n_seeds": 20,
          "n_train_samples_mean": 6.0,
          "n_test_samples_mean": 36.0,
          "test_acc_mean": 0.7027777777777777,
          "test_acc_std": 0.051850111360373874,
          "test_bal_acc_mean": 0.7027777777777777,
          "test_bal_acc_std": 0.051850111360373895,
          "test_f1_mean": 0.6292691011281837,
          "test_f1_std": 0.08386246422396997,
          "test_kappa_mean": 0.5541666666666667,
          "test_kappa_std": 0.0777751670405608,
          "confusion_matrix": [
            [
              95.0,
              0.0,
              4.999999999999999
            ],
            [
              1.6666666666666665,
              97.91666666666666,
              0.41666666666666663
            ],
            [
              36.666666666666664,
              45.41666666666667,
              17.916666666666664
            ]
          ]
        },
        {
          "participant": "3245",
          "train_size": 2,
          "n_seeds": 20,
          "n_train_samples_mean": 6.0,
          "n_test_samples_mean": 34.0,
          "test_acc_mean": 0.6955882352941176,
          "test_acc_std": 0.12304748984386021,
          "test_bal_acc_mean": 0.6844444444444444,
          "test_bal_acc_std": 0.12510684192855295,
          "test_f1_mean": 0.665359402275193,
          "test_f1_std": 0.1432081386520113,
          "test_kappa_mean": 0.5372841438928265,
          "test_kappa_std": 0.18919359363846514,
          "confusion_matrix": [
            [
              59.58333333333335,
              23.749999999999993,
              16.666666666666668
            ],
            [
              3.749999999999999,
              96.25000000000001,
              0.0
            ],
            [
              20.0,
              30.5,
              49.5
            ]
          ]
        },
        {
          "participant": "3246",
          "train_size": 2,
          "n_seeds": 20,
          "n_train_samples_mean": 6.0,
          "n_test_samples_mean": 36.0,
          "test_acc_mean": 0.4486111111111112,
          "test_acc_std": 0.07446746174672098,
          "test_bal_acc_mean": 0.4486111111111112,
          "test_bal_acc_std": 0.07446746174672096,
          "test_f1_mean": 0.35210023316386224,
          "test_f1_std": 0.09184242199535038,
          "test_kappa_mean": 0.17291666666666666,
          "test_kappa_std": 0.11170119262008146,
          "confusion_matrix": [
            [
              27.5,
              50.0,
              22.499999999999996
            ],
            [
              0.0,
              100.0,
              0.0
            ],
            [
              22.5,
              70.41666666666669,
              7.083333333333333
            ]
          ]
        },
        {
          "participant": "3247",
          "train_size": 2,
          "n_seeds": 20,
          "n_train_samples_mean": 6.0,
          "n_test_samples_mean": 36.0,
          "test_acc_mean": 0.636111111111111,
          "test_acc_std": 0.1321155400376057,
          "test_bal_acc_mean": 0.6361111111111111,
          "test_bal_acc_std": 0.1321155400376057,
          "test_f1_mean": 0.6094467021906025,
          "test_f1_std": 0.1521161608816465,
          "test_kappa_mean": 0.4541666666666666,
          "test_kappa_std": 0.19817331005640862,
          "confusion_matrix": [
            [
              70.83333333333333,
              29.166666666666668,
              0.0
            ],
            [
              3.333333333333333,
              59.999999999999986,
              36.66666666666667
            ],
            [
              3.333333333333333,
              36.66666666666667,
              60.0
            ]
          ]
        },
        {
          "participant": "3248",
          "train_size": 2,
          "n_seeds": 20,
          "n_train_samples_mean": 6.0,
          "n_test_samples_mean": 35.0,
          "test_acc_mean": 0.6585714285714286,
          "test_acc_std": 0.065202320835382,
          "test_bal_acc_mean": 0.6622474747474747,
          "test_bal_acc_std": 0.06399921760828349,
          "test_f1_mean": 0.6273452379177236,
          "test_f1_std": 0.09244343782726287,
          "test_kappa_mean": 0.48792851702221957,
          "test_kappa_std": 0.09804008569933605,
          "confusion_matrix": [
            [
              79.09090909090911,
              9.090909090909092,
              11.818181818181818
            ],
            [
              11.666666666666664,
              77.91666666666666,
              10.416666666666668
            ],
            [
              14.166666666666668,
              44.166666666666664,
              41.66666666666667
            ]
          ]
        },
        {
          "participant": "3249",
          "train_size": 2,
          "n_seeds": 20,
          "n_train_samples_mean": 6.0,
          "n_test_samples_mean": 36.0,
          "test_acc_mean": 0.7236111111111112,
          "test_acc_std": 0.09768062358278518,
          "test_bal_acc_mean": 0.7236111111111111,
          "test_bal_acc_std": 0.09768062358278518,
          "test_f1_mean": 0.7065935817174649,
          "test_f1_std": 0.10945017285555753,
          "test_kappa_mean": 0.5854166666666667,
          "test_kappa_std": 0.14652093537417776,
          "confusion_matrix": [
            [
              79.16666666666666,
              8.75,
              12.083333333333334
            ],
            [
              10.833333333333332,
              69.16666666666667,
              19.999999999999996
            ],
            [
              8.333333333333332,
              22.916666666666668,
              68.75
            ]
          ]
        },
        {
          "participant": "3250",
          "train_size": 2,
          "n_seeds": 20,
          "n_train_samples_mean": 6.0,
          "n_test_samples_mean": 36.0,
          "test_acc_mean": 0.6777777777777778,
          "test_acc_std": 0.10011364562478933,
          "test_bal_acc_mean": 0.6777777777777778,
          "test_bal_acc_std": 0.10011364562478933,
          "test_f1_mean": 0.6192131531403632,
          "test_f1_std": 0.12489100779197924,
          "test_kappa_mean": 0.5166666666666667,
          "test_kappa_std": 0.15017046843718398,
          "confusion_matrix": [
            [
              89.16666666666667,
              10.0,
              0.8333333333333333
            ],
            [
              6.666666666666666,
              92.5,
              0.8333333333333333
            ],
            [
              44.583333333333336,
              33.75,
              21.666666666666664
            ]
          ]
        }
      ]
    },
    {
      "aggregated": {
        "train_size": 3,
        "n_participants": 38,
        "n_seeds": 20,
        "test_acc_mean": 0.7139096677001842,
        "test_acc_std": 0.1510194585343446,
        "test_bal_acc_mean": 0.7154734690261005,
        "test_bal_acc_std": 0.15396607549441788,
        "test_f1_mean": 0.692582733623071,
        "test_f1_std": 0.17232479970427644,
        "test_kappa_mean": 0.5687550091531582,
        "test_kappa_std": 0.226150861441225,
        "confusion_matrix": [
          [
            69.91866028708135,
            10.69736842105263,
            19.383971291866025
          ],
          [
            8.56818181818182,
            73.96582365003418,
            17.465994531784002
