{
  "name": "pose_eye_ecg",
  "config": {
    "n_seeds": 20,
    "feature_selection": "backward",
    "use_pose_derivatives": true,
    "use_time_features": false,
    "include_order": false,
    "normalize_features": true,
    "class_config": "all",
    "use_pca": false,
    "pca_variance": 0.9,
    "write_cm": true,
    "tune_hyperparameters": false,
    "tune_n_iter": 30,
    "tune_cv_folds": 5,
    "name": "pose_eye_ecg",
    "feature_groups": [
      "pose",
      "eye_tracking",
      "ecg"
    ],
    "split_strategy": "participant_specific",
    "sampling_strategy": "temporal_stratified"
  },
  "sampling_strategy": "temporal_stratified",
  "n_seeds": 20,
  "learning_curve": [
    {
      "aggregated": {
        "train_size": 2,
        "n_participants": 36,
        "n_seeds": 20,
        "test_acc_mean": 0.6467987719960362,
        "test_acc_std": 0.09026846349020952,
        "test_bal_acc_mean": 0.6442839272353161,
        "test_bal_acc_std": 0.09487356358731053,
        "test_f1_mean": 0.6151299821149657,
        "test_f1_std": 0.10651726611332976,
        "test_kappa_mean": 0.4690999752681953,
        "test_kappa_std": 0.13491562586681471,
        "confusion_matrix": [
          [
            68.98463804713805,
            15.086279461279462,
            15.929082491582493
          ],
          [
            14.514239618406284,
            69.4479517396184,
            16.037808641975303
          ],
          [
            19.621668069584732,
            25.52574354657688,
            54.85258838383838
          ]
        ]
      },
      "per_participant": [
        {
          "participant": "3208",
          "train_size": 2,
          "n_seeds": 20,
          "n_train_samples_mean": 6.0,
          "n_test_samples_mean": 36.0,
          "test_acc_mean": 0.7055555555555556,
          "test_acc_std": 0.12370183607979578,
          "test_bal_acc_mean": 0.7055555555555556,
          "test_bal_acc_std": 0.1237018360797958,
          "test_f1_mean": 0.6892181136198763,
          "test_f1_std": 0.14320736456556105,
          "test_kappa_mean": 0.5583333333333332,
          "test_kappa_std": 0.1855527541196937,
          "confusion_matrix": [
            [
              72.50000000000001,
              12.916666666666668,
              14.583333333333334
            ],
            [
              21.666666666666664,
              67.08333333333334,
              11.249999999999998
            ],
            [
              24.166666666666668,
              3.749999999999999,
              72.08333333333334
            ]
          ]
        },
        {
          "participant": "3209",
          "train_size": 2,
          "n_seeds": 20,
          "n_train_samples_mean": 6.0,
          "n_test_samples_mean": 35.0,
          "test_acc_mean": 0.6799999999999999,
          "test_acc_std": 0.09343659573275745,
          "test_bal_acc_mean": 0.6728535353535354,
          "test_bal_acc_std": 0.09296971634850557,
          "test_f1_mean": 0.653558258391264,
          "test_f1_std": 0.10083662249977982,
          "test_kappa_mean": 0.5157073893689648,
          "test_kappa_std": 0.1417806028314188,
          "confusion_matrix": [
            [
              99.16666666666666,
              0.8333333333333333,
              0.0
            ],
            [
              39.58333333333333,
              60.416666666666664,
              0.0
            ],
            [
              32.72727272727273,
              25.000000000000004,
              42.272727272727266
            ]
          ]
        },
        {
          "participant": "3214",
          "train_size": 2,
          "n_seeds": 20,
          "n_train_samples_mean": 6.0,
          "n_test_samples_mean": 36.0,
          "test_acc_mean": 0.6263888888888889,
          "test_acc_std": 0.07008476720295315,
          "test_bal_acc_mean": 0.6263888888888889,
          "test_bal_acc_std": 0.07008476720295315,
          "test_f1_mean": 0.5922107383444085,
          "test_f1_std": 0.08338965005556627,
          "test_kappa_mean": 0.4395833333333333,
          "test_kappa_std": 0.10512715080442972,
          "confusion_matrix": [
            [
              97.08333333333333,
              2.4999999999999996,
              0.41666666666666663
            ],
            [
              12.083333333333332,
              43.33333333333333,
              44.58333333333335
            ],
            [
              2.9166666666666665,
              49.58333333333333,
              47.50000000000001
            ]
          ]
        },
        {
          "participant": "3215",
          "train_size": 2,
          "n_seeds": 20,
          "n_train_samples_mean": 6.0,
          "n_test_samples_mean": 36.0,
          "test_acc_mean": 0.41527777777777775,
          "test_acc_std": 0.07619259734933709,
          "test_bal_acc_mean": 0.41527777777777775,
          "test_bal_acc_std": 0.07619259734933709,
          "test_f1_mean": 0.3027606891252793,
          "test_f1_std": 0.11494205267443372,
          "test_kappa_mean": 0.12291666666666667,
          "test_kappa_std": 0.1142888960240056,
          "confusion_matrix": [
            [
              99.58333333333334,
              0.41666666666666663,
              0.0
            ],
            [
              61.25,
              7.916666666666666,
              30.833333333333332
            ],
            [
              74.58333333333334,
              8.333333333333332,
              17.083333333333336
            ]
          ]
        },
        {
          "participant": "3216",
          "train_size": 2,
          "n_seeds": 20,
          "n_train_samples_mean": 6.0,
          "n_test_samples_mean": 34.0,
          "test_acc_mean": 0.6720588235294117,
          "test_acc_std": 0.07469661823058998,
          "test_bal_acc_mean": 0.6541666666666666,
          "test_bal_acc_std": 0.07862684011840072,
          "test_f1_mean": 0.6477530650261938,
          "test_f1_std": 0.08721762076803784,
          "test_kappa_mean": 0.5012591506800587,
          "test_kappa_std": 0.11597416571089421,
          "confusion_matrix": [
            [
              90.83333333333334,
              7.083333333333331,
              2.083333333333333
            ],
            [
              7.5,
              70.41666666666669,
              22.083333333333336
            ],
            [
              16.5,
              48.5,
              35.0
            ]
          ]
        },
        {
          "participant": "3217",
          "train_size": 2,
          "n_seeds": 20,
          "n_train_samples_mean": 6.0,
          "n_test_samples_mean": 36.0,
          "test_acc_mean": 0.7180555555555556,
          "test_acc_std": 0.11480518572462553,
          "test_bal_acc_mean": 0.7180555555555556,
          "test_bal_acc_std": 0.11480518572462553,
          "test_f1_mean": 0.7052173744069054,
          "test_f1_std": 0.1282151753622568,
          "test_kappa_mean": 0.5770833333333332,
          "test_kappa_std": 0.17220777858693823,
          "confusion_matrix": [
            [
              78.33333333333331,
              18.333333333333336,
              3.333333333333333
            ],
            [
              11.666666666666666,
              85.83333333333334,
              2.499999999999999
            ],
            [
              4.999999999999999,
              43.75,
              51.25
            ]
          ]
        },
        {
          "participant": "3218",
          "train_size": 2,
          "n_seeds": 20,
          "n_train_samples_mean": 6.0,
          "n_test_samples_mean": 36.0,
          "test_acc_mean": 0.7305555555555556,
          "test_acc_std": 0.10436384846055208,
          "test_bal_acc_mean": 0.7305555555555556,
          "test_bal_acc_std": 0.10436384846055209,
          "test_f1_mean": 0.7094336671665109,
          "test_f1_std": 0.12398656792114819,
          "test_kappa_mean": 0.5958333333333333,
          "test_kappa_std": 0.1565457726908281,
          "confusion_matrix": [
            [
              92.08333333333334,
              7.916666666666666,
              0.0
            ],
            [
              17.5,
              80.83333333333333,
              1.6666666666666665
            ],
            [
              11.249999999999998,
              42.49999999999999,
              46.24999999999999
            ]
          ]
        },
        {
          "participant": "3219",
          "train_size": 2,
          "n_seeds": 20,
          "n_train_samples_mean": 6.0,
          "n_test_samples_mean": 34.0,
          "test_acc_mean": 0.6544117647058825,
          "test_acc_std": 0.11245306999857069,
          "test_bal_acc_mean": 0.6592171717171718,
          "test_bal_acc_std": 0.10929437321487444,
          "test_f1_mean": 0.6195517761248138,
          "test_f1_std": 0.13570987428823494,
          "test_kappa_mean": 0.4841233256883286,
          "test_kappa_std": 0.1657133716416786,
          "confusion_matrix": [
            [
              95.45454545454547,
              3.181818181818182,
              1.3636363636363638
            ],
            [
              25.454545454545453,
              52.72727272727273,
              21.818181818181817
            ],
            [
              30.0,
              20.416666666666668,
              49.58333333333333
            ]
          ]
        },
        {
          "participant": "3220",
          "train_size": 2,
          "n_seeds": 20,
          "n_train_samples_mean": 6.0,
          "n_test_samples_mean": 36.0,
          "test_acc_mean": 0.5736111111111112,
          "test_acc_std": 0.08174658936796289,
          "test_bal_acc_mean": 0.5736111111111112,
          "test_bal_acc_std": 0.0817465893679629,
          "test_f1_mean": 0.5339652784582327,
          "test_f1_std": 0.11084851163538294,
          "test_kappa_mean": 0.36041666666666666,
          "test_kappa_std": 0.12261988405194438,
          "confusion_matrix": [
            [
              34.16666666666667,
              55.833333333333336,
              10.0
            ],
            [
              11.666666666666664,
              85.41666666666666,
              2.916666666666667
            ],
            [
              19.166666666666664,
              28.333333333333332,
              52.499999999999986
            ]
          ]
        },
        {
          "participant": "3221",
          "train_size": 2,
          "n_seeds": 20,
          "n_train_samples_mean": 6.0,
          "n_test_samples_mean": 36.0,
          "test_acc_mean": 0.6055555555555555,
          "test_acc_std": 0.09773257860139561,
          "test_bal_acc_mean": 0.6055555555555555,
          "test_bal_acc_std": 0.09773257860139561,
          "test_f1_mean": 0.5512765686746862,
          "test_f1_std": 0.12795872310869094,
          "test_kappa_mean": 0.4083333333333333,
          "test_kappa_std": 0.14659886790209342,
          "confusion_matrix": [
            [
              56.666666666666664,
              37.5,
              5.833333333333331
            ],
            [
              1.2499999999999998,
              98.33333333333334,
              0.41666666666666663
            ],
            [
              30.833333333333332,
              42.5,
              26.666666666666664
            ]
          ]
        },
        {
          "participant": "3223",
          "train_size": 2,
          "n_seeds": 20,
          "n_train_samples_mean": 6.0,
          "n_test_samples_mean": 36.0,
          "test_acc_mean": 0.5375,
          "test_acc_std": 0.07661781221620674,
          "test_bal_acc_mean": 0.5375,
          "test_bal_acc_std": 0.07661781221620674,
          "test_f1_mean": 0.5152502689569513,
          "test_f1_std": 0.09336078345981198,
          "test_kappa_mean": 0.30625,
          "test_kappa_std": 0.11492671832431013,
          "confusion_matrix": [
            [
              45.833333333333336,
              11.249999999999998,
              42.916666666666664
            ],
            [
              6.249999999999998,
              75.0,
              18.749999999999996
            ],
            [
              19.166666666666664,
              40.416666666666664,
              40.41666666666667
            ]
          ]
        },
        {
          "participant": "3224",
          "train_size": 2,
          "n_seeds": 20,
          "n_train_samples_mean": 6.0,
          "n_test_samples_mean": 21.0,
          "test_acc_mean": 0.5738095238095239,
          "test_acc_std": 0.16957716487381314,
          "test_bal_acc_mean": 0.4712121212121212,
          "test_bal_acc_std": 0.07990572892365704,
          "test_f1_mean": 0.6135061353171702,
          "test_f1_std": 0.1534225819113264,
          "test_kappa_mean": 0.370805795982465,
          "test_kappa_std": 0.16032212365688114,
          "confusion_matrix": [
            [
              20.0,
              0.0,
              80.0
            ],
            [
              34.54545454545455,
              46.36363636363637,
              19.090909090909086
            ],
            [
              22.77777777777778,
              2.2222222222222223,
              75.0
            ]
          ]
        },
        {
          "participant": "3225",
          "train_size": 2,
          "n_seeds": 20,
          "n_train_samples_mean": 6.0,
          "n_test_samples_mean": 36.0,
          "test_acc_mean": 0.5944444444444444,
          "test_acc_std": 0.07507847313315047,
          "test_bal_acc_mean": 0.5944444444444444,
          "test_bal_acc_std": 0.0750784731331505,
          "test_f1_mean": 0.5577014196170802,
          "test_f1_std": 0.08507325839775294,
          "test_kappa_mean": 0.3916666666666666,
          "test_kappa_std": 0.11261770969972572,
          "confusion_matrix": [
            [
              95.83333333333334,
              4.166666666666666,
              0.0
            ],
            [
              18.333333333333332,
              47.91666666666667,
              33.75000000000001
            ],
            [
              0.8333333333333333,
              64.58333333333334,
              34.58333333333333
            ]
          ]
        },
        {
          "participant": "3226",
          "train_size": 2,
          "n_seeds": 20,
          "n_train_samples_mean": 6.0,
          "n_test_samples_mean": 36.0,
          "test_acc_mean": 0.6958333333333333,
          "test_acc_std": 0.11381041369930416,
          "test_bal_acc_mean": 0.6958333333333333,
          "test_bal_acc_std": 0.11381041369930416,
          "test_f1_mean": 0.6699676691769889,
          "test_f1_std": 0.13700675094050918,
          "test_kappa_mean": 0.54375,
          "test_kappa_std": 0.17071562054895623,
          "confusion_matrix": [
            [
              90.0,
              10.0,
              0.0
            ],
            [
              27.5,
              67.91666666666667,
              4.583333333333333
            ],
            [
              8.333333333333332,
              40.833333333333336,
              50.83333333333333
            ]
          ]
        },
        {
          "participant": "3227",
          "train_size": 2,
          "n_seeds": 20,
          "n_train_samples_mean": 6.0,
          "n_test_samples_mean": 36.0,
          "test_acc_mean": 0.6097222222222223,
          "test_acc_std": 0.10528396886546865,
          "test_bal_acc_mean": 0.6097222222222223,
          "test_bal_acc_std": 0.10528396886546867,
          "test_f1_mean": 0.5675458653465746,
          "test_f1_std": 0.12174777180836395,
          "test_kappa_mean": 0.4145833333333334,
          "test_kappa_std": 0.15792595329820303,
          "confusion_matrix": [
            [
              45.41666666666667,
              54.58333333333333,
              0.0
            ],
            [
              12.5,
              48.750000000000014,
              38.74999999999999
            ],
            [
              0.8333333333333333,
              10.416666666666666,
              88.75
            ]
          ]
        },
        {
          "participant": "3228",
          "train_size": 2,
          "n_seeds": 20,
          "n_train_samples_mean": 6.0,
          "n_test_samples_mean": 36.0,
          "test_acc_mean": 0.6847222222222222,
          "test_acc_std": 0.10404232344688442,
          "test_bal_acc_mean": 0.6847222222222222,
          "test_bal_acc_std": 0.10404232344688445,
          "test_f1_mean": 0.6746844658975644,
          "test_f1_std": 0.11654431000600607,
          "test_kappa_mean": 0.5270833333333333,
          "test_kappa_std": 0.15606348517032667,
          "confusion_matrix": [
            [
              49.58333333333333,
              50.41666666666667,
              0.0
            ],
            [
              0.41666666666666663,
              76.66666666666666,
              22.916666666666664
            ],
            [
              0.0,
              20.833333333333336,
              79.16666666666667
            ]
          ]
        },
        {
          "participant": "3229",
          "train_size": 2,
          "n_seeds": 20,
          "n_train_samples_mean": 6.0,
          "n_test_samples_mean": 36.0,
          "test_acc_mean": 0.5652777777777778,
          "test_acc_std": 0.05575621656380633,
          "test_bal_acc_mean": 0.5652777777777778,
          "test_bal_acc_std": 0.055756216563806325,
          "test_f1_mean": 0.547372746402658,
          "test_f1_std": 0.06510450427247845,
          "test_kappa_mean": 0.3479166666666667,
          "test_kappa_std": 0.08363432484570948,
          "confusion_matrix": [
            [
              46.666666666666664,
              28.333333333333332,
              25.0
            ],
            [
              24.583333333333332,
              51.66666666666667,
              23.749999999999996
            ],
            [
              28.333333333333332,
              0.41666666666666663,
              71.24999999999999
            ]
          ]
        },
        {
          "participant": "3230",
          "train_size": 2,
          "n_seeds": 20,
          "n_train_samples_mean": 6.0,
          "n_test_samples_mean": 36.0,
          "test_acc_mean": 0.5402777777777779,
          "test_acc_std": 0.07236546748063409,
          "test_bal_acc_mean": 0.5402777777777779,
          "test_bal_acc_std": 0.07236546748063409,
          "test_f1_mean": 0.48089259948751517,
          "test_f1_std": 0.0489633858215055,
          "test_kappa_mean": 0.3104166666666667,
          "test_kappa_std": 0.1085482012209511,
          "confusion_matrix": [
            [
              10.416666666666668,
              10.000000000000002,
              79.58333333333334
            ],
            [
              17.083333333333332,
              78.33333333333334,
              4.583333333333333
            ],
            [
              18.333333333333336,
              8.333333333333332,
              73.33333333333333
            ]
          ]
        },
        {
          "participant": "3232",
          "train_size": 2,
          "n_seeds": 20,
          "n_train_samples_mean": 6.0,
          "n_test_samples_mean": 36.0,
          "test_acc_mean": 0.623611111111111,
          "test_acc_std": 0.08332114920674823,
          "test_bal_acc_mean": 0.623611111111111,
          "test_bal_acc_std": 0.08332114920674823,
          "test_f1_mean": 0.5961781443632453,
          "test_f1_std": 0.09300262181140152,
          "test_kappa_mean": 0.4354166666666667,
          "test_kappa_std": 0.12498172381012239,
          "confusion_matrix": [
            [
              47.08333333333333,
              25.0,
              27.916666666666668
            ],
            [
              34.16666666666667,
              49.99999999999999,
              15.833333333333332
            ],
            [
              9.583333333333332,
              0.41666666666666663,
              90.0
            ]
          ]
        },
        {
          "participant": "3233",
          "train_size": 2,
          "n_seeds": 20,
          "n_train_samples_mean": 6.0,
          "n_test_samples_mean": 36.0,
          "test_acc_mean": 0.7222222222222221,
          "test_acc_std": 0.10548628074589152,
          "test_bal_acc_mean": 0.7222222222222221,
          "test_bal_acc_std": 0.10548628074589149,
          "test_f1_mean": 0.6990393589750274,
          "test_f1_std": 0.12377387354033588,
          "test_kappa_mean": 0.5833333333333334,
          "test_kappa_std": 0.15822942111883725,
          "confusion_matrix": [
            [
              76.66666666666666,
              13.75,
              9.583333333333336
            ],
            [
              0.41666666666666663,
              99.16666666666666,
              0.41666666666666663
            ],
            [
              0.0,
              59.166666666666664,
              40.83333333333333
            ]
          ]
        },
        {
          "participant": "3234",
          "train_size": 2,
          "n_seeds": 20,
          "n_train_samples_mean": 6.0,
          "n_test_samples_mean": 36.0,
          "test_acc_mean": 0.49027777777777787,
          "test_acc_std": 0.08562871862226766,
          "test_bal_acc_mean": 0.49027777777777787,
          "test_bal_acc_std": 0.08562871862226767,
          "test_f1_mean": 0.40725895484547703,
          "test_f1_std": 0.10971828861102792,
          "test_kappa_mean": 0.23541666666666666,
          "test_kappa_std": 0.1284430779334015,
          "confusion_matrix": [
            [
              98.75,
              0.0,
              1.25
            ],
            [
              22.499999999999996,
              9.583333333333332,
              67.91666666666666
            ],
            [
              58.333333333333336,
              2.9166666666666656,
              38.750000000000014
            ]
          ]
        },
        {
          "participant": "3235",
          "train_size": 2,
          "n_seeds": 20,
          "n_train_samples_mean": 6.0,
          "n_test_samples_mean": 35.0,
          "test_acc_mean": 0.7571428571428572,
          "test_acc_std": 0.058992617281001594,
          "test_bal_acc_mean": 0.7611111111111112,
          "test_bal_acc_std": 0.05861518267382924,
          "test_f1_mean": 0.7268181478738609,
          "test_f1_std": 0.07877690528760056,
          "test_kappa_mean": 0.6360528134595501,
          "test_kappa_std": 0.08809660601042825,
          "confusion_matrix": [
            [
              90.00000000000001,
              10.000000000000002,
              0.0
            ],
            [
              0.0,
              100.0,
              0.0
            ],
            [
              20.0,
              41.666666666666664,
              38.33333333333333
            ]
          ]
        },
        {
          "participant": "3236",
          "train_size": 2,
          "n_seeds": 20,
          "n_train_samples_mean": 6.0,
          "n_test_samples_mean": 28.0,
          "test_acc_mean": 0.6910714285714284,
          "test_acc_std": 0.08457497833436191,
          "test_bal_acc_mean": 0.7069444444444444,
          "test_bal_acc_std": 0.08943318370145699,
          "test_f1_mean": 0.6799644070925465,
          "test_f1_std": 0.08291576494818476,
          "test_kappa_mean": 0.5095621121034501,
          "test_kappa_std": 0.12045388614481047,
          "confusion_matrix": [
            [
              56.666666666666664,
              13.333333333333332,
              30.000000000000007
            ],
            [
              0.0,
              76.25,
              23.75
            ],
            [
              13.75,
              7.083333333333333,
              79.16666666666669
            ]
          ]
        },
        {
          "participant": "3237",
          "train_size": 2,
          "n_seeds": 20,
          "n_train_samples_mean": 6.0,
          "n_test_samples_mean": 33.0,
          "test_acc_mean": 0.6515151515151514,
          "test_acc_std": 0.07324377992475302,
          "test_bal_acc_mean": 0.6578703703703703,
          "test_bal_acc_std": 0.07501082876124614,
          "test_f1_mean": 0.6185712618999198,
          "test_f1_std": 0.09341762648234846,
          "test_kappa_mean": 0.4686351518058527,
          "test_kappa_std": 0.11317288657793277,
          "confusion_matrix": [
            [
              34.58333333333333,
              5.0,
              60.416666666666664
            ],
            [
              16.111111111111107,
              72.7777777777778,
              11.11111111111111
            ],
            [
              9.583333333333332,
              0.41666666666666663,
              90.0
            ]
          ]
        },
        {
          "participant": "3238",
          "train_size": 2,
          "n_seeds": 20,
          "n_train_samples_mean": 6.0,
          "n_test_samples_mean": 36.0,
          "test_acc_mean": 0.5152777777777777,
          "test_acc_std": 0.05291610067079235,
          "test_bal_acc_mean": 0.5152777777777777,
          "test_bal_acc_std": 0.05291610067079233,
          "test_f1_mean": 0.4682488743178303,
          "test_f1_std": 0.054189234636561355,
          "test_kappa_mean": 0.27291666666666664,
          "test_kappa_std": 0.0793741510061885,
          "confusion_matrix": [
            [
              26.666666666666664,
              19.166666666666664,
              54.166666666666664
            ],
            [
              20.416666666666668,
              39.583333333333336,
              40.00000000000001
            ],
            [
              4.583333333333333,
              7.083333333333331,
              88.33333333333333
            ]
          ]
        },
        {
          "participant": "3239",
          "train_size": 2,
          "n_seeds": 20,
          "n_train_samples_mean": 6.0,
          "n_test_samples_mean": 31.0,
          "test_acc_mean": 0.6854838709677419,
          "test_acc_std": 0.11554038700183532,
          "test_bal_acc_mean": 0.703219696969697,
          "test_bal_acc_std": 0.12210902978928163,
          "test_f1_mean": 0.6770129972432609,
          "test_f1_std": 0.12221782589091612,
          "test_kappa_mean": 0.5338020543332928,
          "test_kappa_std": 0.17248784756680835,
          "confusion_matrix": [
            [
              61.25,
              12.083333333333332,
              26.666666666666664
            ],
            [
              11.818181818181818,
              64.0909090909091,
              24.090909090909086
            ],
            [
              11.875,
              2.5,
              85.625
            ]
          ]
        },
        {
          "participant": "3240",
          "train_size": 2,
          "n_seeds": 20,
          "n_train_samples_mean": 6.0,
          "n_test_samples_mean": 34.0,
          "test_acc_mean": 0.6794117647058824,
          "test_acc_std": 0.12438155149170733,
          "test_bal_acc_mean": 0.6767676767676767,
          "test_bal_acc_std": 0.12272831192144311,
          "test_f1_mean": 0.6587621412944756,
          "test_f1_std": 0.143520416527619,
          "test_kappa_mean": 0.520871074377772,
          "test_kappa_std": 0.18456316829696617,
          "confusion_matrix": [
            [
              86.81818181818184,
              0.9090909090909092,
              12.272727272727275
            ],
            [
              20.83333333333333,
              76.66666666666669,
              2.5
            ],
            [
              59.999999999999986,
              0.4545454545454546,
              39.54545454545455
            ]
          ]
        },
        {
          "participant": "3241",
          "train_size": 2,
          "n_seeds": 20,
          "n_train_samples_mean": 6.0,
          "n_test_samples_mean": 36.0,
          "test_acc_mean": 0.6652777777777777,
          "test_acc_std": 0.08666582320777148,
          "test_bal_acc_mean": 0.6652777777777777,
          "test_bal_acc_std": 0.08666582320777148,
          "test_f1_mean": 0.6549439006392281,
          "test_f1_std": 0.08708800554690849,
          "test_kappa_mean": 0.4979166666666666,
          "test_kappa_std": 0.12999873481165725,
          "confusion_matrix": [
            [
              55.833333333333336,
              15.833333333333334,
              28.333333333333325
            ],
            [
              22.916666666666668,
              69.99999999999999,
              7.083333333333333
            ],
            [
              24.999999999999993,
              1.2499999999999998,
              73.75000000000001
            ]
          ]
        },
        {
          "participant": "3242",
          "train_size": 2,
          "n_seeds": 20,
          "n_train_samples_mean": 6.0,
          "n_test_samples_mean": 36.0,
          "test_acc_mean": 0.8333333333333333,
          "test_acc_std": 0.0577068840818437,
          "test_bal_acc_mean": 0.8333333333333333,
          "test_bal_acc_std": 0.057706884081843685,
          "test_f1_mean": 0.818880621099542,
          "test_f1_std": 0.06991110946482217,
          "test_kappa_mean": 0.75,
          "test_kappa_std": 0.08656032612276558,
          "confusion_matrix": [
            [
              95.83333333333333,
              4.166666666666666,
              0.0
            ],
            [
              9.999999999999998,
              59.16666666666667,
              30.833333333333332
            ],
            [
              0.0,
              4.999999999999998,
              95.00000000000001
            ]
          ]
        },
        {
          "participant": "3243",
          "train_size": 2,
          "n_seeds": 20,
          "n_train_samples_mean": 6.0,
          "n_test_samples_mean": 35.0,
          "test_acc_mean": 0.7928571428571429,
          "test_acc_std": 0.06990864070422755,
          "test_bal_acc_mean": 0.798611111111111,
          "test_bal_acc_std": 0.06796673401799903,
          "test_f1_mean": 0.7617139715570923,
          "test_f1_std": 0.0998051198787079,
          "test_kappa_mean": 0.6892832011735939,
          "test_kappa_std": 0.1048462787064475,
          "confusion_matrix": [
            [
              100.0,
              0.0,
              0.0
            ],
            [
              0.41666666666666663,
              98.33333333333333,
              1.25
            ],
            [
              4.583333333333332,
              54.166666666666664,
              41.25
            ]
          ]
        },
        {
          "participant": "3244",
          "train_size": 2,
          "n_seeds": 20,
          "n_train_samples_mean": 6.0,
          "n_test_samples_mean": 36.0,
          "test_acc_mean": 0.6583333333333332,
          "test_acc_std": 0.08506963092234009,
          "test_bal_acc_mean": 0.6583333333333332,
          "test_bal_acc_std": 0.08506963092234007,
          "test_f1_mean": 0.5770759507167738,
          "test_f1_std": 0.10694888167803338,
          "test_kappa_mean": 0.4875,
          "test_kappa_std": 0.12760444638351012,
          "confusion_matrix": [
            [
              87.50000000000001,
              0.8333333333333333,
              11.666666666666666
            ],
            [
              4.166666666666666,
              95.83333333333333,
              0.0
            ],
            [
              45.83333333333333,
              40.0,
              14.166666666666666
            ]
          ]
        },
        {
          "participant": "3245",
          "train_size": 2,
          "n_seeds": 20,
          "n_train_samples_mean": 6.0,
          "n_test_samples_mean": 34.0,
          "test_acc_mean": 0.6558823529411764,
          "test_acc_std": 0.11132388215607211,
          "test_bal_acc_mean": 0.6380555555555556,
          "test_bal_acc_std": 0.11345875126721741,
          "test_f1_mean": 0.612451438497774,
          "test_f1_std": 0.13277745982881103,
          "test_kappa_mean": 0.47320003636689856,
          "test_kappa_std": 0.17273845247448036,
          "confusion_matrix": [
            [
              57.91666666666667,
              35.83333333333333,
              6.249999999999999
            ],
            [
              0.0,
              100.0,
              0.0
            ],
            [
              15.0,
              51.5,
              33.5
            ]
          ]
        },
        {
          "participant": "3246",
          "train_size": 2,
          "n_seeds": 20,
          "n_train_samples_mean": 6.0,
          "n_test_samples_mean": 36.0,
          "test_acc_mean": 0.5624999999999999,
          "test_acc_std": 0.09006666724381476,
          "test_bal_acc_mean": 0.5624999999999999,
          "test_bal_acc_std": 0.09006666724381478,
          "test_f1_mean": 0.5097154177178704,
          "test_f1_std": 0.11553196999732822,
          "test_kappa_mean": 0.34375,
          "test_kappa_std": 0.13510000086572216,
          "confusion_matrix": [
            [
              47.5,
              32.91666666666667,
              19.583333333333332
            ],
            [
              0.0,
              100.0,
              0.0
            ],
            [
              36.66666666666667,
              42.08333333333333,
              21.249999999999996
            ]
          ]
        },
        {
          "participant": "3247",
          "train_size": 2,
          "n_seeds": 20,
          "n_train_samples_mean": 6.0,
          "n_test_samples_mean": 36.0,
          "test_acc_mean": 0.788888888888889,
          "test_acc_std": 0.0842541716005728,
          "test_bal_acc_mean": 0.7888888888888889,
          "test_bal_acc_std": 0.08425417160057282,
          "test_f1_mean": 0.7787801812107967,
          "test_f1_std": 0.09548928830098097,
          "test_kappa_mean": 0.6833333333333333,
          "test_kappa_std": 0.12638125740085915,
          "confusion_matrix": [
            [
              82.49999999999997,
              17.500000000000007,
              0.0
            ],
            [
              0.41666666666666663,
              71.66666666666666,
              27.916666666666668
            ],
            [
              1.2499999999999998,
              16.25,
              82.5
            ]
          ]
        },
        {
          "participant": "3248",
          "train_size": 2,
          "n_seeds": 20,
          "n_train_samples_mean": 6.0,
          "n_test_samples_mean": 35.0,
          "test_acc_mean": 0.5799999999999998,
          "test_acc_std": 0.06561286714603717,
          "test_bal_acc_mean": 0.5830808080808081,
          "test_bal_acc_std": 0.06655470840016478,
          "test_f1_mean": 0.5353456256415938,
          "test_f1_std": 0.08125848747023665,
          "test_kappa_mean": 0.3676303376481389,
          "test_kappa_std": 0.09944505363802113,
          "confusion_matrix": [
            [
              69.0909090909091,
              18.18181818181818,
              12.727272727272728
            ],
            [
              3.749999999999999,
              84.99999999999999,
              11.249999999999998
            ],
            [
              5.833333333333333,
              73.33333333333334,
              20.833333333333336
            ]
          ]
        },
        {
          "participant": "3250",
          "train_size": 2,
          "n_seeds": 20,
          "n_train_samples_mean": 6.0,
          "n_test_samples_mean": 36.0,
          "test_acc_mean": 0.7486111111111111,
          "test_acc_std": 0.07932617049584623,
          "test_bal_acc_mean": 0.7486111111111111,
          "test_bal_acc_std": 0.07932617049584621,
          "test_f1_mean": 0.7320512616117796,
          "test_f1_std": 0.0927454707924066,
          "test_kappa_mean": 0.6229166666666666,
          "test_kappa_std": 0.11898925574376933,
          "confusion_matrix": [
            [
              89.16666666666666,
              3.3333333333333335,
              7.499999999999998
            ],
            [
              3.749999999999999,
              87.08333333333331,
              9.166666666666666
            ],
            [
              38.74999999999999,
              12.916666666666668,
              48.33333333333333
            ]
          ]
        }
      ]
    },
    {
      "aggregated": {
        "train_size": 3,
        "n_participants": 35,
        "n_seeds": 20,
        "test_acc_mean": 0.7333817224250404,
        "test_acc_std": 0.12410984759883312,
        "test_bal_acc_mean": 0.735032141139284,
        "test_bal_acc_std": 0.12489000793282551,
        "test_f1_mean": 0.7149689418412257,
        "test_f1_std": 0.14211571879526716,
        "test_kappa_mean": 0.5991445702137993,
        "test_kappa_std": 0.18611622245782636,
        "confusion_matrix": [
          [
            76.70389610389611,
            8.089610389610392,
            15.206493506493507
          ],
          [
            8.443831168831167,
            74.58777056277054,
            16.968398268398268
          ],
          [
            13.118243661100806,
            17.663780663780667,
            69.21797567511851
          ]
        ]
      },
      "per_participant": [
        {
          "participant": "3208",
          "train_size": 3,
          "n_seeds": 20,
          "n_train_samples_mean": 9.0,
          "n_test_samples_mean": 33.0,
          "test_acc_mean": 0.765151515151515,
          "test_acc_std": 0.041566866124153584,
          "test_bal_acc_mean": 0.765151515151515,
          "test_bal_acc_std": 0.04156686612415362,
          "test_f1_mean": 0.7608896488381818,
          "test_f1_std": 0.041367003595730444,
          "test_kappa_mean": 0.6477272727272728,
          "test_kappa_std": 0.062350299186230404,
          "confusion_matrix": [
            [
              84.54545454545455,
              0.0,
              15.454545454545453
            ],
            [
              45.90909090909092,
              53.181818181818166,
              0.9090909090909092
            ],
            [
              8.181818181818183,
              0.0,
              91.81818181818183
            ]
          ]
        },
        {
          "participant": "3209",
          "train_size": 3,
          "n_seeds": 20,
          "n_train_samples_mean": 9.0,
          "n_test_samples_mean": 32.0,
          "test_acc_mean": 0.7640625,
          "test_acc_std": 0.06370144564789389,
          "test_bal_acc_mean": 0.7568181818181818,
          "test_bal_acc_std": 0.06439417393709047,
          "test_f1_mean": 0.755089678459034,
          "test_f1_std": 0.07053218817577943,
          "test_kappa_mean": 0.643147632422866,
          "test_kappa_std": 0.09679567013498787,
          "confusion_matrix": [
            [
              100.0,
              0.0,
              0.0
            ],
            [
              25.454545454545457,
              74.54545454545453,
              0.0
            ],
            [
              32.5,
              15.0,
              52.5
            ]
          ]
        },
        {
          "participant": "3214",
          "train_size": 3,
          "n_seeds": 20,
          "n_train_samples_mean": 9.0,
          "n_test_samples_mean": 33.0,
          "test_acc_mean": 0.5621212121212121,
          "test_acc_std": 0.042258733885770186,
          "test_bal_acc_mean": 0.5621212121212121,
          "test_bal_acc_std": 0.042258733885770186,
          "test_f1_mean": 0.5434986392569221,
          "test_f1_std": 0.03791675518953009,
          "test_kappa_mean": 0.34318181818181814,
          "test_kappa_std": 0.06338810082865527,
          "confusion_matrix": [
            [
              100.0,
              0.0,
              0.0
            ],
            [
              0.4545454545454546,
              51.36363636363636,
              48.18181818181818
            ],
            [
