{
  "name": "pose_ecg",
  "config": {
    "n_seeds": 20,
    "feature_selection": "backward",
    "use_pose_derivatives": true,
    "use_time_features": false,
    "include_order": false,
    "normalize_features": true,
    "class_config": "all",
    "use_pca": false,
    "pca_variance": 0.9,
    "write_cm": true,
    "tune_hyperparameters": false,
    "tune_n_iter": 30,
    "tune_cv_folds": 5,
    "name": "pose_ecg",
    "feature_groups": [
      "pose",
      "ecg"
    ],
    "split_strategy": "participant_specific",
    "sampling_strategy": "temporal_stratified"
  },
  "sampling_strategy": "temporal_stratified",
  "n_seeds": 20,
  "learning_curve": [
    {
      "aggregated": {
        "train_size": 2,
        "n_participants": 37,
        "n_seeds": 20,
        "test_acc_mean": 0.6187922297297298,
        "test_acc_std": 0.11123877008132765,
        "test_bal_acc_mean": 0.6184496996996998,
        "test_bal_acc_std": 0.11133255091351958,
        "test_f1_mean": 0.5826182573132773,
        "test_f1_std": 0.1321411883471463,
        "test_kappa_mean": 0.4280645123142493,
        "test_kappa_std": 0.16688671680481038,
        "confusion_matrix": [
          [
            63.3108108108108,
            20.292792792792792,
            16.396396396396398
          ],
          [
            13.986486486486486,
            67.81531531531532,
            18.198198198198195
          ],
          [
            20.320945945945947,
            25.270270270270274,
            54.40878378378379
          ]
        ]
      },
      "per_participant": [
        {
          "participant": "3208",
          "train_size": 2,
          "n_seeds": 20,
          "n_train_samples_mean": 6.0,
          "n_test_samples_mean": 36.0,
          "test_acc_mean": 0.6402777777777777,
          "test_acc_std": 0.07066184377966499,
          "test_bal_acc_mean": 0.6402777777777777,
          "test_bal_acc_std": 0.07066184377966499,
          "test_f1_mean": 0.6199631834806634,
          "test_f1_std": 0.07840871619915815,
          "test_kappa_mean": 0.4604166666666667,
          "test_kappa_std": 0.1059927656694975,
          "confusion_matrix": [
            [
              65.41666666666666,
              16.249999999999996,
              18.333333333333336
            ],
            [
              19.58333333333333,
              50.00000000000001,
              30.416666666666664
            ],
            [
              19.999999999999996,
              3.333333333333333,
              76.66666666666666
            ]
          ]
        },
        {
          "participant": "3209",
          "train_size": 2,
          "n_seeds": 20,
          "n_train_samples_mean": 6.0,
          "n_test_samples_mean": 36.0,
          "test_acc_mean": 0.6375,
          "test_acc_std": 0.09726398434709593,
          "test_bal_acc_mean": 0.6375,
          "test_bal_acc_std": 0.09726398434709593,
          "test_f1_mean": 0.619301053654222,
          "test_f1_std": 0.11317589788178847,
          "test_kappa_mean": 0.45624999999999993,
          "test_kappa_std": 0.14589597652064393,
          "confusion_matrix": [
            [
              85.83333333333334,
              13.75,
              0.41666666666666663
            ],
            [
              30.416666666666668,
              62.08333333333335,
              7.499999999999998
            ],
            [
              37.5,
              19.166666666666664,
              43.33333333333333
            ]
          ]
        },
        {
          "participant": "3210",
          "train_size": 2,
          "n_seeds": 20,
          "n_train_samples_mean": 6.0,
          "n_test_samples_mean": 36.0,
          "test_acc_mean": 0.9111111111111111,
          "test_acc_std": 0.08435051716847201,
          "test_bal_acc_mean": 0.9111111111111111,
          "test_bal_acc_std": 0.08435051716847201,
          "test_f1_mean": 0.9101943920770971,
          "test_f1_std": 0.08435024668064324,
          "test_kappa_mean": 0.8666666666666666,
          "test_kappa_std": 0.12652577575270807,
          "confusion_matrix": [
            [
              88.74999999999999,
              11.249999999999996,
              0.0
            ],
            [
              0.0,
              100.0,
              0.0
            ],
            [
              2.9166666666666665,
              12.5,
              84.58333333333334
            ]
          ]
        },
        {
          "participant": "3214",
          "train_size": 2,
          "n_seeds": 20,
          "n_train_samples_mean": 6.0,
          "n_test_samples_mean": 36.0,
          "test_acc_mean": 0.576388888888889,
          "test_acc_std": 0.06491046965494249,
          "test_bal_acc_mean": 0.576388888888889,
          "test_bal_acc_std": 0.06491046965494249,
          "test_f1_mean": 0.5617603681435531,
          "test_f1_std": 0.05334279683196067,
          "test_kappa_mean": 0.36458333333333337,
          "test_kappa_std": 0.09736570448241376,
          "confusion_matrix": [
            [
              78.33333333333333,
              10.416666666666666,
              11.25
            ],
            [
              4.166666666666666,
              59.166666666666664,
              36.666666666666664
            ],
            [
              0.8333333333333333,
              63.749999999999986,
              35.41666666666667
            ]
          ]
        },
        {
          "participant": "3215",
          "train_size": 2,
          "n_seeds": 20,
          "n_train_samples_mean": 6.0,
          "n_test_samples_mean": 36.0,
          "test_acc_mean": 0.5333333333333333,
          "test_acc_std": 0.09938079899999067,
          "test_bal_acc_mean": 0.5333333333333333,
          "test_bal_acc_std": 0.09938079899999065,
          "test_f1_mean": 0.4216250848587638,
          "test_f1_std": 0.11231748873212323,
          "test_kappa_mean": 0.3,
          "test_kappa_std": 0.14907119849998596,
          "confusion_matrix": [
            [
              98.33333333333334,
              0.8333333333333333,
              0.8333333333333333
            ],
            [
              60.83333333333335,
              1.6666666666666665,
              37.50000000000001
            ],
            [
              37.91666666666667,
              2.083333333333333,
              59.999999999999986
            ]
          ]
        },
        {
          "participant": "3216",
          "train_size": 2,
          "n_seeds": 20,
          "n_train_samples_mean": 6.0,
          "n_test_samples_mean": 36.0,
          "test_acc_mean": 0.6319444444444444,
          "test_acc_std": 0.058319407973064875,
          "test_bal_acc_mean": 0.6319444444444444,
          "test_bal_acc_std": 0.058319407973064896,
          "test_f1_mean": 0.5953052296253126,
          "test_f1_std": 0.08269505145990007,
          "test_kappa_mean": 0.44791666666666663,
          "test_kappa_std": 0.08747911195959733,
          "confusion_matrix": [
            [
              84.99999999999999,
              12.499999999999996,
              2.499999999999999
            ],
            [
              7.083333333333331,
              73.75000000000001,
              19.166666666666664
            ],
            [
              26.249999999999993,
              42.916666666666664,
              30.833333333333336
            ]
          ]
        },
        {
          "participant": "3217",
          "train_size": 2,
          "n_seeds": 20,
          "n_train_samples_mean": 6.0,
          "n_test_samples_mean": 36.0,
          "test_acc_mean": 0.7111111111111111,
          "test_acc_std": 0.11342617456312008,
          "test_bal_acc_mean": 0.7111111111111111,
          "test_bal_acc_std": 0.11342617456312008,
          "test_f1_mean": 0.7034263220205067,
          "test_f1_std": 0.12405633586447347,
          "test_kappa_mean": 0.5666666666666667,
          "test_kappa_std": 0.17013926184468012,
          "confusion_matrix": [
            [
              64.58333333333334,
              33.33333333333333,
              2.083333333333333
            ],
            [
              14.583333333333334,
              82.50000000000001,
              2.9166666666666656
            ],
            [
              5.833333333333333,
              27.916666666666664,
              66.25
            ]
          ]
        },
        {
          "participant": "3218",
          "train_size": 2,
          "n_seeds": 20,
          "n_train_samples_mean": 6.0,
          "n_test_samples_mean": 36.0,
          "test_acc_mean": 0.688888888888889,
          "test_acc_std": 0.12077828617742435,
          "test_bal_acc_mean": 0.6888888888888889,
          "test_bal_acc_std": 0.12077828617742435,
          "test_f1_mean": 0.6467114578878342,
          "test_f1_std": 0.15123770505887765,
          "test_kappa_mean": 0.5333333333333333,
          "test_kappa_std": 0.18116742926613655,
          "confusion_matrix": [
            [
              93.33333333333334,
              6.666666666666666,
              0.0
            ],
            [
              17.083333333333332,
              80.41666666666666,
              2.5
            ],
            [
              14.999999999999996,
              52.083333333333336,
              32.91666666666667
            ]
          ]
        },
        {
          "participant": "3219",
          "train_size": 2,
          "n_seeds": 20,
          "n_train_samples_mean": 6.0,
          "n_test_samples_mean": 36.0,
          "test_acc_mean": 0.5486111111111112,
          "test_acc_std": 0.07479395565464589,
          "test_bal_acc_mean": 0.5486111111111112,
          "test_bal_acc_std": 0.07479395565464589,
          "test_f1_mean": 0.511187433512567,
          "test_f1_std": 0.0984689879492248,
          "test_kappa_mean": 0.32291666666666663,
          "test_kappa_std": 0.11219093348196883,
          "confusion_matrix": [
            [
              47.50000000000001,
              49.58333333333333,
              2.9166666666666656
            ],
            [
              15.833333333333334,
              62.916666666666664,
              21.25
            ],
            [
              25.416666666666664,
              20.416666666666664,
              54.16666666666667
            ]
          ]
        },
        {
          "participant": "3220",
          "train_size": 2,
          "n_seeds": 20,
          "n_train_samples_mean": 6.0,
          "n_test_samples_mean": 36.0,
          "test_acc_mean": 0.5152777777777778,
          "test_acc_std": 0.08713315376325101,
          "test_bal_acc_mean": 0.5152777777777777,
          "test_bal_acc_std": 0.08713315376325101,
          "test_f1_mean": 0.4434269840001483,
          "test_f1_std": 0.12189785561821007,
          "test_kappa_mean": 0.2729166666666667,
          "test_kappa_std": 0.13069973064487653,
          "confusion_matrix": [
            [
              27.916666666666664,
              63.33333333333335,
              8.75
            ],
            [
              3.333333333333333,
              95.41666666666667,
              1.2499999999999998
            ],
            [
              24.583333333333336,
              44.166666666666664,
              31.25
            ]
          ]
        },
        {
          "participant": "3221",
          "train_size": 2,
          "n_seeds": 20,
          "n_train_samples_mean": 6.0,
          "n_test_samples_mean": 36.0,
          "test_acc_mean": 0.5416666666666667,
          "test_acc_std": 0.10216149989002254,
          "test_bal_acc_mean": 0.5416666666666667,
          "test_bal_acc_std": 0.10216149989002254,
          "test_f1_mean": 0.4953692984979135,
          "test_f1_std": 0.12843194846506228,
          "test_kappa_mean": 0.31249999999999994,
          "test_kappa_std": 0.15324224983503382,
          "confusion_matrix": [
            [
              48.33333333333332,
              37.91666666666667,
              13.75
            ],
            [
              17.916666666666664,
              79.16666666666666,
              2.9166666666666665
            ],
            [
              37.083333333333336,
              27.916666666666657,
              35.00000000000001
            ]
          ]
        },
        {
          "participant": "3223",
          "train_size": 2,
          "n_seeds": 20,
          "n_train_samples_mean": 6.0,
          "n_test_samples_mean": 36.0,
          "test_acc_mean": 0.4958333333333333,
          "test_acc_std": 0.07767066559324187,
          "test_bal_acc_mean": 0.4958333333333334,
          "test_bal_acc_std": 0.07767066559324189,
          "test_f1_mean": 0.45785568323621917,
          "test_f1_std": 0.11219496473256711,
          "test_kappa_mean": 0.24375,
          "test_kappa_std": 0.11650599838986282,
          "confusion_matrix": [
            [
              34.58333333333333,
              14.166666666666666,
              51.25
            ],
            [
              14.583333333333332,
              70.0,
              15.416666666666666
            ],
            [
              6.666666666666666,
              49.16666666666668,
              44.16666666666667
            ]
          ]
        },
        {
          "participant": "3224",
          "train_size": 2,
          "n_seeds": 20,
          "n_train_samples_mean": 6.0,
          "n_test_samples_mean": 36.0,
          "test_acc_mean": 0.7041666666666667,
          "test_acc_std": 0.07555028791406844,
          "test_bal_acc_mean": 0.7041666666666667,
          "test_bal_acc_std": 0.07555028791406844,
          "test_f1_mean": 0.6791671200812439,
          "test_f1_std": 0.09626649498994365,
          "test_kappa_mean": 0.5562499999999999,
          "test_kappa_std": 0.11332543187110262,
          "confusion_matrix": [
            [
              45.41666666666667,
              13.333333333333332,
              41.24999999999999
            ],
            [
              9.999999999999998,
              69.16666666666667,
              20.833333333333336
            ],
            [
              2.083333333333333,
              1.2499999999999998,
              96.66666666666666
            ]
          ]
        },
        {
          "participant": "3225",
          "train_size": 2,
          "n_seeds": 20,
          "n_train_samples_mean": 6.0,
          "n_test_samples_mean": 36.0,
          "test_acc_mean": 0.5111111111111112,
          "test_acc_std": 0.08180866439351368,
          "test_bal_acc_mean": 0.5111111111111112,
          "test_bal_acc_std": 0.08180866439351368,
          "test_f1_mean": 0.4992869222547485,
          "test_f1_std": 0.08224724254446657,
          "test_kappa_mean": 0.2666666666666667,
          "test_kappa_std": 0.12271299659027052,
          "confusion_matrix": [
            [
              82.91666666666666,
              13.333333333333334,
              3.749999999999999
            ],
            [
              19.166666666666664,
              39.16666666666667,
              41.66666666666667
            ],
            [
              0.0,
              68.74999999999999,
              31.249999999999993
            ]
          ]
        },
        {
          "participant": "3226",
          "train_size": 2,
          "n_seeds": 20,
          "n_train_samples_mean": 6.0,
          "n_test_samples_mean": 36.0,
          "test_acc_mean": 0.6347222222222222,
          "test_acc_std": 0.07973467616724718,
          "test_bal_acc_mean": 0.6347222222222222,
          "test_bal_acc_std": 0.07973467616724719,
          "test_f1_mean": 0.603501925872288,
          "test_f1_std": 0.08918023833072819,
          "test_kappa_mean": 0.4520833333333334,
          "test_kappa_std": 0.11960201425087079,
          "confusion_matrix": [
            [
              88.33333333333333,
              9.583333333333332,
              2.083333333333333
            ],
            [
              49.166666666666664,
              39.16666666666666,
              11.666666666666668
            ],
            [
              13.75,
              23.333333333333332,
              62.91666666666667
            ]
          ]
        },
        {
          "participant": "3227",
          "train_size": 2,
          "n_seeds": 20,
          "n_train_samples_mean": 6.0,
          "n_test_samples_mean": 36.0,
          "test_acc_mean": 0.5250000000000001,
          "test_acc_std": 0.08497410070588114,
          "test_bal_acc_mean": 0.525,
          "test_bal_acc_std": 0.08497410070588113,
          "test_f1_mean": 0.462494667181811,
          "test_f1_std": 0.09980436419414938,
          "test_kappa_mean": 0.28750000000000003,
          "test_kappa_std": 0.1274611510588217,
          "confusion_matrix": [
            [
              29.166666666666668,
              61.66666666666667,
              9.166666666666664
            ],
            [
              2.499999999999999,
              30.833333333333336,
              66.66666666666666
            ],
            [
              0.0,
              2.4999999999999996,
              97.50000000000001
            ]
          ]
        },
        {
          "participant": "3228",
          "train_size": 2,
          "n_seeds": 20,
          "n_train_samples_mean": 6.0,
          "n_test_samples_mean": 36.0,
          "test_acc_mean": 0.6791666666666666,
          "test_acc_std": 0.0903368003190164,
          "test_bal_acc_mean": 0.6791666666666666,
          "test_bal_acc_std": 0.09033680031901643,
          "test_f1_mean": 0.6690744570854146,
          "test_f1_std": 0.0959029999724674,
          "test_kappa_mean": 0.51875,
          "test_kappa_std": 0.13550520047852463,
          "confusion_matrix": [
            [
              50.0,
              49.99999999999999,
              0.0
            ],
            [
              2.9166666666666665,
              72.91666666666667,
              24.166666666666664
            ],
            [
              0.41666666666666663,
              18.749999999999993,
              80.83333333333337
            ]
          ]
        },
        {
          "participant": "3229",
          "train_size": 2,
          "n_seeds": 20,
          "n_train_samples_mean": 6.0,
          "n_test_samples_mean": 36.0,
          "test_acc_mean": 0.5152777777777777,
          "test_acc_std": 0.048091415819287074,
          "test_bal_acc_mean": 0.5152777777777777,
          "test_bal_acc_std": 0.04809141581928706,
          "test_f1_mean": 0.46417231658081476,
          "test_f1_std": 0.06011242290284285,
          "test_kappa_mean": 0.27291666666666664,
          "test_kappa_std": 0.07213712372893058,
          "confusion_matrix": [
            [
              30.416666666666664,
              26.25,
              43.333333333333336
            ],
            [
              30.833333333333332,
              36.66666666666667,
              32.50000000000001
            ],
            [
              11.249999999999998,
              1.2499999999999998,
              87.50000000000001
            ]
          ]
        },
        {
          "participant": "3230",
          "train_size": 2,
          "n_seeds": 20,
          "n_train_samples_mean": 6.0,
          "n_test_samples_mean": 36.0,
          "test_acc_mean": 0.5833333333333333,
          "test_acc_std": 0.07038832232286972,
          "test_bal_acc_mean": 0.5833333333333333,
          "test_bal_acc_std": 0.07038832232286972,
          "test_f1_mean": 0.5303640790952618,
          "test_f1_std": 0.08400027503583005,
          "test_kappa_mean": 0.375,
          "test_kappa_std": 0.10558248348430457,
          "confusion_matrix": [
            [
              23.749999999999996,
              20.0,
              56.25
            ],
            [
              9.166666666666668,
              90.83333333333333,
              0.0
            ],
            [
              23.333333333333332,
              16.25,
              60.416666666666664
            ]
          ]
        },
        {
          "participant": "3232",
          "train_size": 2,
          "n_seeds": 20,
          "n_train_samples_mean": 6.0,
          "n_test_samples_mean": 36.0,
          "test_acc_mean": 0.5652777777777778,
          "test_acc_std": 0.09114239585553585,
          "test_bal_acc_mean": 0.5652777777777779,
          "test_bal_acc_std": 0.09114239585553587,
          "test_f1_mean": 0.5417011048962512,
          "test_f1_std": 0.09909403830237443,
          "test_kappa_mean": 0.3479166666666666,
          "test_kappa_std": 0.13671359378330378,
          "confusion_matrix": [
            [
              43.75,
              29.166666666666664,
              27.083333333333332
            ],
            [
              30.416666666666668,
              49.999999999999986,
              19.583333333333332
            ],
            [
              21.249999999999993,
              2.9166666666666656,
              75.83333333333334
            ]
          ]
        },
        {
          "participant": "3233",
          "train_size": 2,
          "n_seeds": 20,
          "n_train_samples_mean": 6.0,
          "n_test_samples_mean": 36.0,
          "test_acc_mean": 0.7819444444444444,
          "test_acc_std": 0.15114760266300364,
          "test_bal_acc_mean": 0.7819444444444444,
          "test_bal_acc_std": 0.15114760266300364,
          "test_f1_mean": 0.7657591537246814,
          "test_f1_std": 0.17057134587994346,
          "test_kappa_mean": 0.6729166666666666,
          "test_kappa_std": 0.2267214039945055,
          "confusion_matrix": [
            [
              60.83333333333333,
              25.833333333333336,
              13.333333333333332
            ],
            [
              0.0,
              98.74999999999999,
              1.2499999999999998
            ],
            [
              1.2499999999999998,
              23.75,
              75.00000000000001
            ]
          ]
        },
        {
          "participant": "3234",
          "train_size": 2,
          "n_seeds": 20,
          "n_train_samples_mean": 6.0,
          "n_test_samples_mean": 36.0,
          "test_acc_mean": 0.3597222222222222,
          "test_acc_std": 0.041764018824295104,
          "test_bal_acc_mean": 0.3597222222222222,
          "test_bal_acc_std": 0.0417640188242951,
          "test_f1_mean": 0.22648677585218097,
          "test_f1_std": 0.06356708280595204,
          "test_kappa_mean": 0.03958333333333332,
          "test_kappa_std": 0.06264602823644265,
          "confusion_matrix": [
            [
              98.75,
              0.0,
              1.2499999999999998
            ],
            [
              53.750000000000014,
              1.2499999999999998,
              45.0
            ],
            [
              92.08333333333334,
              0.0,
              7.916666666666667
            ]
          ]
        },
        {
          "participant": "3235",
          "train_size": 2,
          "n_seeds": 20,
          "n_train_samples_mean": 6.0,
          "n_test_samples_mean": 36.0,
          "test_acc_mean": 0.7611111111111112,
          "test_acc_std": 0.0750784731331505,
          "test_bal_acc_mean": 0.7611111111111111,
          "test_bal_acc_std": 0.07507847313315048,
          "test_f1_mean": 0.7494679187362826,
          "test_f1_std": 0.08880394062470243,
          "test_kappa_mean": 0.6416666666666667,
          "test_kappa_std": 0.1126177096997257,
          "confusion_matrix": [
            [
              75.41666666666666,
              22.083333333333332,
              2.499999999999999
            ],
            [
              0.41666666666666663,
              99.58333333333333,
              0.0
            ],
            [
              10.833333333333334,
              35.83333333333334,
              53.33333333333333
            ]
          ]
        },
        {
          "participant": "3236",
          "train_size": 2,
          "n_seeds": 20,
          "n_train_samples_mean": 6.0,
          "n_test_samples_mean": 36.0,
          "test_acc_mean": 0.6597222222222222,
          "test_acc_std": 0.08054547224652174,
          "test_bal_acc_mean": 0.6597222222222222,
          "test_bal_acc_std": 0.08054547224652173,
          "test_f1_mean": 0.649515329083824,
          "test_f1_std": 0.08941449599329541,
          "test_kappa_mean": 0.48958333333333337,
          "test_kappa_std": 0.1208182083697826,
          "confusion_matrix": [
            [
              67.49999999999997,
              14.999999999999995,
              17.499999999999996
            ],
            [
              0.41666666666666663,
              70.0,
              29.583333333333325
            ],
            [
              27.916666666666664,
              11.666666666666666,
              60.41666666666667
            ]
          ]
        },
        {
          "participant": "3237",
          "train_size": 2,
          "n_seeds": 20,
          "n_train_samples_mean": 6.0,
          "n_test_samples_mean": 36.0,
          "test_acc_mean": 0.7291666666666666,
          "test_acc_std": 0.04925946078605688,
          "test_bal_acc_mean": 0.7291666666666667,
          "test_bal_acc_std": 0.04925946078605686,
          "test_f1_mean": 0.6999202310046948,
          "test_f1_std": 0.06406590042639024,
          "test_kappa_mean": 0.5937500000000001,
          "test_kappa_std": 0.0738891911790853,
          "confusion_matrix": [
            [
              35.83333333333333,
              6.666666666666666,
              57.499999999999986
            ],
            [
              3.333333333333333,
              93.75,
              2.916666666666666
            ],
            [
              9.58333333333333,
              1.2499999999999998,
              89.16666666666667
            ]
          ]
        },
        {
          "participant": "3238",
          "train_size": 2,
          "n_seeds": 20,
          "n_train_samples_mean": 6.0,
          "n_test_samples_mean": 36.0,
          "test_acc_mean": 0.4791666666666667,
          "test_acc_std": 0.03233771397747758,
          "test_bal_acc_mean": 0.4791666666666667,
          "test_bal_acc_std": 0.03233771397747757,
          "test_f1_mean": 0.4386223689382288,
          "test_f1_std": 0.04266923408433314,
          "test_kappa_mean": 0.21875,
          "test_kappa_std": 0.04850657096621636,
          "confusion_matrix": [
            [
              34.16666666666667,
              11.666666666666664,
              54.16666666666667
            ],
            [
              8.749999999999998,
              26.249999999999993,
              65.0
            ],
            [
              6.666666666666666,
              10.000000000000002,
              83.33333333333334
            ]
          ]
        },
        {
          "participant": "3239",
          "train_size": 2,
          "n_seeds": 20,
          "n_train_samples_mean": 6.0,
          "n_test_samples_mean": 32.0,
          "test_acc_mean": 0.5953125,
          "test_acc_std": 0.07131503841369903,
          "test_bal_acc_mean": 0.5826388888888888,
          "test_bal_acc_std": 0.07875779301766682,
          "test_f1_mean": 0.5847989393589252,
          "test_f1_std": 0.08091697907681696,
          "test_kappa_mean": 0.38838695562722686,
          "test_kappa_std": 0.1094882468626535,
          "confusion_matrix": [
            [
              66.25000000000001,
              13.75,
              19.999999999999993
            ],
            [
              12.499999999999998,
              60.416666666666664,
              27.083333333333332
            ],
            [
              50.625,
              1.25,
              48.125
            ]
          ]
        },
        {
          "participant": "3240",
          "train_size": 2,
          "n_seeds": 20,
          "n_train_samples_mean": 6.0,
          "n_test_samples_mean": 36.0,
          "test_acc_mean": 0.5583333333333333,
          "test_acc_std": 0.07954345035153529,
          "test_bal_acc_mean": 0.5583333333333333,
          "test_bal_acc_std": 0.07954345035153529,
          "test_f1_mean": 0.523938022219552,
          "test_f1_std": 0.09353464193191574,
          "test_kappa_mean": 0.3375,
          "test_kappa_std": 0.11931517552730293,
          "confusion_matrix": [
            [
              60.833333333333336,
              2.083333333333333,
              37.083333333333336
            ],
            [
              19.583333333333336,
              75.83333333333334,
              4.583333333333332
            ],
            [
              55.41666666666667,
              13.75,
              30.833333333333336
            ]
          ]
        },
        {
          "participant": "3241",
          "train_size": 2,
          "n_seeds": 20,
          "n_train_samples_mean": 6.0,
          "n_test_samples_mean": 36.0,
          "test_acc_mean": 0.6249999999999999,
          "test_acc_std": 0.08620773677079277,
          "test_bal_acc_mean": 0.6249999999999999,
          "test_bal_acc_std": 0.0862077367707928,
          "test_f1_mean": 0.6090467064397763,
          "test_f1_std": 0.09036583143098098,
          "test_kappa_mean": 0.4375,
          "test_kappa_std": 0.1293116051561892,
          "confusion_matrix": [
            [
              47.083333333333336,
              14.583333333333332,
              38.33333333333333
            ],
            [
              10.833333333333332,
              76.24999999999999,
              12.916666666666666
            ],
            [
              32.5,
              3.333333333333332,
              64.16666666666666
            ]
          ]
        },
        {
          "participant": "3242",
          "train_size": 2,
          "n_seeds": 20,
          "n_train_samples_mean": 6.0,
          "n_test_samples_mean": 36.0,
          "test_acc_mean": 0.8694444444444445,
          "test_acc_std": 0.07271536540836285,
          "test_bal_acc_mean": 0.8694444444444445,
          "test_bal_acc_std": 0.07271536540836286,
          "test_f1_mean": 0.8662923664755,
          "test_f1_std": 0.07677526867475888,
          "test_kappa_mean": 0.8041666666666666,
          "test_kappa_std": 0.10907304811254431,
          "confusion_matrix": [
            [
              94.16666666666666,
              5.833333333333333,
              0.0
            ],
            [
              14.583333333333332,
              82.5,
              2.9166666666666665
            ],
            [
              0.41666666666666663,
              15.416666666666666,
              84.16666666666667
            ]
          ]
        },
        {
          "participant": "3243",
          "train_size": 2,
          "n_seeds": 20,
          "n_train_samples_mean": 6.0,
          "n_test_samples_mean": 36.0,
          "test_acc_mean": 0.7013888888888888,
          "test_acc_std": 0.08448281292080861,
          "test_bal_acc_mean": 0.7013888888888887,
          "test_bal_acc_std": 0.08448281292080861,
          "test_f1_mean": 0.6713914154669175,
          "test_f1_std": 0.10346258969772795,
          "test_kappa_mean": 0.5520833333333334,
          "test_kappa_std": 0.1267242193812129,
          "confusion_matrix": [
            [
              96.25,
              0.41666666666666663,
              3.333333333333333
            ],
            [
              7.083333333333333,
              75.83333333333334,
              17.083333333333336
            ],
            [
              14.583333333333334,
              47.08333333333333,
              38.33333333333333
            ]
          ]
        },
        {
          "participant": "3244",
          "train_size": 2,
          "n_seeds": 20,
          "n_train_samples_mean": 6.0,
          "n_test_samples_mean": 36.0,
          "test_acc_mean": 0.7138888888888888,
          "test_acc_std": 0.08215541777975026,
          "test_bal_acc_mean": 0.7138888888888888,
          "test_bal_acc_std": 0.08215541777975024,
          "test_f1_mean": 0.6718196352714999,
          "test_f1_std": 0.11111157095751835,
          "test_kappa_mean": 0.5708333333333333,
          "test_kappa_std": 0.12323312666962537,
          "confusion_matrix": [
            [
              79.58333333333334,
              2.083333333333333,
              18.333333333333332
            ],
            [
              0.41666666666666663,
              99.58333333333333,
              0.0
            ],
            [
              31.250000000000007,
              33.75,
              35.0
            ]
          ]
        },
        {
          "participant": "3245",
          "train_size": 2,
          "n_seeds": 20,
          "n_train_samples_mean": 6.0,
          "n_test_samples_mean": 36.0,
          "test_acc_mean": 0.5930555555555556,
          "test_acc_std": 0.10167337721118673,
          "test_bal_acc_mean": 0.5930555555555556,
          "test_bal_acc_std": 0.10167337721118672,
          "test_f1_mean": 0.5239996928830182,
          "test_f1_std": 0.12867180309529758,
          "test_kappa_mean": 0.38958333333333334,
          "test_kappa_std": 0.1525100658167801,
          "confusion_matrix": [
            [
              57.916666666666664,
              36.666666666666664,
              5.416666666666666
            ],
            [
              0.41666666666666663,
              99.58333333333333,
              0.0
            ],
            [
              33.333333333333336,
              46.25000000000001,
              20.416666666666668
            ]
          ]
        },
        {
          "participant": "3246",
          "train_size": 2,
          "n_seeds": 20,
          "n_train_samples_mean": 6.0,
          "n_test_samples_mean": 36.0,
          "test_acc_mean": 0.4833333333333333,
          "test_acc_std": 0.04630604185924949,
          "test_bal_acc_mean": 0.4833333333333332,
          "test_bal_acc_std": 0.046306041859249476,
          "test_f1_mean": 0.39583311689936956,
          "test_f1_std": 0.05482869526434401,
          "test_kappa_mean": 0.225,
          "test_kappa_std": 0.06945906278887423,
          "confusion_matrix": [
            [
              40.41666666666666,
              50.0,
              9.583333333333332
            ],
            [
              0.0,
              100.0,
              0.0
            ],
            [
              22.083333333333332,
              73.33333333333334,
              4.583333333333332
            ]
          ]
        },
        {
          "participant": "3247",
          "train_size": 2,
          "n_seeds": 20,
          "n_train_samples_mean": 6.0,
          "n_test_samples_mean": 36.0,
          "test_acc_mean": 0.5638888888888889,
          "test_acc_std": 0.10239973146082397,
          "test_bal_acc_mean": 0.5638888888888889,
          "test_bal_acc_std": 0.10239973146082397,
          "test_f1_mean": 0.5418468490633972,
          "test_f1_std": 0.12965892513493305,
          "test_kappa_mean": 0.3458333333333333,
          "test_kappa_std": 0.15359959719123598,
          "confusion_matrix": [
            [
              59.166666666666664,
              40.41666666666667,
              0.41666666666666663
            ],
            [
              4.583333333333333,
              71.25,
              24.166666666666664
            ],
            [
              1.2499999999999998,
              60.000000000000014,
              38.75
            ]
          ]
        },
        {
          "participant": "3248",
          "train_size": 2,
          "n_seeds": 20,
          "n_train_samples_mean": 6.0,
          "n_test_samples_mean": 36.0,
          "test_acc_mean": 0.6194444444444445,
          "test_acc_std": 0.13063174335386446,
          "test_bal_acc_mean": 0.6194444444444445,
          "test_bal_acc_std": 0.1306317433538645,
          "test_f1_mean": 0.5880522745765545,
          "test_f1_std": 0.15878724947628067,
          "test_kappa_mean": 0.4291666666666667,
          "test_kappa_std": 0.1959476150307967,
          "confusion_matrix": [
            [
              68.75,
              6.666666666666666,
              24.583333333333332
            ],
            [
              3.333333333333333,
              62.91666666666667,
              33.75
            ],
            [
              5.416666666666666,
              40.416666666666664,
              54.16666666666667
            ]
          ]
        },
        {
          "participant": "3250",
          "train_size": 2,
          "n_seeds": 20,
          "n_train_samples_mean": 6.0,
          "n_test_samples_mean": 36.0,
          "test_acc_mean": 0.6513888888888888,
          "test_acc_std": 0.09343066145021847,
          "test_bal_acc_mean": 0.6513888888888888,
          "test_bal_acc_std": 0.09343066145021847,
          "test_f1_mean": 0.6141956405542242,
          "test_f1_std": 0.11025326642508532,
          "test_kappa_mean": 0.4770833333333333,
          "test_kappa_std": 0.1401459921753277,
          "confusion_matrix": [
            [
              87.91666666666666,
              3.75,
              8.333333333333332
            ],
            [
              17.916666666666668,
              69.58333333333334,
              12.5
            ],
            [
              44.58333333333332,
              17.500000000000004,
              37.916666666666664
            ]
          ]
        }
      ]
    },
    {
      "aggregated": {
        "train_size": 3,
        "n_participants": 37,
        "n_seeds": 20,
        "test_acc_mean": 0.6993038493038493,
        "test_acc_std": 0.13915199807341616,
        "test_bal_acc_mean": 0.6994676494676494,
        "test_bal_acc_std": 0.13909590458898585,
        "test_f1_mean": 0.6761695235172216,
        "test_f1_std": 0.1620594574516033,
        "test_kappa_mean": 0.5492507171468317,
        "test_kappa_std": 0.2086282774196613,
        "confusion_matrix": [
          [
            72.93611793611795,
            11.044226044226045,
            16.01965601965602
          ],
          [
            11.142506142506141,
            66.96560196560196,
            21.891891891891902
          ],
          [
            15.27027027027027,
            14.791154791154794,
            69.93857493857494
          ]
        ]
      },
      "per_participant": [
        {
          "participant": "3208",
          "train_size": 3,
          "n_seeds": 20,
          "n_train_samples_mean": 9.0,
          "n_test_samples_mean": 33.0,
          "test_acc_mean": 0.7651515151515151,
          "test_acc_std": 0.048039220037732165,
          "test_bal_acc_mean": 0.7651515151515151,
          "test_bal_acc_std": 0.0480392200377322,
          "test_f1_mean": 0.7538807440987086,
          "test_f1_std": 0.04650993376540221,
          "test_kappa_mean": 0.6477272727272727,
          "test_kappa_std": 0.07205883005659826,
          "confusion_matrix": [
            [
              85.00000000000001,
              0.0,
              15.0
            ],
            [
              31.818181818181802,
              49.09090909090909,
              19.090909090909086
            ],
            [
              4.545454545454546,
              0.0,
              95.45454545454547
            ]
          ]
        },
        {
          "participant": "3209",
          "train_size": 3,
          "n_seeds": 20,
          "n_train_samples_mean": 9.0,
          "n_test_samples_mean": 33.0,
          "test_acc_mean": 0.6515151515151515,
          "test_acc_std": 0.044514468060455704,
          "test_bal_acc_mean": 0.6515151515151514,
          "test_bal_acc_std": 0.04451446806045566,
          "test_f1_mean": 0.6293729026045141,
          "test_f1_std": 0.05725844897555787,
          "test_kappa_mean": 0.4772727272727272,
          "test_kappa_std": 0.06677170209068356,
