{
  "name": "pose_eye",
  "config": {
    "n_seeds": 20,
    "feature_selection": "backward",
    "use_pose_derivatives": true,
    "use_time_features": false,
    "include_order": false,
    "normalize_features": true,
    "class_config": "all",
    "use_pca": false,
    "pca_variance": 0.9,
    "write_cm": true,
    "tune_hyperparameters": false,
    "tune_n_iter": 30,
    "tune_cv_folds": 5,
    "name": "pose_eye",
    "feature_groups": [
      "pose",
      "eye_tracking"
    ],
    "split_strategy": "participant_specific",
    "sampling_strategy": "temporal_stratified"
  },
  "sampling_strategy": "temporal_stratified",
  "n_seeds": 20,
  "learning_curve": [
    {
      "aggregated": {
        "train_size": 2,
        "n_participants": 42,
        "n_seeds": 20,
        "test_acc_mean": 0.6077610591523999,
        "test_acc_std": 0.12362230148018984,
        "test_bal_acc_mean": 0.606740921115921,
        "test_bal_acc_std": 0.12521889760139346,
        "test_f1_mean": 0.569449841804386,
        "test_f1_std": 0.14414995750217804,
        "test_kappa_mean": 0.4114026132669403,
        "test_kappa_std": 0.18665551923975926,
        "confusion_matrix": [
          [
            60.25252525252525,
            21.45382395382395,
            18.293650793650794
          ],
          [
            14.15659571909572,
            67.66068422318422,
            18.182720057720058
          ],
          [
            20.11447811447811,
            25.776455026455025,
            54.10906685906688
          ]
        ]
      },
      "per_participant": [
        {
          "participant": "3105",
          "train_size": 2,
          "n_seeds": 20,
          "n_train_samples_mean": 6.0,
          "n_test_samples_mean": 36.0,
          "test_acc_mean": 0.8013888888888889,
          "test_acc_std": 0.06261766052805309,
          "test_bal_acc_mean": 0.8013888888888887,
          "test_bal_acc_std": 0.06261766052805309,
          "test_f1_mean": 0.791320447502626,
          "test_f1_std": 0.06946988136594094,
          "test_kappa_mean": 0.7020833333333334,
          "test_kappa_std": 0.09392649079207961,
          "confusion_matrix": [
            [
              93.75,
              6.249999999999999,
              0.0
            ],
            [
              0.41666666666666663,
              66.25,
              33.33333333333333
            ],
            [
              3.333333333333333,
              16.249999999999996,
              80.41666666666667
            ]
          ]
        },
        {
          "participant": "3206",
          "train_size": 2,
          "n_seeds": 20,
          "n_train_samples_mean": 6.0,
          "n_test_samples_mean": 32.0,
          "test_acc_mean": 0.2984375,
          "test_acc_std": 0.10461935625852116,
          "test_bal_acc_mean": 0.27569444444444446,
          "test_bal_acc_std": 0.10357041829817401,
          "test_f1_mean": 0.23643805968163586,
          "test_f1_std": 0.09631569691202235,
          "test_kappa_mean": -0.0808945667547867,
          "test_kappa_std": 0.15409053549086335,
          "confusion_matrix": [
            [
              52.916666666666664,
              33.75,
              13.333333333333332
            ],
            [
              84.375,
              9.375,
              6.25
            ],
            [
              68.33333333333334,
              11.25,
              20.416666666666664
            ]
          ]
        },
        {
          "participant": "3207",
          "train_size": 2,
          "n_seeds": 20,
          "n_train_samples_mean": 6.0,
          "n_test_samples_mean": 34.0,
          "test_acc_mean": 0.4970588235294118,
          "test_acc_std": 0.06807978436210525,
          "test_bal_acc_mean": 0.508080808080808,
          "test_bal_acc_std": 0.06743491902159567,
          "test_f1_mean": 0.44215080401644524,
          "test_f1_std": 0.09754132194061417,
          "test_kappa_mean": 0.25354714195755024,
          "test_kappa_std": 0.09962272538254202,
          "confusion_matrix": [
            [
              13.333333333333334,
              82.50000000000001,
              4.166666666666666
            ],
            [
              6.363636363636365,
              91.36363636363636,
              2.272727272727273
            ],
            [
              9.09090909090909,
              43.18181818181819,
              47.72727272727273
            ]
          ]
        },
        {
          "participant": "3208",
          "train_size": 2,
          "n_seeds": 20,
          "n_train_samples_mean": 6.0,
          "n_test_samples_mean": 36.0,
          "test_acc_mean": 0.6111111111111109,
          "test_acc_std": 0.07804881763180783,
          "test_bal_acc_mean": 0.6111111111111109,
          "test_bal_acc_std": 0.07804881763180783,
          "test_f1_mean": 0.5859863358105641,
          "test_f1_std": 0.09643393852851652,
          "test_kappa_mean": 0.4166666666666667,
          "test_kappa_std": 0.11707322644771175,
          "confusion_matrix": [
            [
              66.25,
              20.833333333333336,
              12.916666666666666
            ],
            [
              24.166666666666664,
              55.0,
              20.833333333333332
            ],
            [
              26.25,
              11.666666666666666,
              62.08333333333333
            ]
          ]
        },
        {
          "participant": "3209",
          "train_size": 2,
          "n_seeds": 20,
          "n_train_samples_mean": 6.0,
          "n_test_samples_mean": 35.0,
          "test_acc_mean": 0.7171428571428573,
          "test_acc_std": 0.12224185848402486,
          "test_bal_acc_mean": 0.7106060606060606,
          "test_bal_acc_std": 0.124631678020594,
          "test_f1_mean": 0.6995505821930107,
          "test_f1_std": 0.13505023917753578,
          "test_kappa_mean": 0.5718859305064975,
          "test_kappa_std": 0.185601575553985,
          "confusion_matrix": [
            [
              94.16666666666667,
              5.833333333333332,
              0.0
            ],
            [
              29.166666666666668,
              70.83333333333334,
              0.0
            ],
            [
              33.63636363636363,
              18.18181818181818,
              48.18181818181819
            ]
          ]
        },
        {
          "participant": "3214",
          "train_size": 2,
          "n_seeds": 20,
          "n_train_samples_mean": 6.0,
          "n_test_samples_mean": 36.0,
          "test_acc_mean": 0.6611111111111111,
          "test_acc_std": 0.06473818918074213,
          "test_bal_acc_mean": 0.6611111111111111,
          "test_bal_acc_std": 0.06473818918074217,
          "test_f1_mean": 0.6458107820419964,
          "test_f1_std": 0.06040771960528087,
          "test_kappa_mean": 0.4916666666666667,
          "test_kappa_std": 0.09710728377111322,
          "confusion_matrix": [
            [
              88.33333333333333,
              7.5,
              4.166666666666666
            ],
            [
              0.41666666666666663,
              74.16666666666666,
              25.416666666666664
            ],
            [
              0.0,
              64.16666666666667,
              35.83333333333333
            ]
          ]
        },
        {
          "participant": "3215",
          "train_size": 2,
          "n_seeds": 20,
          "n_train_samples_mean": 6.0,
          "n_test_samples_mean": 36.0,
          "test_acc_mean": 0.4708333333333333,
          "test_acc_std": 0.1021515615175208,
          "test_bal_acc_mean": 0.4708333333333333,
          "test_bal_acc_std": 0.10215156151752079,
          "test_f1_mean": 0.3615225890417625,
          "test_f1_std": 0.1316581142282527,
          "test_kappa_mean": 0.20625,
          "test_kappa_std": 0.1532273422762812,
          "confusion_matrix": [
            [
              95.83333333333333,
              1.6666666666666665,
              2.4999999999999996
            ],
            [
              72.49999999999999,
              4.583333333333333,
              22.91666666666666
            ],
            [
              59.166666666666664,
              0.0,
              40.83333333333333
            ]
          ]
        },
        {
          "participant": "3216",
          "train_size": 2,
          "n_seeds": 20,
          "n_train_samples_mean": 6.0,
          "n_test_samples_mean": 34.0,
          "test_acc_mean": 0.6544117647058822,
          "test_acc_std": 0.08257102922917797,
          "test_bal_acc_mean": 0.6327777777777778,
          "test_bal_acc_std": 0.08553428762767598,
          "test_f1_mean": 0.618789100406761,
          "test_f1_std": 0.1096052417502591,
          "test_kappa_mean": 0.4721737421328663,
          "test_kappa_std": 0.1286422791535387,
          "confusion_matrix": [
            [
              92.91666666666666,
              5.416666666666666,
              1.6666666666666665
            ],
            [
              13.333333333333334,
              70.41666666666666,
              16.250000000000004
            ],
            [
              19.5,
              54.0,
              26.5
            ]
          ]
        },
        {
          "participant": "3217",
          "train_size": 2,
          "n_seeds": 20,
          "n_train_samples_mean": 6.0,
          "n_test_samples_mean": 36.0,
          "test_acc_mean": 0.7,
          "test_acc_std": 0.08672437724675171,
          "test_bal_acc_mean": 0.7,
          "test_bal_acc_std": 0.08672437724675171,
          "test_f1_mean": 0.6866744851240267,
          "test_f1_std": 0.09649474946314242,
          "test_kappa_mean": 0.55,
          "test_kappa_std": 0.13008656587012757,
          "confusion_matrix": [
            [
              51.66666666666667,
              38.333333333333336,
              10.0
            ],
            [
              8.333333333333332,
              87.08333333333334,
              4.583333333333332
            ],
            [
              2.083333333333333,
              26.666666666666668,
              71.25
            ]
          ]
        },
        {
          "participant": "3218",
          "train_size": 2,
          "n_seeds": 20,
          "n_train_samples_mean": 6.0,
          "n_test_samples_mean": 36.0,
          "test_acc_mean": 0.6680555555555554,
          "test_acc_std": 0.10870008395632343,
          "test_bal_acc_mean": 0.6680555555555554,
          "test_bal_acc_std": 0.10870008395632343,
          "test_f1_mean": 0.6288693575923472,
          "test_f1_std": 0.13706471356584812,
          "test_kappa_mean": 0.5020833333333333,
          "test_kappa_std": 0.16305012593448512,
          "confusion_matrix": [
            [
              96.66666666666667,
              3.333333333333333,
              0.0
            ],
            [
              27.916666666666657,
              67.5,
              4.583333333333333
            ],
            [
              16.666666666666664,
              47.08333333333333,
              36.25
            ]
          ]
        },
        {
          "participant": "3219",
          "train_size": 2,
          "n_seeds": 20,
          "n_train_samples_mean": 6.0,
          "n_test_samples_mean": 34.0,
          "test_acc_mean": 0.42205882352941176,
          "test_acc_std": 0.08168403709331658,
          "test_bal_acc_mean": 0.42601010101010095,
          "test_bal_acc_std": 0.07795028061333456,
          "test_f1_mean": 0.3635136362926094,
          "test_f1_std": 0.11642568759886161,
          "test_kappa_mean": 0.13898069956760328,
          "test_kappa_std": 0.11771354322917701,
          "confusion_matrix": [
            [
              36.36363636363636,
              55.0,
              8.636363636363637
            ],
            [
              18.636363636363633,
              62.272727272727266,
              19.090909090909086
            ],
            [
              24.999999999999996,
              45.83333333333333,
              29.166666666666675
            ]
          ]
        },
        {
          "participant": "3220",
          "train_size": 2,
          "n_seeds": 20,
          "n_train_samples_mean": 6.0,
          "n_test_samples_mean": 36.0,
          "test_acc_mean": 0.648611111111111,
          "test_acc_std": 0.12033194018405935,
          "test_bal_acc_mean": 0.6486111111111111,
          "test_bal_acc_std": 0.12033194018405934,
          "test_f1_mean": 0.6131483115102976,
          "test_f1_std": 0.1495014358708611,
          "test_kappa_mean": 0.4729166666666667,
          "test_kappa_std": 0.18049791027608902,
          "confusion_matrix": [
            [
              43.33333333333333,
              49.166666666666664,
              7.500000000000002
            ],
            [
              5.416666666666666,
              94.58333333333334,
              0.0
            ],
            [
              13.749999999999996,
              29.583333333333325,
              56.666666666666664
            ]
          ]
        },
        {
          "participant": "3221",
          "train_size": 2,
          "n_seeds": 20,
          "n_train_samples_mean": 6.0,
          "n_test_samples_mean": 36.0,
          "test_acc_mean": 0.5541666666666667,
          "test_acc_std": 0.11055232297134229,
          "test_bal_acc_mean": 0.5541666666666667,
          "test_bal_acc_std": 0.11055232297134229,
          "test_f1_mean": 0.4839787562141651,
          "test_f1_std": 0.1497568842699697,
          "test_kappa_mean": 0.33125,
          "test_kappa_std": 0.1658284844570134,
          "confusion_matrix": [
            [
              47.91666666666667,
              38.74999999999999,
              13.333333333333332
            ],
            [
              5.833333333333333,
              93.33333333333333,
              0.8333333333333333
            ],
            [
              30.416666666666664,
              44.583333333333336,
              25.0
            ]
          ]
        },
        {
          "participant": "3222",
          "train_size": 2,
          "n_seeds": 20,
          "n_train_samples_mean": 6.0,
          "n_test_samples_mean": 36.0,
          "test_acc_mean": 0.5111111111111111,
          "test_acc_std": 0.08377078165833911,
          "test_bal_acc_mean": 0.5111111111111112,
          "test_bal_acc_std": 0.0837707816583391,
          "test_f1_mean": 0.4651127057739914,
          "test_f1_std": 0.09948512478423051,
          "test_kappa_mean": 0.2666666666666667,
          "test_kappa_std": 0.12565617248750865,
          "confusion_matrix": [
            [
              24.58333333333333,
              11.666666666666664,
              63.75
            ],
            [
              1.6666666666666665,
              42.08333333333333,
              56.25
            ],
            [
              9.583333333333334,
              3.749999999999999,
              86.66666666666666
            ]
          ]
        },
        {
          "participant": "3223",
          "train_size": 2,
          "n_seeds": 20,
          "n_train_samples_mean": 6.0,
          "n_test_samples_mean": 36.0,
          "test_acc_mean": 0.4180555555555555,
          "test_acc_std": 0.0788125608839506,
          "test_bal_acc_mean": 0.4180555555555555,
          "test_bal_acc_std": 0.07881256088395061,
          "test_f1_mean": 0.366114758870054,
          "test_f1_std": 0.09414700653660114,
          "test_kappa_mean": 0.12708333333333335,
          "test_kappa_std": 0.11821884132592589,
          "confusion_matrix": [
            [
              21.249999999999996,
              24.166666666666668,
              54.583333333333336
            ],
            [
              10.416666666666666,
              76.25,
              13.333333333333334
            ],
            [
              10.416666666666668,
              61.666666666666664,
              27.916666666666664
            ]
          ]
        },
        {
          "participant": "3224",
          "train_size": 2,
          "n_seeds": 20,
          "n_train_samples_mean": 6.0,
          "n_test_samples_mean": 21.0,
          "test_acc_mean": 0.6142857142857143,
          "test_acc_std": 0.18273753398067175,
          "test_bal_acc_mean": 0.5754208754208754,
          "test_bal_acc_std": 0.13129677238304252,
          "test_f1_mean": 0.6519262530533756,
          "test_f1_std": 0.16147576052317422,
          "test_kappa_mean": 0.4426095679451582,
          "test_kappa_std": 0.18933413193191817,
          "confusion_matrix": [
            [
              45.0,
              10.0,
              45.0
            ],
            [
              40.00000000000001,
              48.18181818181818,
              11.81818181818182
            ],
            [
              17.777777777777775,
              2.7777777777777777,
              79.44444444444444
            ]
          ]
        },
        {
          "participant": "3225",
          "train_size": 2,
          "n_seeds": 20,
          "n_train_samples_mean": 6.0,
          "n_test_samples_mean": 36.0,
          "test_acc_mean": 0.5375,
          "test_acc_std": 0.08467487412445442,
          "test_bal_acc_mean": 0.5374999999999999,
          "test_bal_acc_std": 0.08467487412445442,
          "test_f1_mean": 0.5196121190558194,
          "test_f1_std": 0.08169754772035726,
          "test_kappa_mean": 0.30625,
          "test_kappa_std": 0.12701231118668166,
          "confusion_matrix": [
            [
              87.08333333333334,
              12.083333333333334,
              0.8333333333333333
            ],
            [
              12.916666666666668,
              38.75000000000001,
              48.33333333333333
            ],
            [
              0.0,
              64.58333333333334,
              35.41666666666667
            ]
          ]
        },
        {
          "participant": "3226",
          "train_size": 2,
          "n_seeds": 20,
          "n_train_samples_mean": 6.0,
          "n_test_samples_mean": 36.0,
          "test_acc_mean": 0.5833333333333334,
          "test_acc_std": 0.08830215713766959,
          "test_bal_acc_mean": 0.5833333333333334,
          "test_bal_acc_std": 0.08830215713766959,
          "test_f1_mean": 0.5550922181790073,
          "test_f1_std": 0.10980741596420461,
          "test_kappa_mean": 0.37499999999999994,
          "test_kappa_std": 0.1324532357065044,
          "confusion_matrix": [
            [
              67.91666666666666,
              17.500000000000004,
              14.583333333333334
            ],
            [
              32.91666666666667,
              49.16666666666667,
              17.916666666666664
            ],
            [
              16.666666666666664,
              25.416666666666664,
              57.916666666666664
            ]
          ]
        },
        {
          "participant": "3227",
          "train_size": 2,
          "n_seeds": 20,
          "n_train_samples_mean": 6.0,
          "n_test_samples_mean": 36.0,
          "test_acc_mean": 0.47777777777777775,
          "test_acc_std": 0.07572478468074222,
          "test_bal_acc_mean": 0.47777777777777775,
          "test_bal_acc_std": 0.07572478468074222,
          "test_f1_mean": 0.40560756965837924,
          "test_f1_std": 0.10076895633527237,
          "test_kappa_mean": 0.2166666666666667,
          "test_kappa_std": 0.11358717702111333,
          "confusion_matrix": [
            [
              18.749999999999996,
              66.66666666666666,
              14.583333333333334
            ],
            [
              0.8333333333333333,
              25.833333333333332,
              73.33333333333333
            ],
            [
              0.0,
              1.2499999999999998,
              98.75000000000001
            ]
          ]
        },
        {
          "participant": "3228",
          "train_size": 2,
          "n_seeds": 20,
          "n_train_samples_mean": 6.0,
          "n_test_samples_mean": 36.0,
          "test_acc_mean": 0.6569444444444443,
          "test_acc_std": 0.14706214402091583,
          "test_bal_acc_mean": 0.6569444444444443,
          "test_bal_acc_std": 0.1470621440209158,
          "test_f1_mean": 0.6348491098993444,
          "test_f1_std": 0.16974037640548864,
          "test_kappa_mean": 0.4854166666666666,
          "test_kappa_std": 0.22059321603137372,
          "confusion_matrix": [
            [
              44.58333333333333,
              55.0,
              0.41666666666666663
            ],
            [
              2.499999999999999,
              84.16666666666667,
              13.333333333333334
            ],
            [
              0.41666666666666663,
              31.250000000000007,
              68.33333333333334
            ]
          ]
        },
        {
          "participant": "3229",
          "train_size": 2,
          "n_seeds": 20,
          "n_train_samples_mean": 6.0,
          "n_test_samples_mean": 36.0,
          "test_acc_mean": 0.4263888888888888,
          "test_acc_std": 0.061306837017637866,
          "test_bal_acc_mean": 0.4263888888888888,
          "test_bal_acc_std": 0.06130683701763786,
          "test_f1_mean": 0.35885024800748805,
          "test_f1_std": 0.06128823967071643,
          "test_kappa_mean": 0.13958333333333334,
          "test_kappa_std": 0.09196025552645681,
          "confusion_matrix": [
            [
              10.416666666666666,
              24.166666666666668,
              65.41666666666666
            ],
            [
              38.74999999999999,
              32.5,
              28.75
            ],
            [
              13.333333333333332,
              1.6666666666666665,
              85.00000000000001
            ]
          ]
        },
        {
          "participant": "3230",
          "train_size": 2,
          "n_seeds": 20,
          "n_train_samples_mean": 6.0,
          "n_test_samples_mean": 36.0,
          "test_acc_mean": 0.5833333333333333,
          "test_acc_std": 0.08597187384788979,
          "test_bal_acc_mean": 0.5833333333333333,
          "test_bal_acc_std": 0.08597187384788979,
          "test_f1_mean": 0.5127687114110102,
          "test_f1_std": 0.12166304706180305,
          "test_kappa_mean": 0.37500000000000006,
          "test_kappa_std": 0.1289578107718347,
          "confusion_matrix": [
            [
              21.666666666666664,
              31.25,
              47.08333333333333
            ],
            [
              5.0,
              90.83333333333333,
              4.166666666666666
            ],
            [
              17.08333333333333,
              20.416666666666664,
              62.5
            ]
          ]
        },
        {
          "participant": "3231",
          "train_size": 2,
          "n_seeds": 20,
          "n_train_samples_mean": 6.0,
          "n_test_samples_mean": 36.0,
          "test_acc_mean": 0.5208333333333333,
          "test_acc_std": 0.10427625814007667,
          "test_bal_acc_mean": 0.5208333333333333,
          "test_bal_acc_std": 0.10427625814007667,
          "test_f1_mean": 0.4759483065663129,
          "test_f1_std": 0.11646632971051882,
          "test_kappa_mean": 0.28125,
          "test_kappa_std": 0.156414387210115,
          "confusion_matrix": [
            [
              22.083333333333332,
              6.249999999999998,
              71.66666666666666
            ],
            [
              6.666666666666666,
              55.000000000000014,
              38.33333333333333
            ],
            [
              19.58333333333333,
              1.2499999999999998,
              79.16666666666666
            ]
          ]
        },
        {
          "participant": "3232",
          "train_size": 2,
          "n_seeds": 20,
          "n_train_samples_mean": 6.0,
          "n_test_samples_mean": 36.0,
          "test_acc_mean": 0.6833333333333333,
          "test_acc_std": 0.125978947672459,
          "test_bal_acc_mean": 0.6833333333333333,
          "test_bal_acc_std": 0.12597894767245899,
          "test_f1_mean": 0.656803531876307,
          "test_f1_std": 0.13461373422457945,
          "test_kappa_mean": 0.525,
          "test_kappa_std": 0.18896842150868856,
          "confusion_matrix": [
            [
              55.41666666666667,
              23.333333333333336,
              21.250000000000004
            ],
            [
              20.41666666666666,
              67.08333333333333,
              12.5
            ],
            [
              16.250000000000004,
              1.2499999999999998,
              82.5
            ]
          ]
        },
        {
          "participant": "3233",
          "train_size": 2,
          "n_seeds": 20,
          "n_train_samples_mean": 6.0,
          "n_test_samples_mean": 36.0,
          "test_acc_mean": 0.7916666666666666,
          "test_acc_std": 0.13412896144232178,
          "test_bal_acc_mean": 0.7916666666666666,
          "test_bal_acc_std": 0.13412896144232175,
          "test_f1_mean": 0.783045814536188,
          "test_f1_std": 0.14408047626105003,
          "test_kappa_mean": 0.6875000000000001,
          "test_kappa_std": 0.20119344216348264,
          "confusion_matrix": [
            [
              65.00000000000001,
              14.583333333333334,
              20.416666666666664
            ],
            [
              0.0,
              94.58333333333334,
              5.416666666666667
            ],
            [
              0.0,
              22.083333333333332,
              77.91666666666667
            ]
          ]
        },
        {
          "participant": "3234",
          "train_size": 2,
          "n_seeds": 20,
          "n_train_samples_mean": 6.0,
          "n_test_samples_mean": 36.0,
          "test_acc_mean": 0.4027777777777778,
          "test_acc_std": 0.06211299937499416,
          "test_bal_acc_mean": 0.4027777777777778,
          "test_bal_acc_std": 0.06211299937499418,
          "test_f1_mean": 0.2926508545262651,
          "test_f1_std": 0.08922038900194931,
          "test_kappa_mean": 0.10416666666666666,
          "test_kappa_std": 0.09316949906249125,
          "confusion_matrix": [
            [
              98.33333333333333,
              0.0,
              1.6666666666666665
            ],
            [
              38.33333333333332,
              6.249999999999998,
              55.416666666666664
            ],
            [
              82.91666666666666,
              0.8333333333333333,
              16.249999999999996
            ]
          ]
        },
        {
          "participant": "3235",
          "train_size": 2,
          "n_seeds": 20,
          "n_train_samples_mean": 6.0,
          "n_test_samples_mean": 35.0,
          "test_acc_mean": 0.6957142857142856,
          "test_acc_std": 0.05426988293096362,
          "test_bal_acc_mean": 0.6967171717171717,
          "test_bal_acc_std": 0.05318450530472829,
          "test_f1_mean": 0.6612118853150559,
          "test_f1_std": 0.08058806867218206,
          "test_kappa_mean": 0.5435244246706495,
          "test_kappa_std": 0.08071817139611699,
          "confusion_matrix": [
            [
              73.18181818181819,
              23.18181818181818,
              3.6363636363636367
            ],
            [
              0.0,
              100.0,
              0.0
            ],
            [
              27.5,
              36.66666666666667,
              35.83333333333333
            ]
          ]
        },
        {
          "participant": "3236",
          "train_size": 2,
          "n_seeds": 20,
          "n_train_samples_mean": 6.0,
          "n_test_samples_mean": 28.0,
          "test_acc_mean": 0.675,
          "test_acc_std": 0.1432794509834326,
          "test_bal_acc_mean": 0.7083333333333333,
          "test_bal_acc_std": 0.09643583382479813,
          "test_f1_mean": 0.6785016844911075,
          "test_f1_std": 0.13604695910745052,
          "test_kappa_mean": 0.5212461129585512,
          "test_kappa_std": 0.17519727510235084,
          "confusion_matrix": [
            [
              67.08333333333334,
              24.166666666666668,
              8.749999999999996
            ],
            [
              0.0,
              82.5,
              17.5
            ],
            [
              14.583333333333329,
              22.5,
              62.91666666666665
            ]
          ]
        },
        {
          "participant": "3237",
          "train_size": 2,
          "n_seeds": 20,
          "n_train_samples_mean": 6.0,
          "n_test_samples_mean": 33.0,
          "test_acc_mean": 0.7136363636363636,
          "test_acc_std": 0.051533911585516685,
          "test_bal_acc_mean": 0.725462962962963,
          "test_bal_acc_std": 0.05359394241413855,
          "test_f1_mean": 0.6857674720558132,
          "test_f1_std": 0.06888899130559024,
          "test_kappa_mean": 0.5650867601263182,
          "test_kappa_std": 0.0793004323563904,
          "confusion_matrix": [
            [
              36.666666666666664,
              2.4999999999999996,
              60.83333333333333
            ],
            [
              6.111111111111111,
              85.55555555555557,
              8.333333333333332
            ],
            [
              3.749999999999999,
              0.8333333333333333,
              95.41666666666666
            ]
          ]
        },
        {
          "participant": "3238",
          "train_size": 2,
          "n_seeds": 20,
          "n_train_samples_mean": 6.0,
          "n_test_samples_mean": 36.0,
          "test_acc_mean": 0.4833333333333333,
          "test_acc_std": 0.04717489888828813,
          "test_bal_acc_mean": 0.4833333333333333,
          "test_bal_acc_std": 0.04717489888828814,
          "test_f1_mean": 0.43863359311500705,
          "test_f1_std": 0.057049180903270054,
          "test_kappa_mean": 0.22499999999999995,
          "test_kappa_std": 0.07076234833243218,
          "confusion_matrix": [
            [
              24.166666666666664,
              36.25000000000001,
              39.583333333333336
            ],
            [
              16.249999999999996,
              53.333333333333336,
              30.416666666666668
            ],
            [
              5.416666666666665,
              27.083333333333332,
              67.5
            ]
          ]
        },
        {
          "participant": "3239",
          "train_size": 2,
          "n_seeds": 20,
          "n_train_samples_mean": 6.0,
          "n_test_samples_mean": 31.0,
          "test_acc_mean": 0.6129032258064515,
          "test_acc_std": 0.08307049115602763,
          "test_bal_acc_mean": 0.6236111111111111,
          "test_bal_acc_std": 0.08368890920527695,
          "test_f1_mean": 0.5913874546964929,
          "test_f1_std": 0.08671207001433785,
          "test_kappa_mean": 0.4284657543601596,
          "test_kappa_std": 0.11548333984309304,
          "confusion_matrix": [
            [
              48.33333333333333,
              7.5,
              44.16666666666667
            ],
            [
              9.090909090909092,
              70.0,
              20.909090909090903
            ],
            [
              30.0,
              1.25,
              68.75
            ]
          ]
        },
        {
          "participant": "3240",
          "train_size": 2,
          "n_seeds": 20,
          "n_train_samples_mean": 6.0,
          "n_test_samples_mean": 34.0,
          "test_acc_mean": 0.7514705882352941,
          "test_acc_std": 0.13578287004705436,
          "test_bal_acc_mean": 0.7481060606060607,
          "test_bal_acc_std": 0.13770062225985635,
          "test_f1_mean": 0.7258212795597656,
          "test_f1_std": 0.16340261603022185,
          "test_kappa_mean": 0.6266632923875441,
          "test_kappa_std": 0.2044897938530626,
          "confusion_matrix": [
            [
              90.45454545454547,
              6.363636363636364,
              3.181818181818182
            ],
            [
              7.916666666666666,
              86.25,
              5.833333333333333
            ],
            [
              43.63636363636364,
              8.636363636363637,
              47.727272727272734
            ]
          ]
        },
        {
          "participant": "3241",
          "train_size": 2,
          "n_seeds": 20,
          "n_train_samples_mean": 6.0,
          "n_test_samples_mean": 36.0,
          "test_acc_mean": 0.6055555555555554,
          "test_acc_std": 0.09897131724609357,
          "test_bal_acc_mean": 0.6055555555555554,
          "test_bal_acc_std": 0.09897131724609357,
          "test_f1_mean": 0.5716027113329616,
          "test_f1_std": 0.10988360939474892,
          "test_kappa_mean": 0.4083333333333333,
          "test_kappa_std": 0.14845697586914036,
          "confusion_matrix": [
            [
              40.83333333333334,
              25.0,
              34.16666666666667
            ],
            [
              13.333333333333332,
              66.66666666666667,
              20.0
            ],
            [
              21.249999999999993,
              4.583333333333332,
              74.16666666666669
            ]
          ]
        },
        {
          "participant": "3242",
          "train_size": 2,
          "n_seeds": 20,
          "n_train_samples_mean": 6.0,
          "n_test_samples_mean": 36.0,
          "test_acc_mean": 0.861111111111111,
          "test_acc_std": 0.06622661785325216,
          "test_bal_acc_mean": 0.861111111111111,
          "test_bal_acc_std": 0.06622661785325218,
          "test_f1_mean": 0.8515207818542624,
          "test_f1_std": 0.08387636518903872,
          "test_kappa_mean": 0.7916666666666667,
          "test_kappa_std": 0.09933992677987827,
          "confusion_matrix": [
            [
              96.66666666666666,
              3.3333333333333335,
              0.0
            ],
            [
              15.416666666666671,
              72.91666666666666,
              11.66666666666667
            ],
            [
              0.8333333333333333,
              10.416666666666668,
              88.75000000000001
            ]
          ]
        },
        {
          "participant": "3243",
          "train_size": 2,
          "n_seeds": 20,
          "n_train_samples_mean": 6.0,
          "n_test_samples_mean": 35.0,
          "test_acc_mean": 0.8400000000000001,
          "test_acc_std": 0.06899617822819368,
          "test_bal_acc_mean": 0.8422979797979797,
          "test_bal_acc_std": 0.06778674897110823,
          "test_f1_mean": 0.8295124501448198,
          "test_f1_std": 0.08789208026924754,
          "test_kappa_mean": 0.7600435128880779,
          "test_kappa_std": 0.1030664745977915,
          "confusion_matrix": [
            [
              92.27272727272728,
              0.9090909090909092,
              6.818181818181818
            ],
            [
              0.41666666666666663,
              96.25,
              3.333333333333333
            ],
            [
              11.666666666666666,
              24.166666666666664,
              64.16666666666666
            ]
          ]
        },
        {
          "participant": "3244",
          "train_size": 2,
          "n_seeds": 20,
          "n_train_samples_mean": 6.0,
          "n_test_samples_mean": 36.0,
          "test_acc_mean": 0.6555555555555554,
          "test_acc_std": 0.04169102601786566,
          "test_bal_acc_mean": 0.6555555555555554,
          "test_bal_acc_std": 0.041691026017865666,
          "test_f1_mean": 0.583107362378599,
          "test_f1_std": 0.06541053424181864,
          "test_kappa_mean": 0.4833333333333333,
          "test_kappa_std": 0.06253653902679851,
          "confusion_matrix": [
            [
              83.75,
              0.41666666666666663,
              15.833333333333332
            ],
            [
              0.41666666666666663,
              99.58333333333333,
              0.0
            ],
            [
              37.91666666666666,
              48.75,
              13.333333333333332
            ]
          ]
        },
        {
          "participant": "3245",
          "train_size": 2,
          "n_seeds": 20,
          "n_train_samples_mean": 6.0,
          "n_test_samples_mean": 34.0,
          "test_acc_mean": 0.6470588235294117,
          "test_acc_std": 0.09684515368183934,
          "test_bal_acc_mean": 0.6238888888888889,
          "test_bal_acc_std": 0.09481523361262284,
          "test_f1_mean": 0.5847285002845194,
          "test_f1_std": 0.11053736871704622,
          "test_kappa_mean": 0.45900199453714385,
          "test_kappa_std": 0.14965618691638483,
          "confusion_matrix": [
            [
              64.16666666666667,
              27.916666666666668,
              7.916666666666666
            ],
            [
              0.0,
              100.0,
              0.0
            ],
            [
              34.5,
              42.5,
              23.0
            ]
          ]
        },
        {
          "participant": "3246",
          "train_size": 2,
          "n_seeds": 20,
          "n_train_samples_mean": 6.0,
          "n_test_samples_mean": 36.0,
          "test_acc_mean": 0.5027777777777779,
          "test_acc_std": 0.06916610887771518,
          "test_bal_acc_mean": 0.5027777777777779,
          "test_bal_acc_std": 0.0691661088777152,
          "test_f1_mean": 0.4229966990977513,
          "test_f1_std": 0.0751028644340812,
          "test_kappa_mean": 0.2541666666666667,
          "test_kappa_std": 0.10374916331657276,
          "confusion_matrix": [
            [
              42.916666666666664,
              46.666666666666664,
              10.416666666666666
            ],
            [
              0.41666666666666663,
              99.58333333333333,
              0.0
            ],
            [
              32.50000000000001,
              59.16666666666665,
              8.333333333333334
            ]
          ]
        },
        {
          "participant": "3247",
          "train_size": 2,
          "n_seeds": 20,
          "n_train_samples_mean": 6.0,
          "n_test_samples_mean": 36.0,
          "test_acc_mean": 0.6152777777777778,
          "test_acc_std": 0.12200771979964321,
          "test_bal_acc_mean": 0.6152777777777778,
          "test_bal_acc_std": 0.12200771979964324,
          "test_f1_mean": 0.6048910784663494,
          "test_f1_std": 0.11857057954638092,
          "test_kappa_mean": 0.4229166666666668,
          "test_kappa_std": 0.18301157969946483,
          "confusion_matrix": [
            [
              78.75000000000001,
              21.25,
              0.0
            ],
            [
              1.25,
              44.583333333333336,
              54.166666666666664
            ],
            [
              0.41666666666666663,
              38.33333333333333,
              61.25
            ]
          ]
        },
        {
          "participant": "3248",
          "train_size": 2,
          "n_seeds": 20,
          "n_train_samples_mean": 6.0,
          "n_test_samples_mean": 35.0,
          "test_acc_mean": 0.6242857142857142,
          "test_acc_std": 0.09822265856313123,
          "test_bal_acc_mean": 0.6236111111111111,
          "test_bal_acc_std": 0.10010719194396583,
          "test_f1_mean": 0.5914819052667486,
          "test_f1_std": 0.12357206635509686,
          "test_kappa_mean": 0.4328253899281561,
          "test_kappa_std": 0.14987637187895353,
          "confusion_matrix": [
            [
              59.999999999999986,
              22.272727272727273,
