{
  "name": "pose_perf_ecg",
  "config": {
    "n_seeds": 20,
    "feature_selection": "backward",
    "use_pose_derivatives": true,
    "use_time_features": false,
    "include_order": false,
    "normalize_features": true,
    "class_config": "all",
    "use_pca": false,
    "pca_variance": 0.9,
    "write_cm": true,
    "tune_hyperparameters": false,
    "tune_n_iter": 30,
    "tune_cv_folds": 5,
    "name": "pose_perf_ecg",
    "feature_groups": [
      "pose",
      "performance",
      "ecg"
    ],
    "split_strategy": "participant_specific",
    "sampling_strategy": "temporal_stratified"
  },
  "sampling_strategy": "temporal_stratified",
  "n_seeds": 20,
  "learning_curve": [
    {
      "aggregated": {
        "train_size": 2,
        "n_participants": 37,
        "n_seeds": 20,
        "test_acc_mean": 0.6077421171171171,
        "test_acc_std": 0.10309761558825452,
        "test_bal_acc_mean": 0.607789039039039,
        "test_bal_acc_std": 0.10311339086658743,
        "test_f1_mean": 0.5719904747108209,
        "test_f1_std": 0.11851760258194302,
        "test_kappa_mean": 0.4116168168935653,
        "test_kappa_std": 0.1546476185867801,
        "confusion_matrix": [
          [
            60.55180180180181,
            24.2454954954955,
            15.2027027027027
          ],
          [
            14.932432432432432,
            65.85585585585586,
            19.21171171171171
          ],
          [
            17.556306306306308,
            26.514639639639643,
            55.929054054054056
          ]
        ]
      },
      "per_participant": [
        {
          "participant": "3208",
          "train_size": 2,
          "n_seeds": 20,
          "n_train_samples_mean": 6.0,
          "n_test_samples_mean": 36.0,
          "test_acc_mean": 0.5805555555555555,
          "test_acc_std": 0.10773375841886297,
          "test_bal_acc_mean": 0.5805555555555555,
          "test_bal_acc_std": 0.10773375841886298,
          "test_f1_mean": 0.5559674608297058,
          "test_f1_std": 0.11845674860903815,
          "test_kappa_mean": 0.3708333333333333,
          "test_kappa_std": 0.1616006376282945,
          "confusion_matrix": [
            [
              57.08333333333333,
              29.166666666666664,
              13.75
            ],
            [
              24.583333333333336,
              53.333333333333336,
              22.08333333333333
            ],
            [
              9.583333333333332,
              26.666666666666668,
              63.750000000000014
            ]
          ]
        },
        {
          "participant": "3209",
          "train_size": 2,
          "n_seeds": 20,
          "n_train_samples_mean": 6.0,
          "n_test_samples_mean": 36.0,
          "test_acc_mean": 0.5305555555555557,
          "test_acc_std": 0.0944788379067806,
          "test_bal_acc_mean": 0.5305555555555557,
          "test_bal_acc_std": 0.09447883790678062,
          "test_f1_mean": 0.47369810917212796,
          "test_f1_std": 0.13423388702322528,
          "test_kappa_mean": 0.29583333333333334,
          "test_kappa_std": 0.14171825686017098,
          "confusion_matrix": [
            [
              86.25,
              12.916666666666666,
              0.8333333333333333
            ],
            [
              43.33333333333333,
              52.083333333333336,
              4.583333333333333
            ],
            [
              47.083333333333336,
              32.08333333333333,
              20.833333333333332
            ]
          ]
        },
        {
          "participant": "3210",
          "train_size": 2,
          "n_seeds": 20,
          "n_train_samples_mean": 6.0,
          "n_test_samples_mean": 36.0,
          "test_acc_mean": 0.8874999999999998,
          "test_acc_std": 0.13043729868748774,
          "test_bal_acc_mean": 0.8874999999999998,
          "test_bal_acc_std": 0.13043729868748774,
          "test_f1_mean": 0.8805260546247305,
          "test_f1_std": 0.1423980664514847,
          "test_kappa_mean": 0.83125,
          "test_kappa_std": 0.1956559480312316,
          "confusion_matrix": [
            [
              81.66666666666667,
              15.416666666666668,
              2.9166666666666665
            ],
            [
              0.0,
              100.0,
              0.0
            ],
            [
              2.083333333333333,
              13.333333333333334,
              84.58333333333333
            ]
          ]
        },
        {
          "participant": "3214",
          "train_size": 2,
          "n_seeds": 20,
          "n_train_samples_mean": 6.0,
          "n_test_samples_mean": 36.0,
          "test_acc_mean": 0.5666666666666667,
          "test_acc_std": 0.08616061583982171,
          "test_bal_acc_mean": 0.5666666666666667,
          "test_bal_acc_std": 0.08616061583982171,
          "test_f1_mean": 0.5524918513491309,
          "test_f1_std": 0.10049551764621771,
          "test_kappa_mean": 0.35000000000000003,
          "test_kappa_std": 0.12924092375973253,
          "confusion_matrix": [
            [
              68.75,
              22.916666666666668,
              8.333333333333332
            ],
            [
              6.666666666666666,
              61.25,
              32.08333333333333
            ],
            [
              0.41666666666666663,
              59.58333333333333,
              40.00000000000001
            ]
          ]
        },
        {
          "participant": "3215",
          "train_size": 2,
          "n_seeds": 20,
          "n_train_samples_mean": 6.0,
          "n_test_samples_mean": 36.0,
          "test_acc_mean": 0.5027777777777777,
          "test_acc_std": 0.09744127369530439,
          "test_bal_acc_mean": 0.5027777777777777,
          "test_bal_acc_std": 0.09744127369530439,
          "test_f1_mean": 0.4178690904045128,
          "test_f1_std": 0.11262765504568975,
          "test_kappa_mean": 0.2541666666666666,
          "test_kappa_std": 0.1461619105429566,
          "confusion_matrix": [
            [
              85.83333333333334,
              7.5,
              6.666666666666666
            ],
            [
              48.75,
              11.25,
              39.99999999999999
            ],
            [
              39.583333333333336,
              6.666666666666666,
              53.75
            ]
          ]
        },
        {
          "participant": "3216",
          "train_size": 2,
          "n_seeds": 20,
          "n_train_samples_mean": 6.0,
          "n_test_samples_mean": 36.0,
          "test_acc_mean": 0.5444444444444445,
          "test_acc_std": 0.08521272544050008,
          "test_bal_acc_mean": 0.5444444444444445,
          "test_bal_acc_std": 0.08521272544050008,
          "test_f1_mean": 0.49922211289882795,
          "test_f1_std": 0.09891215678813867,
          "test_kappa_mean": 0.3166666666666667,
          "test_kappa_std": 0.12781908816075016,
          "confusion_matrix": [
            [
              74.58333333333334,
              15.0,
              10.416666666666668
            ],
            [
              15.416666666666668,
              64.16666666666666,
              20.416666666666664
            ],
            [
              43.333333333333336,
              32.08333333333333,
              24.583333333333336
            ]
          ]
        },
        {
          "participant": "3217",
          "train_size": 2,
          "n_seeds": 20,
          "n_train_samples_mean": 6.0,
          "n_test_samples_mean": 36.0,
          "test_acc_mean": 0.6083333333333334,
          "test_acc_std": 0.08917169922581947,
          "test_bal_acc_mean": 0.6083333333333334,
          "test_bal_acc_std": 0.08917169922581947,
          "test_f1_mean": 0.5870202228104904,
          "test_f1_std": 0.10988583882173993,
          "test_kappa_mean": 0.4125,
          "test_kappa_std": 0.13375754883872923,
          "confusion_matrix": [
            [
              54.16666666666667,
              38.33333333333333,
              7.5
            ],
            [
              15.0,
              74.58333333333333,
              10.416666666666664
            ],
            [
              7.083333333333333,
              39.16666666666667,
              53.74999999999998
            ]
          ]
        },
        {
          "participant": "3218",
          "train_size": 2,
          "n_seeds": 20,
          "n_train_samples_mean": 6.0,
          "n_test_samples_mean": 36.0,
          "test_acc_mean": 0.6722222222222223,
          "test_acc_std": 0.11096481597049501,
          "test_bal_acc_mean": 0.6722222222222223,
          "test_bal_acc_std": 0.11096481597049498,
          "test_f1_mean": 0.6426043069432086,
          "test_f1_std": 0.12864305812487956,
          "test_kappa_mean": 0.5083333333333334,
          "test_kappa_std": 0.16644722395574246,
          "confusion_matrix": [
            [
              87.08333333333333,
              12.916666666666668,
              0.0
            ],
            [
              35.00000000000001,
              55.83333333333333,
              9.166666666666666
            ],
            [
              9.166666666666668,
              32.083333333333336,
              58.75
            ]
          ]
        },
        {
          "participant": "3219",
          "train_size": 2,
          "n_seeds": 20,
          "n_train_samples_mean": 6.0,
          "n_test_samples_mean": 36.0,
          "test_acc_mean": 0.5361111111111111,
          "test_acc_std": 0.09626723958078483,
          "test_bal_acc_mean": 0.5361111111111111,
          "test_bal_acc_std": 0.0962672395807848,
          "test_f1_mean": 0.4983683270004507,
          "test_f1_std": 0.12917938859060069,
          "test_kappa_mean": 0.30416666666666664,
          "test_kappa_std": 0.14440085937117728,
          "confusion_matrix": [
            [
              54.58333333333333,
              42.08333333333333,
              3.333333333333333
            ],
            [
              16.666666666666664,
              63.75,
              19.583333333333332
            ],
            [
              33.33333333333333,
              24.166666666666664,
              42.50000000000001
            ]
          ]
        },
        {
          "participant": "3220",
          "train_size": 2,
          "n_seeds": 20,
          "n_train_samples_mean": 6.0,
          "n_test_samples_mean": 36.0,
          "test_acc_mean": 0.5833333333333334,
          "test_acc_std": 0.12191615052274495,
          "test_bal_acc_mean": 0.5833333333333333,
          "test_bal_acc_std": 0.12191615052274495,
          "test_f1_mean": 0.5305318603262277,
          "test_f1_std": 0.1589280157234783,
          "test_kappa_mean": 0.37499999999999994,
          "test_kappa_std": 0.1828742257841174,
          "confusion_matrix": [
            [
              28.333333333333332,
              66.66666666666666,
              4.999999999999998
            ],
            [
              3.333333333333333,
              96.25,
              0.41666666666666663
            ],
            [
              17.916666666666664,
              31.666666666666675,
              50.41666666666667
            ]
          ]
        },
        {
          "participant": "3221",
          "train_size": 2,
          "n_seeds": 20,
          "n_train_samples_mean": 6.0,
          "n_test_samples_mean": 36.0,
          "test_acc_mean": 0.5097222222222222,
          "test_acc_std": 0.09506803076920224,
          "test_bal_acc_mean": 0.5097222222222222,
          "test_bal_acc_std": 0.09506803076920224,
          "test_f1_mean": 0.44993382747031535,
          "test_f1_std": 0.13146443200241925,
          "test_kappa_mean": 0.2645833333333333,
          "test_kappa_std": 0.14260204615380337,
          "confusion_matrix": [
            [
              42.50000000000001,
              53.75,
              3.75
            ],
            [
              12.5,
              85.0,
              2.499999999999999
            ],
            [
              38.333333333333336,
              36.25,
              25.41666666666667
            ]
          ]
        },
        {
          "participant": "3223",
          "train_size": 2,
          "n_seeds": 20,
          "n_train_samples_mean": 6.0,
          "n_test_samples_mean": 36.0,
          "test_acc_mean": 0.5291666666666667,
          "test_acc_std": 0.0772512461759517,
          "test_bal_acc_mean": 0.5291666666666667,
          "test_bal_acc_std": 0.0772512461759517,
          "test_f1_mean": 0.4957430089422636,
          "test_f1_std": 0.09943999944195699,
          "test_kappa_mean": 0.29375,
          "test_kappa_std": 0.11587686926392755,
          "confusion_matrix": [
            [
              42.08333333333333,
              9.999999999999998,
              47.91666666666667
            ],
            [
              7.499999999999998,
              77.08333333333334,
              15.416666666666668
            ],
            [
              4.166666666666666,
              56.25,
              39.58333333333333
            ]
          ]
        },
        {
          "participant": "3224",
          "train_size": 2,
          "n_seeds": 20,
          "n_train_samples_mean": 6.0,
          "n_test_samples_mean": 36.0,
          "test_acc_mean": 0.663888888888889,
          "test_acc_std": 0.09097515173177004,
          "test_bal_acc_mean": 0.663888888888889,
          "test_bal_acc_std": 0.09097515173177004,
          "test_f1_mean": 0.6397306399946232,
          "test_f1_std": 0.11022002791236744,
          "test_kappa_mean": 0.4958333333333334,
          "test_kappa_std": 0.1364627275976551,
          "confusion_matrix": [
            [
              48.74999999999999,
              18.333333333333332,
              32.91666666666667
            ],
            [
              12.083333333333332,
              63.33333333333333,
              24.583333333333336
            ],
            [
              1.6666666666666665,
              11.249999999999998,
              87.08333333333333
            ]
          ]
        },
        {
          "participant": "3225",
          "train_size": 2,
          "n_seeds": 20,
          "n_train_samples_mean": 6.0,
          "n_test_samples_mean": 36.0,
          "test_acc_mean": 0.4999999999999999,
          "test_acc_std": 0.12291140091803336,
          "test_bal_acc_mean": 0.4999999999999999,
          "test_bal_acc_std": 0.12291140091803335,
          "test_f1_mean": 0.48912938394663275,
          "test_f1_std": 0.11930000232253597,
          "test_kappa_mean": 0.25,
          "test_kappa_std": 0.18436710137705004,
          "confusion_matrix": [
            [
              70.0,
              27.5,
              2.4999999999999996
            ],
            [
              15.0,
              39.166666666666664,
              45.83333333333333
            ],
            [
              1.2499999999999998,
              57.916666666666664,
              40.833333333333336
            ]
          ]
        },
        {
          "participant": "3226",
          "train_size": 2,
          "n_seeds": 20,
          "n_train_samples_mean": 6.0,
          "n_test_samples_mean": 36.0,
          "test_acc_mean": 0.6361111111111111,
          "test_acc_std": 0.08156008082159881,
          "test_bal_acc_mean": 0.6361111111111111,
          "test_bal_acc_std": 0.08156008082159882,
          "test_f1_mean": 0.608385777016372,
          "test_f1_std": 0.10315421349863274,
          "test_kappa_mean": 0.4541666666666667,
          "test_kappa_std": 0.12234012123239824,
          "confusion_matrix": [
            [
              82.08333333333333,
              9.583333333333334,
              8.333333333333332
            ],
            [
              27.916666666666668,
              57.083333333333336,
              15.0
            ],
            [
              12.083333333333332,
              36.25,
              51.666666666666664
            ]
          ]
        },
        {
          "participant": "3227",
          "train_size": 2,
          "n_seeds": 20,
          "n_train_samples_mean": 6.0,
          "n_test_samples_mean": 36.0,
          "test_acc_mean": 0.538888888888889,
          "test_acc_std": 0.0968140974274344,
          "test_bal_acc_mean": 0.538888888888889,
          "test_bal_acc_std": 0.09681409742743442,
          "test_f1_mean": 0.487973778717262,
          "test_f1_std": 0.11672203340483463,
          "test_kappa_mean": 0.30833333333333335,
          "test_kappa_std": 0.14522114614115159,
          "confusion_matrix": [
            [
              28.333333333333336,
              66.66666666666667,
              4.999999999999999
            ],
            [
              5.416666666666666,
              40.83333333333333,
              53.75
            ],
            [
              0.0,
              7.5,
              92.49999999999999
            ]
          ]
        },
        {
          "participant": "3228",
          "train_size": 2,
          "n_seeds": 20,
          "n_train_samples_mean": 6.0,
          "n_test_samples_mean": 36.0,
          "test_acc_mean": 0.5875000000000001,
          "test_acc_std": 0.11157614672150573,
          "test_bal_acc_mean": 0.5875000000000001,
          "test_bal_acc_std": 0.11157614672150573,
          "test_f1_mean": 0.5677080163313637,
          "test_f1_std": 0.1426397739750271,
          "test_kappa_mean": 0.38125,
          "test_kappa_std": 0.1673642200822586,
          "confusion_matrix": [
            [
              42.50000000000001,
              55.83333333333333,
              1.6666666666666665
            ],
            [
              2.083333333333333,
              71.66666666666667,
              26.249999999999993
            ],
            [
              0.0,
              37.916666666666664,
              62.083333333333336
            ]
          ]
        },
        {
          "participant": "3229",
          "train_size": 2,
          "n_seeds": 20,
          "n_train_samples_mean": 6.0,
          "n_test_samples_mean": 36.0,
          "test_acc_mean": 0.4736111111111111,
          "test_acc_std": 0.05804019914980417,
          "test_bal_acc_mean": 0.4736111111111111,
          "test_bal_acc_std": 0.058040199149804156,
          "test_f1_mean": 0.4196686417560076,
          "test_f1_std": 0.07520802996189511,
          "test_kappa_mean": 0.21041666666666664,
          "test_kappa_std": 0.08706029872470623,
          "confusion_matrix": [
            [
              30.000000000000007,
              28.333333333333332,
              41.666666666666664
            ],
            [
              35.83333333333332,
              27.916666666666657,
              36.25
            ],
            [
              14.999999999999996,
              0.8333333333333333,
              84.16666666666666
            ]
          ]
        },
        {
          "participant": "3230",
          "train_size": 2,
          "n_seeds": 20,
          "n_train_samples_mean": 6.0,
          "n_test_samples_mean": 36.0,
          "test_acc_mean": 0.6263888888888889,
          "test_acc_std": 0.06465972812999875,
          "test_bal_acc_mean": 0.6263888888888889,
          "test_bal_acc_std": 0.06465972812999876,
          "test_f1_mean": 0.5791680608703731,
          "test_f1_std": 0.08450289273387768,
          "test_kappa_mean": 0.4395833333333334,
          "test_kappa_std": 0.09698959219499816,
          "confusion_matrix": [
            [
              37.083333333333336,
              23.75,
              39.16666666666667
            ],
            [
              14.166666666666666,
              81.66666666666667,
              4.166666666666666
            ],
            [
              14.583333333333332,
              16.25,
              69.16666666666666
            ]
          ]
        },
        {
          "participant": "3232",
          "train_size": 2,
          "n_seeds": 20,
          "n_train_samples_mean": 6.0,
          "n_test_samples_mean": 36.0,
          "test_acc_mean": 0.5194444444444444,
          "test_acc_std": 0.07810083284426717,
          "test_bal_acc_mean": 0.5194444444444444,
          "test_bal_acc_std": 0.07810083284426717,
          "test_f1_mean": 0.4752683727716465,
          "test_f1_std": 0.09250280884311492,
          "test_kappa_mean": 0.2791666666666667,
          "test_kappa_std": 0.11715124926640076,
          "confusion_matrix": [
            [
              32.5,
              24.583333333333336,
              42.91666666666666
            ],
            [
              23.333333333333332,
              42.50000000000001,
              34.166666666666664
            ],
            [
              12.916666666666666,
              6.249999999999997,
              80.83333333333333
            ]
          ]
        },
        {
          "participant": "3233",
          "train_size": 2,
          "n_seeds": 20,
          "n_train_samples_mean": 6.0,
          "n_test_samples_mean": 36.0,
          "test_acc_mean": 0.7180555555555556,
          "test_acc_std": 0.15797898174904135,
          "test_bal_acc_mean": 0.7180555555555554,
          "test_bal_acc_std": 0.15797898174904135,
          "test_f1_mean": 0.6903901080199351,
          "test_f1_std": 0.18408240301088802,
          "test_kappa_mean": 0.5770833333333333,
          "test_kappa_std": 0.236968472623562,
          "confusion_matrix": [
            [
              49.58333333333334,
              32.916666666666664,
              17.499999999999996
            ],
            [
              0.0,
              94.99999999999999,
              4.999999999999998
            ],
            [
              0.8333333333333333,
              28.333333333333336,
              70.83333333333334
            ]
          ]
        },
        {
          "participant": "3234",
          "train_size": 2,
          "n_seeds": 20,
          "n_train_samples_mean": 6.0,
          "n_test_samples_mean": 36.0,
          "test_acc_mean": 0.37777777777777777,
          "test_acc_std": 0.06945906278887423,
          "test_bal_acc_mean": 0.37777777777777777,
          "test_bal_acc_std": 0.06945906278887422,
          "test_f1_mean": 0.27617533767466124,
          "test_f1_std": 0.09829636574463435,
          "test_kappa_mean": 0.06666666666666665,
          "test_kappa_std": 0.10418859418331135,
          "confusion_matrix": [
            [
              89.58333333333334,
              0.8333333333333333,
              9.583333333333336
            ],
            [
              48.33333333333333,
              7.083333333333333,
              44.58333333333333
            ],
            [
              81.25000000000001,
              2.083333333333333,
              16.666666666666664
            ]
          ]
        },
        {
          "participant": "3235",
          "train_size": 2,
          "n_seeds": 20,
          "n_train_samples_mean": 6.0,
          "n_test_samples_mean": 36.0,
          "test_acc_mean": 0.7458333333333335,
          "test_acc_std": 0.07392010069358475,
          "test_bal_acc_mean": 0.7458333333333333,
          "test_bal_acc_std": 0.07392010069358475,
          "test_f1_mean": 0.728162891577371,
          "test_f1_std": 0.09490248339168332,
          "test_kappa_mean": 0.6187499999999999,
          "test_kappa_std": 0.11088015104037713,
          "confusion_matrix": [
            [
              72.08333333333333,
              19.583333333333336,
              8.333333333333332
            ],
            [
              1.6666666666666665,
              98.33333333333333,
              0.0
            ],
            [
              13.75,
              32.91666666666667,
              53.33333333333333
            ]
          ]
        },
        {
          "participant": "3236",
          "train_size": 2,
          "n_seeds": 20,
          "n_train_samples_mean": 6.0,
          "n_test_samples_mean": 36.0,
          "test_acc_mean": 0.6958333333333333,
          "test_acc_std": 0.08943318370145703,
          "test_bal_acc_mean": 0.6958333333333334,
          "test_bal_acc_std": 0.08943318370145703,
          "test_f1_mean": 0.6856611094335359,
          "test_f1_std": 0.10429718194581407,
          "test_kappa_mean": 0.54375,
          "test_kappa_std": 0.13414977555218552,
          "confusion_matrix": [
            [
              66.66666666666666,
              22.916666666666664,
              10.416666666666666
            ],
            [
              0.41666666666666663,
              75.83333333333334,
              23.749999999999996
            ],
            [
              13.749999999999996,
              19.999999999999996,
              66.25
            ]
          ]
        },
        {
          "participant": "3237",
          "train_size": 2,
          "n_seeds": 20,
          "n_train_samples_mean": 6.0,
          "n_test_samples_mean": 36.0,
          "test_acc_mean": 0.6583333333333332,
          "test_acc_std": 0.07652499835752519,
          "test_bal_acc_mean": 0.6583333333333332,
          "test_bal_acc_std": 0.07652499835752517,
          "test_f1_mean": 0.6274026562989533,
          "test_f1_std": 0.09100957618389001,
          "test_kappa_mean": 0.48749999999999993,
          "test_kappa_std": 0.11478749753628778,
          "confusion_matrix": [
            [
              39.58333333333333,
              10.833333333333334,
              49.583333333333336
            ],
            [
              11.249999999999998,
              74.99999999999997,
              13.75
            ],
            [
              12.916666666666666,
              4.166666666666666,
              82.91666666666667
            ]
          ]
        },
        {
          "participant": "3238",
          "train_size": 2,
          "n_seeds": 20,
          "n_train_samples_mean": 6.0,
          "n_test_samples_mean": 36.0,
          "test_acc_mean": 0.5055555555555556,
          "test_acc_std": 0.06957589897370138,
          "test_bal_acc_mean": 0.5055555555555556,
          "test_bal_acc_std": 0.06957589897370137,
          "test_f1_mean": 0.47060608759991707,
          "test_f1_std": 0.07350468031970742,
          "test_kappa_mean": 0.2583333333333334,
          "test_kappa_std": 0.10436384846055208,
          "confusion_matrix": [
            [
              39.166666666666664,
              25.833333333333332,
              35.0
            ],
            [
              9.583333333333332,
              30.833333333333332,
              59.58333333333333
            ],
            [
              3.333333333333333,
              15.0,
              81.66666666666667
            ]
          ]
        },
        {
          "participant": "3239",
          "train_size": 2,
          "n_seeds": 20,
          "n_train_samples_mean": 6.0,
          "n_test_samples_mean": 32.0,
          "test_acc_mean": 0.640625,
          "test_acc_std": 0.06987712429686843,
          "test_bal_acc_mean": 0.642361111111111,
          "test_bal_acc_std": 0.06605392755188172,
          "test_f1_mean": 0.6112831739494455,
          "test_f1_std": 0.08632927224900239,
          "test_kappa_mean": 0.4610722250619155,
          "test_kappa_std": 0.09842608295277548,
          "confusion_matrix": [
            [
              47.91666666666666,
              14.583333333333334,
              37.49999999999999
            ],
            [
              13.75,
              79.16666666666666,
              7.083333333333333
            ],
            [
              27.5,
              6.875,
              65.625
            ]
          ]
        },
        {
          "participant": "3240",
          "train_size": 2,
          "n_seeds": 20,
          "n_train_samples_mean": 6.0,
          "n_test_samples_mean": 36.0,
          "test_acc_mean": 0.6652777777777777,
          "test_acc_std": 0.10681573100374095,
          "test_bal_acc_mean": 0.6652777777777777,
          "test_bal_acc_std": 0.10681573100374098,
          "test_f1_mean": 0.6391818543411136,
          "test_f1_std": 0.1324379705171659,
          "test_kappa_mean": 0.4979166666666665,
          "test_kappa_std": 0.16022359650561147,
          "confusion_matrix": [
            [
              80.41666666666667,
              6.249999999999999,
              13.333333333333334
            ],
            [
              22.916666666666664,
              75.41666666666667,
              1.6666666666666665
            ],
            [
              42.91666666666667,
              13.333333333333334,
              43.74999999999999
            ]
          ]
        },
        {
          "participant": "3241",
          "train_size": 2,
          "n_seeds": 20,
          "n_train_samples_mean": 6.0,
          "n_test_samples_mean": 36.0,
          "test_acc_mean": 0.6152777777777777,
          "test_acc_std": 0.08419389963377727,
          "test_bal_acc_mean": 0.6152777777777777,
          "test_bal_acc_std": 0.08419389963377726,
          "test_f1_mean": 0.5902176421065322,
          "test_f1_std": 0.0888817806073268,
          "test_kappa_mean": 0.4229166666666666,
          "test_kappa_std": 0.1262908494506659,
          "confusion_matrix": [
            [
              51.66666666666667,
              25.833333333333332,
              22.5
            ],
            [
              23.749999999999996,
              61.25,
              14.999999999999996
            ],
            [
              21.249999999999993,
              7.083333333333333,
              71.66666666666666
            ]
          ]
        },
        {
          "participant": "3242",
          "train_size": 2,
          "n_seeds": 20,
          "n_train_samples_mean": 6.0,
          "n_test_samples_mean": 36.0,
          "test_acc_mean": 0.8180555555555555,
          "test_acc_std": 0.08852034343629306,
          "test_bal_acc_mean": 0.8180555555555555,
          "test_bal_acc_std": 0.08852034343629303,
          "test_f1_mean": 0.8036138397677043,
          "test_f1_std": 0.1041508714554221,
          "test_kappa_mean": 0.7270833333333333,
          "test_kappa_std": 0.1327805151544396,
          "confusion_matrix": [
            [
              88.33333333333333,
              11.666666666666668,
              0.0
            ],
            [
              15.833333333333332,
              66.66666666666666,
              17.500000000000004
            ],
            [
              3.333333333333333,
              6.249999999999999,
              90.41666666666666
            ]
          ]
        },
        {
          "participant": "3243",
          "train_size": 2,
          "n_seeds": 20,
          "n_train_samples_mean": 6.0,
          "n_test_samples_mean": 36.0,
          "test_acc_mean": 0.6847222222222222,
          "test_acc_std": 0.08322361197787125,
          "test_bal_acc_mean": 0.6847222222222222,
          "test_bal_acc_std": 0.08322361197787127,
          "test_f1_mean": 0.658470441787719,
          "test_f1_std": 0.10209516174197503,
          "test_kappa_mean": 0.5270833333333333,
          "test_kappa_std": 0.12483541796680686,
          "confusion_matrix": [
            [
              85.41666666666666,
              5.833333333333332,
              8.75
            ],
            [
              8.333333333333334,
              80.0,
              11.666666666666664
            ],
            [
              17.5,
              42.5,
              39.99999999999999
            ]
          ]
        },
        {
          "participant": "3244",
          "train_size": 2,
          "n_seeds": 20,
          "n_train_samples_mean": 6.0,
          "n_test_samples_mean": 36.0,
          "test_acc_mean": 0.711111111111111,
          "test_acc_std": 0.10678721258619792,
          "test_bal_acc_mean": 0.711111111111111,
          "test_bal_acc_std": 0.10678721258619792,
          "test_f1_mean": 0.6701852541326313,
          "test_f1_std": 0.13188294323761368,
          "test_kappa_mean": 0.5666666666666667,
          "test_kappa_std": 0.16018081887929686,
          "confusion_matrix": [
            [
              78.33333333333333,
              4.583333333333334,
              17.083333333333336
            ],
            [
              2.9166666666666665,
              96.25000000000001,
              0.8333333333333333
            ],
            [
              30.0,
              31.249999999999993,
              38.75
            ]
          ]
        },
        {
          "participant": "3245",
          "train_size": 2,
          "n_seeds": 20,
          "n_train_samples_mean": 6.0,
          "n_test_samples_mean": 36.0,
          "test_acc_mean": 0.7388888888888889,
          "test_acc_std": 0.13885964604428874,
          "test_bal_acc_mean": 0.738888888888889,
          "test_bal_acc_std": 0.13885964604428874,
          "test_f1_mean": 0.7110382172840581,
          "test_f1_std": 0.1641152288717374,
          "test_kappa_mean": 0.6083333333333333,
          "test_kappa_std": 0.20828946906643314,
          "confusion_matrix": [
            [
              72.50000000000001,
              17.916666666666664,
              9.583333333333332
            ],
            [
              0.41666666666666663,
              99.58333333333333,
              0.0
            ],
            [
              12.5,
              37.91666666666667,
              49.58333333333333
            ]
          ]
        },
        {
          "participant": "3246",
          "train_size": 2,
          "n_seeds": 20,
          "n_train_samples_mean": 6.0,
          "n_test_samples_mean": 36.0,
          "test_acc_mean": 0.4958333333333333,
          "test_acc_std": 0.07501082876124615,
          "test_bal_acc_mean": 0.4958333333333333,
          "test_bal_acc_std": 0.07501082876124614,
          "test_f1_mean": 0.4147379063868251,
          "test_f1_std": 0.09584759860488998,
          "test_kappa_mean": 0.24374999999999997,
          "test_kappa_std": 0.11251624314186923,
          "confusion_matrix": [
            [
              35.0,
              52.5,
              12.499999999999996
            ],
            [
              0.8333333333333333,
              99.16666666666667,
              0.0
            ],
            [
              15.833333333333332,
              69.58333333333334,
              14.583333333333332
            ]
          ]
        },
        {
          "participant": "3247",
          "train_size": 2,
          "n_seeds": 20,
          "n_train_samples_mean": 6.0,
          "n_test_samples_mean": 36.0,
          "test_acc_mean": 0.5583333333333333,
          "test_acc_std": 0.10885874985688042,
          "test_bal_acc_mean": 0.5583333333333335,
          "test_bal_acc_std": 0.1088587498568804,
          "test_f1_mean": 0.5288216427832289,
          "test_f1_std": 0.14339224837160341,
          "test_kappa_mean": 0.3375,
          "test_kappa_std": 0.16328812478532062,
          "confusion_matrix": [
            [
              50.833333333333336,
              48.75,
              0.41666666666666663
            ],
            [
              6.25,
              67.50000000000001,
              26.250000000000007
            ],
            [
              2.4999999999999996,
              48.333333333333336,
              49.16666666666667
            ]
          ]
        },
        {
          "participant": "3248",
          "train_size": 2,
          "n_seeds": 20,
          "n_train_samples_mean": 6.0,
          "n_test_samples_mean": 36.0,
          "test_acc_mean": 0.6805555555555556,
          "test_acc_std": 0.09344152737587601,
          "test_bal_acc_mean": 0.6805555555555556,
          "test_bal_acc_std": 0.093441527375876,
          "test_f1_mean": 0.6680111461556038,
          "test_f1_std": 0.10849799405931114,
          "test_kappa_mean": 0.5208333333333333,
          "test_kappa_std": 0.14016229106381398,
          "confusion_matrix": [
            [
              81.25000000000001,
              4.583333333333331,
              14.166666666666668
            ],
            [
              4.166666666666666,
              53.75,
              42.08333333333333
            ],
            [
              3.333333333333333,
              27.5,
              69.16666666666667
            ]
          ]
        },
        {
          "participant": "3250",
          "train_size": 2,
          "n_seeds": 20,
          "n_train_samples_mean": 6.0,
          "n_test_samples_mean": 36.0,
          "test_acc_mean": 0.5791666666666665,
          "test_acc_std": 0.08467487412445443,
          "test_bal_acc_mean": 0.5791666666666665,
          "test_bal_acc_std": 0.08467487412445442,
          "test_f1_mean": 0.5386793508248648,
          "test_f1_std": 0.10266037065558646,
          "test_kappa_mean": 0.36875,
          "test_kappa_std": 0.12701231118668163,
          "confusion_matrix": [
            [
              77.91666666666667,
              10.416666666666668,
              11.666666666666666
            ],
            [
              17.5,
              57.083333333333336,
              25.416666666666664
            ],
            [
              37.5,
              23.75,
              38.75
            ]
          ]
        }
      ]
    },
    {
      "aggregated": {
        "train_size": 3,
        "n_participants": 37,
        "n_seeds": 20,
        "test_acc_mean": 0.7252562907735322,
        "test_acc_std": 0.14547892998604992,
        "test_bal_acc_mean": 0.7254943254943255,
        "test_bal_acc_std": 0.1456696925249335,
        "test_f1_mean": 0.7043347562894081,
        "test_f1_std": 0.16885300287817473,
        "test_kappa_mean": 0.5878711600458426,
        "test_kappa_std": 0.21820816501106524,
        "confusion_matrix": [
          [
            72.85012285012286,
            13.071253071253071,
            14.078624078624077
          ],
          [
            11.203931203931205,
            67.27272727272727,
            21.52334152334152
          ],
          [
            10.57037557037557,
            11.904176904176902,
            77.52544752544753
          ]
        ]
      },
      "per_participant": [
        {
          "participant": "3208",
          "train_size": 3,
          "n_seeds": 20,
          "n_train_samples_mean": 9.0,
          "n_test_samples_mean": 33.0,
          "test_acc_mean": 0.7333333333333333,
          "test_acc_std": 0.04569315363182133,
          "test_bal_acc_mean": 0.7333333333333332,
          "test_bal_acc_std": 0.04569315363182135,
          "test_f1_mean": 0.7189067002722134,
          "test_f1_std": 0.044771473651234656,
          "test_kappa_mean": 0.6,
          "test_kappa_std": 0.06853973044773201,
          "confusion_matrix": [
            [
              82.72727272727272,
              14.090909090909093,
              3.181818181818182
            ],
            [
              36.36363636363636,
              44.545454545454554,
              19.090909090909086
            ],
            [
              2.272727272727273,
              5.000000000000001,
              92.72727272727275
            ]
          ]
        },
        {
          "participant": "3209",
          "train_size": 3,
          "n_seeds": 20,
          "n_train_samples_mean": 9.0,
          "n_test_samples_mean": 33.0,
          "test_acc_mean": 0.5075757575757576,
          "test_acc_std": 0.07543792211344351,
          "test_bal_acc_mean": 0.5075757575757576,
          "test_bal_acc_std": 0.07543792211344348,
          "test_f1_mean": 0.4514684651668211,
          "test_f1_std": 0.09604831564660381,
          "test_kappa_mean": 0.2613636363636364,
          "test_kappa_std": 0.11315688317016524,
          "confusion_matrix": [
            [
