{
  "name": "pose_gsr",
  "config": {
    "n_seeds": 20,
    "feature_selection": "backward",
    "use_pose_derivatives": true,
    "use_time_features": false,
    "include_order": false,
    "normalize_features": true,
    "class_config": "all",
    "use_pca": false,
    "pca_variance": 0.9,
    "write_cm": true,
    "tune_hyperparameters": false,
    "tune_n_iter": 30,
    "tune_cv_folds": 5,
    "name": "pose_gsr",
    "feature_groups": [
      "pose",
      "gsr"
    ],
    "split_strategy": "participant_specific",
    "sampling_strategy": "temporal_stratified"
  },
  "sampling_strategy": "temporal_stratified",
  "n_seeds": 20,
  "learning_curve": [
    {
      "aggregated": {
        "train_size": 2,
        "n_participants": 40,
        "n_seeds": 20,
        "test_acc_mean": 0.6020890737007167,
        "test_acc_std": 0.10814774820541673,
        "test_bal_acc_mean": 0.6005729166666667,
        "test_bal_acc_std": 0.10759354659134085,
        "test_f1_mean": 0.5619198897523375,
        "test_f1_std": 0.12241344962052263,
        "test_kappa_mean": 0.39981005404549463,
        "test_kappa_std": 0.16235205070905215,
        "confusion_matrix": [
          [
            60.6875,
            22.229166666666664,
            17.083333333333336
          ],
          [
            14.119791666666671,
            69.85416666666667,
            16.026041666666664
          ],
          [
            21.058035714285715,
            29.311755952380945,
            49.63020833333333
          ]
        ]
      },
      "per_participant": [
        {
          "participant": "3208",
          "train_size": 2,
          "n_seeds": 20,
          "n_train_samples_mean": 6.0,
          "n_test_samples_mean": 36.0,
          "test_acc_mean": 0.5819444444444446,
          "test_acc_std": 0.08477074154731767,
          "test_bal_acc_mean": 0.5819444444444446,
          "test_bal_acc_std": 0.08477074154731769,
          "test_f1_mean": 0.5528888881934724,
          "test_f1_std": 0.11312067765019003,
          "test_kappa_mean": 0.3729166666666667,
          "test_kappa_std": 0.12715611232097654,
          "confusion_matrix": [
            [
              63.33333333333335,
              20.0,
              16.666666666666668
            ],
            [
              22.916666666666664,
              51.25,
              25.833333333333336
            ],
            [
              17.083333333333336,
              22.916666666666664,
              59.999999999999986
            ]
          ]
        },
        {
          "participant": "3209",
          "train_size": 2,
          "n_seeds": 20,
          "n_train_samples_mean": 6.0,
          "n_test_samples_mean": 36.0,
          "test_acc_mean": 0.7125000000000001,
          "test_acc_std": 0.1123017349025306,
          "test_bal_acc_mean": 0.7125,
          "test_bal_acc_std": 0.11230173490253059,
          "test_f1_mean": 0.6852069915873954,
          "test_f1_std": 0.133606689730022,
          "test_kappa_mean": 0.56875,
          "test_kappa_std": 0.16845260235379592,
          "confusion_matrix": [
            [
              95.41666666666667,
              4.583333333333332,
              0.0
            ],
            [
              21.666666666666664,
              78.33333333333334,
              0.0
            ],
            [
              37.49999999999999,
              22.499999999999996,
              40.0
            ]
          ]
        },
        {
          "participant": "3210",
          "train_size": 2,
          "n_seeds": 20,
          "n_train_samples_mean": 6.0,
          "n_test_samples_mean": 36.0,
          "test_acc_mean": 0.8333333333333334,
          "test_acc_std": 0.13397748882320126,
          "test_bal_acc_mean": 0.8333333333333334,
          "test_bal_acc_std": 0.13397748882320126,
          "test_f1_mean": 0.8248220394331043,
          "test_f1_std": 0.15154968111078515,
          "test_kappa_mean": 0.75,
          "test_kappa_std": 0.2009662332348019,
          "confusion_matrix": [
            [
              82.5,
              17.5,
              0.0
            ],
            [
              0.0,
              100.0,
              0.0
            ],
            [
              5.0,
              27.500000000000007,
              67.5
            ]
          ]
        },
        {
          "participant": "3214",
          "train_size": 2,
          "n_seeds": 20,
          "n_train_samples_mean": 6.0,
          "n_test_samples_mean": 36.0,
          "test_acc_mean": 0.5569444444444446,
          "test_acc_std": 0.09850861570655152,
          "test_bal_acc_mean": 0.5569444444444446,
          "test_bal_acc_std": 0.09850861570655153,
          "test_f1_mean": 0.5395226520659662,
          "test_f1_std": 0.10936397098930804,
          "test_kappa_mean": 0.33541666666666664,
          "test_kappa_std": 0.14776292355982729,
          "confusion_matrix": [
            [
              66.25,
              21.666666666666664,
              12.083333333333334
            ],
            [
              2.083333333333333,
              62.91666666666665,
              34.999999999999986
            ],
            [
              0.0,
              62.08333333333333,
              37.916666666666664
            ]
          ]
        },
        {
          "participant": "3215",
          "train_size": 2,
          "n_seeds": 20,
          "n_train_samples_mean": 6.0,
          "n_test_samples_mean": 36.0,
          "test_acc_mean": 0.47916666666666663,
          "test_acc_std": 0.10543814646059005,
          "test_bal_acc_mean": 0.47916666666666663,
          "test_bal_acc_std": 0.10543814646059003,
          "test_f1_mean": 0.38187414759698907,
          "test_f1_std": 0.1412720136631579,
          "test_kappa_mean": 0.21875000000000006,
          "test_kappa_std": 0.15815721969088503,
          "confusion_matrix": [
            [
              98.74999999999999,
              0.8333333333333333,
              0.41666666666666663
            ],
            [
              78.33333333333334,
              9.166666666666666,
              12.499999999999998
            ],
            [
              60.416666666666664,
              3.75,
              35.833333333333336
            ]
          ]
        },
        {
          "participant": "3216",
          "train_size": 2,
          "n_seeds": 20,
          "n_train_samples_mean": 6.0,
          "n_test_samples_mean": 36.0,
          "test_acc_mean": 0.5708333333333333,
          "test_acc_std": 0.056623507242572334,
          "test_bal_acc_mean": 0.5708333333333333,
          "test_bal_acc_std": 0.05662350724257234,
          "test_f1_mean": 0.5245758521368274,
          "test_f1_std": 0.06541488519277684,
          "test_kappa_mean": 0.35625,
          "test_kappa_std": 0.08493526086385854,
          "confusion_matrix": [
            [
              77.50000000000001,
              19.999999999999993,
              2.4999999999999996
            ],
            [
              6.25,
              75.83333333333334,
              17.916666666666664
            ],
            [
              24.166666666666664,
              57.916666666666664,
              17.916666666666664
            ]
          ]
        },
        {
          "participant": "3217",
          "train_size": 2,
          "n_seeds": 20,
          "n_train_samples_mean": 6.0,
          "n_test_samples_mean": 36.0,
          "test_acc_mean": 0.6347222222222222,
          "test_acc_std": 0.06064080056082348,
          "test_bal_acc_mean": 0.6347222222222222,
          "test_bal_acc_std": 0.06064080056082348,
          "test_f1_mean": 0.6289267557079872,
          "test_f1_std": 0.06568476066879396,
          "test_kappa_mean": 0.4520833333333334,
          "test_kappa_std": 0.0909612008412352,
          "confusion_matrix": [
            [
              53.750000000000014,
              44.58333333333334,
              1.6666666666666665
            ],
            [
              10.833333333333332,
              88.33333333333334,
              0.8333333333333333
            ],
            [
              1.6666666666666665,
              50.0,
              48.33333333333333
            ]
          ]
        },
        {
          "participant": "3218",
          "train_size": 2,
          "n_seeds": 20,
          "n_train_samples_mean": 6.0,
          "n_test_samples_mean": 36.0,
          "test_acc_mean": 0.7027777777777777,
          "test_acc_std": 0.09413433780643497,
          "test_bal_acc_mean": 0.7027777777777777,
          "test_bal_acc_std": 0.09413433780643496,
          "test_f1_mean": 0.6585248159326069,
          "test_f1_std": 0.12364154471770754,
          "test_kappa_mean": 0.5541666666666666,
          "test_kappa_std": 0.14120150670965248,
          "confusion_matrix": [
            [
              99.58333333333334,
              0.41666666666666663,
              0.0
            ],
            [
              16.25,
              80.41666666666666,
              3.333333333333332
            ],
            [
              12.916666666666666,
              56.249999999999986,
              30.833333333333325
            ]
          ]
        },
        {
          "participant": "3219",
          "train_size": 2,
          "n_seeds": 20,
          "n_train_samples_mean": 6.0,
          "n_test_samples_mean": 31.0,
          "test_acc_mean": 0.4629032258064516,
          "test_acc_std": 0.057586220975747254,
          "test_bal_acc_mean": 0.4541666666666667,
          "test_bal_acc_std": 0.07370676500455424,
          "test_f1_mean": 0.41285659825900245,
          "test_f1_std": 0.09536678999555524,
          "test_kappa_mean": 0.1564687668797404,
          "test_kappa_std": 0.10574551442632828,
          "confusion_matrix": [
            [
              38.75000000000001,
              57.500000000000014,
              3.75
            ],
            [
              28.749999999999993,
              57.5,
              13.75
            ],
            [
              23.57142857142857,
              36.42857142857143,
              39.99999999999999
            ]
          ]
        },
        {
          "participant": "3220",
          "train_size": 2,
          "n_seeds": 20,
          "n_train_samples_mean": 6.0,
          "n_test_samples_mean": 36.0,
          "test_acc_mean": 0.5902777777777779,
          "test_acc_std": 0.11985852338081983,
          "test_bal_acc_mean": 0.5902777777777779,
          "test_bal_acc_std": 0.11985852338081983,
          "test_f1_mean": 0.5309118894452498,
          "test_f1_std": 0.15594281662427742,
          "test_kappa_mean": 0.38541666666666663,
          "test_kappa_std": 0.17978778507122978,
          "confusion_matrix": [
            [
              29.583333333333332,
              64.58333333333333,
              5.833333333333332
            ],
            [
              2.5,
              97.08333333333334,
              0.41666666666666663
            ],
            [
              12.916666666666666,
              36.666666666666664,
              50.41666666666667
            ]
          ]
        },
        {
          "participant": "3221",
          "train_size": 2,
          "n_seeds": 20,
          "n_train_samples_mean": 6.0,
          "n_test_samples_mean": 36.0,
          "test_acc_mean": 0.575,
          "test_acc_std": 0.10743177111587715,
          "test_bal_acc_mean": 0.575,
          "test_bal_acc_std": 0.10743177111587715,
          "test_f1_mean": 0.5069701578943725,
          "test_f1_std": 0.13878311349899997,
          "test_kappa_mean": 0.36250000000000004,
          "test_kappa_std": 0.16114765667381575,
          "confusion_matrix": [
            [
              61.249999999999986,
              35.0,
              3.7499999999999987
            ],
            [
              4.999999999999999,
              94.58333333333334,
              0.41666666666666663
            ],
            [
              31.25,
              52.083333333333336,
              16.666666666666664
            ]
          ]
        },
        {
          "participant": "3222",
          "train_size": 2,
          "n_seeds": 20,
          "n_train_samples_mean": 6.0,
          "n_test_samples_mean": 32.0,
          "test_acc_mean": 0.6046875,
          "test_acc_std": 0.07469441583263736,
          "test_bal_acc_mean": 0.6166666666666666,
          "test_bal_acc_std": 0.09061733263928526,
          "test_f1_mean": 0.5464018682546528,
          "test_f1_std": 0.09086797664801481,
          "test_kappa_mean": 0.39601913509233344,
          "test_kappa_std": 0.11935379207694796,
          "confusion_matrix": [
            [
              22.083333333333332,
              13.75,
              64.16666666666666
            ],
            [
              1.875,
              71.25,
              26.875
            ],
            [
              3.749999999999999,
              4.583333333333333,
              91.66666666666667
            ]
          ]
        },
        {
          "participant": "3223",
          "train_size": 2,
          "n_seeds": 20,
          "n_train_samples_mean": 6.0,
          "n_test_samples_mean": 36.0,
          "test_acc_mean": 0.33055555555555555,
          "test_acc_std": 0.09404801560780579,
          "test_bal_acc_mean": 0.33055555555555555,
          "test_bal_acc_std": 0.09404801560780579,
          "test_f1_mean": 0.277752758247232,
          "test_f1_std": 0.0925134615514693,
          "test_kappa_mean": -0.004166666666666652,
          "test_kappa_std": 0.14107202341170869,
          "confusion_matrix": [
            [
              31.666666666666664,
              27.916666666666664,
              40.416666666666664
            ],
            [
              16.666666666666664,
              57.08333333333333,
              26.249999999999993
            ],
            [
              9.166666666666666,
              80.41666666666666,
              10.416666666666668
            ]
          ]
        },
        {
          "participant": "3224",
          "train_size": 2,
          "n_seeds": 20,
          "n_train_samples_mean": 6.0,
          "n_test_samples_mean": 36.0,
          "test_acc_mean": 0.663888888888889,
          "test_acc_std": 0.05474555711098218,
          "test_bal_acc_mean": 0.663888888888889,
          "test_bal_acc_std": 0.054745557110982196,
          "test_f1_mean": 0.632060967774703,
          "test_f1_std": 0.06380738440054916,
          "test_kappa_mean": 0.49583333333333324,
          "test_kappa_std": 0.0821183356664733,
          "confusion_matrix": [
            [
              47.08333333333334,
              19.166666666666668,
              33.75
            ],
            [
              27.083333333333332,
              57.5,
              15.416666666666666
            ],
            [
              4.166666666666666,
              1.2499999999999998,
              94.58333333333334
            ]
          ]
        },
        {
          "participant": "3225",
          "train_size": 2,
          "n_seeds": 20,
          "n_train_samples_mean": 6.0,
          "n_test_samples_mean": 36.0,
          "test_acc_mean": 0.5347222222222222,
          "test_acc_std": 0.09743085384031068,
          "test_bal_acc_mean": 0.5347222222222222,
          "test_bal_acc_std": 0.0974308538403107,
          "test_f1_mean": 0.5069996425172562,
          "test_f1_std": 0.11511711948797405,
          "test_kappa_mean": 0.30208333333333337,
          "test_kappa_std": 0.146146280760466,
          "confusion_matrix": [
            [
              84.58333333333333,
              14.583333333333332,
              0.8333333333333333
            ],
            [
              18.33333333333333,
              48.74999999999999,
              32.916666666666664
            ],
            [
              0.0,
              72.91666666666666,
              27.083333333333332
            ]
          ]
        },
        {
          "participant": "3226",
          "train_size": 2,
          "n_seeds": 20,
          "n_train_samples_mean": 6.0,
          "n_test_samples_mean": 36.0,
          "test_acc_mean": 0.5888888888888888,
          "test_acc_std": 0.10019474215135157,
          "test_bal_acc_mean": 0.5888888888888889,
          "test_bal_acc_std": 0.10019474215135159,
          "test_f1_mean": 0.5542445899486739,
          "test_f1_std": 0.12327533877788775,
          "test_kappa_mean": 0.3833333333333334,
          "test_kappa_std": 0.15029211322702735,
          "confusion_matrix": [
            [
              77.08333333333334,
              13.75,
              9.166666666666666
            ],
            [
              38.75000000000001,
              46.25000000000001,
              15.0
            ],
            [
              19.583333333333332,
              27.083333333333336,
              53.33333333333335
            ]
          ]
        },
        {
          "participant": "3227",
          "train_size": 2,
          "n_seeds": 20,
          "n_train_samples_mean": 6.0,
          "n_test_samples_mean": 36.0,
          "test_acc_mean": 0.45972222222222225,
          "test_acc_std": 0.06950289937436059,
          "test_bal_acc_mean": 0.45972222222222225,
          "test_bal_acc_std": 0.06950289937436059,
          "test_f1_mean": 0.3926152935117333,
          "test_f1_std": 0.08952106235449259,
          "test_kappa_mean": 0.18958333333333333,
          "test_kappa_std": 0.10425434906154091,
          "confusion_matrix": [
            [
              19.583333333333332,
              72.08333333333333,
              8.333333333333332
            ],
            [
              7.083333333333331,
              26.249999999999993,
              66.66666666666666
            ],
            [
              0.0,
              7.916666666666666,
              92.08333333333333
            ]
          ]
        },
        {
          "participant": "3228",
          "train_size": 2,
          "n_seeds": 20,
          "n_train_samples_mean": 6.0,
          "n_test_samples_mean": 27.0,
          "test_acc_mean": 0.6944444444444444,
          "test_acc_std": 0.13211212456664262,
          "test_bal_acc_mean": 0.6375,
          "test_bal_acc_std": 0.17899687090022767,
          "test_f1_mean": 0.6662868350056503,
          "test_f1_std": 0.16131464293693223,
          "test_kappa_mean": 0.4665800021900789,
          "test_kappa_std": 0.23821011440712686,
          "confusion_matrix": [
            [
              46.666666666666664,
              53.333333333333336,
              0.0
            ],
            [
              1.6666666666666665,
              82.08333333333334,
              16.249999999999996
            ],
            [
              0.8333333333333333,
              36.66666666666667,
              62.499999999999986
            ]
          ]
        },
        {
          "participant": "3229",
          "train_size": 2,
          "n_seeds": 20,
          "n_train_samples_mean": 6.0,
          "n_test_samples_mean": 36.0,
          "test_acc_mean": 0.44305555555555554,
          "test_acc_std": 0.06274723678773772,
          "test_bal_acc_mean": 0.44305555555555554,
          "test_bal_acc_std": 0.06274723678773772,
          "test_f1_mean": 0.3800362723600376,
          "test_f1_std": 0.06385494187539786,
          "test_kappa_mean": 0.16458333333333336,
          "test_kappa_std": 0.09412085518160658,
          "confusion_matrix": [
            [
              13.333333333333332,
              20.416666666666668,
              66.24999999999999
            ],
            [
              25.416666666666664,
              34.166666666666664,
              40.41666666666667
            ],
            [
              11.666666666666668,
              2.9166666666666656,
              85.41666666666667
            ]
          ]
        },
        {
          "participant": "3230",
          "train_size": 2,
          "n_seeds": 20,
          "n_train_samples_mean": 6.0,
          "n_test_samples_mean": 36.0,
          "test_acc_mean": 0.5069444444444444,
          "test_acc_std": 0.08496215187636191,
          "test_bal_acc_mean": 0.5069444444444444,
          "test_bal_acc_std": 0.08496215187636194,
          "test_f1_mean": 0.475550187976272,
          "test_f1_std": 0.10165216306438765,
          "test_kappa_mean": 0.26041666666666663,
          "test_kappa_std": 0.1274432278145429,
          "confusion_matrix": [
            [
              45.41666666666666,
              13.749999999999996,
              40.833333333333336
            ],
            [
              28.75,
              66.25,
              4.999999999999998
            ],
            [
              39.99999999999999,
              19.583333333333332,
              40.41666666666667
            ]
          ]
        },
        {
          "participant": "3231",
          "train_size": 2,
          "n_seeds": 20,
          "n_train_samples_mean": 6.0,
          "n_test_samples_mean": 36.0,
          "test_acc_mean": 0.5194444444444445,
          "test_acc_std": 0.10818515882501399,
          "test_bal_acc_mean": 0.5194444444444445,
          "test_bal_acc_std": 0.10818515882501398,
          "test_f1_mean": 0.4920206672884258,
          "test_f1_std": 0.10593866215260499,
          "test_kappa_mean": 0.2791666666666667,
          "test_kappa_std": 0.162277738237521,
          "confusion_matrix": [
            [
              37.50000000000001,
              10.833333333333332,
              51.666666666666664
            ],
            [
              14.166666666666666,
              58.33333333333333,
              27.5
            ],
            [
              37.083333333333336,
              2.9166666666666656,
              59.999999999999986
            ]
          ]
        },
        {
          "participant": "3232",
          "train_size": 2,
          "n_seeds": 20,
          "n_train_samples_mean": 6.0,
          "n_test_samples_mean": 36.0,
          "test_acc_mean": 0.6097222222222223,
          "test_acc_std": 0.06832429931249356,
          "test_bal_acc_mean": 0.6097222222222223,
          "test_bal_acc_std": 0.06832429931249356,
          "test_f1_mean": 0.5746584890275489,
          "test_f1_std": 0.06622840652154309,
          "test_kappa_mean": 0.4145833333333333,
          "test_kappa_std": 0.10248644896874035,
          "confusion_matrix": [
            [
              34.166666666666664,
              12.916666666666668,
              52.91666666666667
            ],
            [
              7.916666666666667,
              68.33333333333333,
              23.75
            ],
            [
              19.166666666666668,
              0.41666666666666663,
              80.41666666666667
            ]
          ]
        },
        {
          "participant": "3233",
          "train_size": 2,
          "n_seeds": 20,
          "n_train_samples_mean": 6.0,
          "n_test_samples_mean": 36.0,
          "test_acc_mean": 0.6958333333333334,
          "test_acc_std": 0.15465355652912904,
          "test_bal_acc_mean": 0.6958333333333334,
          "test_bal_acc_std": 0.15465355652912907,
          "test_f1_mean": 0.6719433702298665,
          "test_f1_std": 0.18443194764005633,
          "test_kappa_mean": 0.5437500000000001,
          "test_kappa_std": 0.23198033479369357,
          "confusion_matrix": [
            [
              56.25,
              22.916666666666664,
              20.833333333333332
            ],
            [
              0.41666666666666663,
              92.91666666666669,
              6.666666666666666
            ],
            [
              0.0,
              40.41666666666667,
              59.583333333333336
            ]
          ]
        },
        {
          "participant": "3234",
          "train_size": 2,
          "n_seeds": 20,
          "n_train_samples_mean": 6.0,
          "n_test_samples_mean": 36.0,
          "test_acc_mean": 0.4305555555555555,
          "test_acc_std": 0.06211299937499416,
          "test_bal_acc_mean": 0.4305555555555555,
          "test_bal_acc_std": 0.06211299937499417,
          "test_f1_mean": 0.33343412953133067,
          "test_f1_std": 0.0936216012961954,
          "test_kappa_mean": 0.14583333333333331,
          "test_kappa_std": 0.09316949906249125,
          "confusion_matrix": [
            [
              99.58333333333334,
              0.0,
              0.41666666666666663
            ],
            [
              41.66666666666667,
              13.333333333333332,
              45.00000000000001
            ],
            [
              80.00000000000001,
              3.749999999999999,
              16.249999999999996
            ]
          ]
        },
        {
          "participant": "3235",
          "train_size": 2,
          "n_seeds": 20,
          "n_train_samples_mean": 6.0,
          "n_test_samples_mean": 36.0,
          "test_acc_mean": 0.7458333333333333,
          "test_acc_std": 0.05352654451915558,
          "test_bal_acc_mean": 0.7458333333333333,
          "test_bal_acc_std": 0.053526544519155596,
          "test_f1_mean": 0.7321622676063004,
          "test_f1_std": 0.06562384953447033,
          "test_kappa_mean": 0.6187499999999999,
          "test_kappa_std": 0.08028981677873337,
          "confusion_matrix": [
            [
              72.08333333333334,
              22.5,
              5.416666666666666
            ],
            [
              0.41666666666666663,
              99.58333333333334,
              0.0
            ],
            [
              12.916666666666666,
              35.00000000000001,
              52.083333333333336
            ]
          ]
        },
        {
          "participant": "3236",
          "train_size": 2,
          "n_seeds": 20,
          "n_train_samples_mean": 6.0,
          "n_test_samples_mean": 36.0,
          "test_acc_mean": 0.6069444444444444,
          "test_acc_std": 0.11193952871827098,
          "test_bal_acc_mean": 0.6069444444444444,
          "test_bal_acc_std": 0.11193952871827098,
          "test_f1_mean": 0.5668652253741218,
          "test_f1_std": 0.14855442515189948,
          "test_kappa_mean": 0.4104166666666667,
          "test_kappa_std": 0.1679092930774065,
          "confusion_matrix": [
            [
              43.749999999999986,
              40.416666666666664,
              15.833333333333332
            ],
            [
              0.0,
              94.58333333333334,
              5.416666666666666
            ],
            [
              19.999999999999993,
              36.25,
              43.75
            ]
          ]
        },
        {
          "participant": "3237",
          "train_size": 2,
          "n_seeds": 20,
          "n_train_samples_mean": 6.0,
          "n_test_samples_mean": 36.0,
          "test_acc_mean": 0.7097222222222221,
          "test_acc_std": 0.0740298966704644,
          "test_bal_acc_mean": 0.7097222222222221,
          "test_bal_acc_std": 0.07402989667046442,
          "test_f1_mean": 0.6880887697768767,
          "test_f1_std": 0.08562575822142941,
          "test_kappa_mean": 0.5645833333333334,
          "test_kappa_std": 0.11104484500569657,
          "confusion_matrix": [
            [
              39.16666666666665,
              8.333333333333334,
              52.5
            ],
            [
              4.999999999999999,
              79.16666666666669,
              15.833333333333334
            ],
            [
              4.999999999999998,
              0.41666666666666663,
              94.58333333333334
            ]
          ]
        },
        {
          "participant": "3238",
          "train_size": 2,
          "n_seeds": 20,
          "n_train_samples_mean": 6.0,
          "n_test_samples_mean": 36.0,
          "test_acc_mean": 0.44027777777777777,
          "test_acc_std": 0.07225314227907863,
          "test_bal_acc_mean": 0.44027777777777777,
          "test_bal_acc_std": 0.07225314227907863,
          "test_f1_mean": 0.3934812496910859,
          "test_f1_std": 0.08247422445154697,
          "test_kappa_mean": 0.16041666666666668,
          "test_kappa_std": 0.10837971341861796,
          "confusion_matrix": [
            [
              20.416666666666664,
              27.083333333333332,
              52.499999999999986
            ],
            [
              22.083333333333332,
              38.75000000000001,
              39.166666666666664
            ],
            [
              3.3333333333333335,
              23.749999999999996,
              72.91666666666667
            ]
          ]
        },
        {
          "participant": "3239",
          "train_size": 2,
          "n_seeds": 20,
          "n_train_samples_mean": 6.0,
          "n_test_samples_mean": 32.0,
          "test_acc_mean": 0.60625,
          "test_acc_std": 0.10749081968144757,
          "test_bal_acc_mean": 0.5993055555555555,
          "test_bal_acc_std": 0.11168301282704571,
          "test_f1_mean": 0.5765406937968339,
          "test_f1_std": 0.12934485051207906,
          "test_kappa_mean": 0.4004175909909665,
          "test_kappa_std": 0.16532156136179224,
          "confusion_matrix": [
            [
              54.166666666666664,
              22.5,
              23.333333333333332
            ],
            [
              19.166666666666664,
              71.25,
              9.583333333333336
            ],
            [
              43.75,
              1.875,
              54.375
            ]
          ]
        },
        {
          "participant": "3240",
          "train_size": 2,
          "n_seeds": 20,
          "n_train_samples_mean": 6.0,
          "n_test_samples_mean": 36.0,
          "test_acc_mean": 0.726388888888889,
          "test_acc_std": 0.11515837894706317,
          "test_bal_acc_mean": 0.726388888888889,
          "test_bal_acc_std": 0.11515837894706317,
          "test_f1_mean": 0.6947501829992715,
          "test_f1_std": 0.14572129973884307,
          "test_kappa_mean": 0.5895833333333333,
          "test_kappa_std": 0.17273756842059473,
          "confusion_matrix": [
            [
              82.49999999999999,
              2.9166666666666665,
              14.583333333333334
            ],
            [
              7.499999999999998,
              87.91666666666666,
              4.583333333333331
            ],
            [
              35.416666666666664,
              17.083333333333336,
              47.49999999999999
            ]
          ]
        },
        {
          "participant": "3241",
          "train_size": 2,
          "n_seeds": 20,
          "n_train_samples_mean": 6.0,
          "n_test_samples_mean": 36.0,
          "test_acc_mean": 0.6194444444444446,
          "test_acc_std": 0.07044599404276415,
          "test_bal_acc_mean": 0.6194444444444445,
          "test_bal_acc_std": 0.07044599404276418,
          "test_f1_mean": 0.5989625616542248,
          "test_f1_std": 0.09074530119258312,
          "test_kappa_mean": 0.4291666666666667,
          "test_kappa_std": 0.10566899106414625,
          "confusion_matrix": [
            [
              42.083333333333336,
              28.749999999999993,
              29.166666666666664
            ],
            [
              11.250000000000002,
              80.83333333333334,
              7.916666666666666
            ],
            [
              26.25,
              10.833333333333332,
              62.916666666666664
            ]
          ]
        },
        {
          "participant": "3242",
          "train_size": 2,
          "n_seeds": 20,
          "n_train_samples_mean": 6.0,
          "n_test_samples_mean": 36.0,
          "test_acc_mean": 0.8194444444444444,
          "test_acc_std": 0.07567113622577505,
          "test_bal_acc_mean": 0.8194444444444443,
          "test_bal_acc_std": 0.07567113622577502,
          "test_f1_mean": 0.8048135129550957,
          "test_f1_std": 0.09848210644144205,
          "test_kappa_mean": 0.7291666666666666,
          "test_kappa_std": 0.11350670433866256,
          "confusion_matrix": [
            [
              88.33333333333333,
              11.666666666666664,
              0.0
            ],
            [
              21.666666666666664,
              68.74999999999999,
              9.583333333333332
            ],
            [
              0.8333333333333333,
              10.416666666666668,
              88.75000000000001
            ]
          ]
        },
        {
          "participant": "3243",
          "train_size": 2,
          "n_seeds": 20,
          "n_train_samples_mean": 6.0,
          "n_test_samples_mean": 36.0,
          "test_acc_mean": 0.6430555555555556,
          "test_acc_std": 0.08515313194734439,
          "test_bal_acc_mean": 0.6430555555555556,
          "test_bal_acc_std": 0.08515313194734439,
          "test_f1_mean": 0.612377061172299,
          "test_f1_std": 0.08896722950804649,
          "test_kappa_mean": 0.4645833333333334,
          "test_kappa_std": 0.1277296979210166,
          "confusion_matrix": [
            [
              84.58333333333334,
              5.0,
              10.416666666666668
            ],
            [
              3.333333333333333,
              80.0,
              16.666666666666664
            ],
            [
              25.0,
              46.666666666666664,
              28.333333333333336
            ]
          ]
        },
        {
          "participant": "3244",
          "train_size": 2,
          "n_seeds": 20,
          "n_train_samples_mean": 6.0,
          "n_test_samples_mean": 36.0,
          "test_acc_mean": 0.6736111111111109,
          "test_acc_std": 0.058319407973064896,
          "test_bal_acc_mean": 0.6736111111111109,
          "test_bal_acc_std": 0.05831940797306489,
          "test_f1_mean": 0.5863452230013004,
          "test_f1_std": 0.09289460631538371,
          "test_kappa_mean": 0.5104166666666666,
          "test_kappa_std": 0.08747911195959733,
          "confusion_matrix": [
            [
              92.5,
              0.41666666666666663,
              7.083333333333333
            ],
            [
              2.083333333333333,
              97.50000000000001,
              0.41666666666666663
            ],
            [
              60.83333333333333,
              27.083333333333332,
              12.083333333333332
            ]
          ]
        },
        {
          "participant": "3245",
          "train_size": 2,
          "n_seeds": 20,
          "n_train_samples_mean": 6.0,
          "n_test_samples_mean": 36.0,
          "test_acc_mean": 0.6513888888888888,
          "test_acc_std": 0.11055232297134227,
          "test_bal_acc_mean": 0.6513888888888888,
          "test_bal_acc_std": 0.11055232297134224,
          "test_f1_mean": 0.6068340042709989,
          "test_f1_std": 0.12701938153432452,
          "test_kappa_mean": 0.4770833333333334,
          "test_kappa_std": 0.1658284844570134,
          "confusion_matrix": [
            [
              69.58333333333333,
              23.333333333333336,
              7.083333333333331
            ],
            [
              4.583333333333333,
              95.41666666666666,
              0.0
            ],
            [
              33.75,
              35.833333333333336,
              30.416666666666668
            ]
          ]
        },
        {
          "participant": "3246",
          "train_size": 2,
          "n_seeds": 20,
          "n_train_samples_mean": 6.0,
          "n_test_samples_mean": 36.0,
          "test_acc_mean": 0.5305555555555557,
          "test_acc_std": 0.06916610887771518,
          "test_bal_acc_mean": 0.5305555555555557,
          "test_bal_acc_std": 0.06916610887771517,
          "test_f1_mean": 0.454588388237276,
          "test_f1_std": 0.07343357127161518,
          "test_kappa_mean": 0.29583333333333334,
          "test_kappa_std": 0.10374916331657277,
          "confusion_matrix": [
            [
              50.83333333333333,
              43.75,
              5.416666666666666
            ],
            [
              0.0,
              100.0,
              0.0
            ],
            [
              27.083333333333336,
              64.58333333333334,
              8.333333333333332
            ]
          ]
        },
        {
          "participant": "3247",
          "train_size": 2,
          "n_seeds": 20,
          "n_train_samples_mean": 6.0,
          "n_test_samples_mean": 36.0,
          "test_acc_mean": 0.5847222222222221,
          "test_acc_std": 0.14739314804619702,
          "test_bal_acc_mean": 0.5847222222222223,
          "test_bal_acc_std": 0.14739314804619708,
          "test_f1_mean": 0.5634788850104812,
          "test_f1_std": 0.1770271305599827,
          "test_kappa_mean": 0.3770833333333333,
          "test_kappa_std": 0.22108972206929556,
          "confusion_matrix": [
            [
              60.416666666666664,
              39.16666666666667,
              0.41666666666666663
            ],
            [
              2.4999999999999996,
              63.333333333333336,
              34.166666666666664
            ],
            [
              0.0,
              48.333333333333336,
              51.666666666666664
            ]
          ]
        },
        {
          "participant": "3248",
          "train_size": 2,
          "n_seeds": 20,
          "n_train_samples_mean": 6.0,
          "n_test_samples_mean": 36.0,
          "test_acc_mean": 0.6472222222222223,
          "test_acc_std": 0.0864899232431853,
          "test_bal_acc_mean": 0.6472222222222223,
          "test_bal_acc_std": 0.08648992324318527,
          "test_f1_mean": 0.6216600399270955,
          "test_f1_std": 0.10250912040094151,
          "test_kappa_mean": 0.4708333333333334,
          "test_kappa_std": 0.129734884864778,
          "confusion_matrix": [
            [
              73.75,
              13.75,
              12.5
            ],
            [
              8.75,
              75.83333333333334,
              15.416666666666668
            ],
            [
              16.25,
              39.16666666666667,
              44.58333333333333
            ]
          ]
        },
        {
          "participant": "3249",
          "train_size": 2,
          "n_seeds": 20,
          "n_train_samples_mean": 6.0,
          "n_test_samples_mean": 36.0,
          "test_acc_mean": 0.7097222222222221,
          "test_acc_std": 0.12887117996914857,
          "test_bal_acc_mean": 0.7097222222222221,
          "test_bal_acc_std": 0.12887117996914857,
          "test_f1_mean": 0.6843900583639296,
          "test_f1_std": 0.1566071371883066,
          "test_kappa_mean": 0.5645833333333333,
          "test_kappa_std": 0.19330676995372287,
          "confusion_matrix": [
            [
              91.66666666666666,
              2.499999999999999,
              5.833333333333333
            ],
            [
              19.166666666666668,
              71.25000000000001,
              9.583333333333334
            ],
            [
              22.083333333333332,
              27.916666666666664,
              50.00000000000001
            ]
          ]
        },
        {
          "participant": "3250",
          "train_size": 2,
          "n_seeds": 20,
          "n_train_samples_mean": 6.0,
          "n_test_samples_mean": 36.0,
          "test_acc_mean": 0.586111111111111,
          "test_acc_std": 0.0748075286437159,
          "test_bal_acc_mean": 0.586111111111111,
          "test_bal_acc_std": 0.07480752864371591,
          "test_f1_mean": 0.5403716063299547,
          "test_f1_std": 0.10171774961847935,
          "test_kappa_mean": 0.37916666666666665,
