{
  "name": "pose",
  "config": {
    "n_seeds": 20,
    "feature_selection": "backward",
    "use_pose_derivatives": true,
    "use_time_features": false,
    "include_order": false,
    "normalize_features": true,
    "class_config": "all",
    "use_pca": false,
    "pca_variance": 0.9,
    "write_cm": true,
    "tune_hyperparameters": false,
    "tune_n_iter": 30,
    "tune_cv_folds": 5,
    "name": "pose",
    "feature_groups": [
      "pose"
    ],
    "split_strategy": "participant_specific",
    "sampling_strategy": "temporal_stratified"
  },
  "sampling_strategy": "temporal_stratified",
  "n_seeds": 20,
  "learning_curve": [
    {
      "aggregated": {
        "train_size": 2,
        "n_participants": 45,
        "n_seeds": 20,
        "test_acc_mean": 0.6117824074074074,
        "test_acc_std": 0.13761562038943234,
        "test_bal_acc_mean": 0.6123148148148149,
        "test_bal_acc_std": 0.13730587766153363,
        "test_f1_mean": 0.5726688626725316,
        "test_f1_std": 0.15722356518126135,
        "test_kappa_mean": 0.41803263613128905,
        "test_kappa_std": 0.2061974667152264,
        "confusion_matrix": [
          [
            63.34259259259261,
            19.564814814814813,
            17.09259259259259
          ],
          [
            16.555555555555557,
            66.73148148148148,
            16.712962962962962
          ],
          [
            21.888888888888896,
            24.49074074074074,
            53.620370370370374
          ]
        ]
      },
      "per_participant": [
        {
          "participant": "3105",
          "train_size": 2,
          "n_seeds": 20,
          "n_train_samples_mean": 6.0,
          "n_test_samples_mean": 36.0,
          "test_acc_mean": 0.7944444444444444,
          "test_acc_std": 0.08131073728235964,
          "test_bal_acc_mean": 0.7944444444444444,
          "test_bal_acc_std": 0.0813107372823596,
          "test_f1_mean": 0.7729470275743775,
          "test_f1_std": 0.10343870473529253,
          "test_kappa_mean": 0.6916666666666667,
          "test_kappa_std": 0.12196610592353946,
          "confusion_matrix": [
            [
              100.0,
              0.0,
              0.0
            ],
            [
              3.333333333333333,
              55.833333333333336,
              40.83333333333333
            ],
            [
              3.3333333333333335,
              14.166666666666666,
              82.50000000000001
            ]
          ]
        },
        {
          "participant": "3206",
          "train_size": 2,
          "n_seeds": 20,
          "n_train_samples_mean": 6.0,
          "n_test_samples_mean": 36.0,
          "test_acc_mean": 0.29166666666666663,
          "test_acc_std": 0.06530032583078156,
          "test_bal_acc_mean": 0.29166666666666663,
          "test_bal_acc_std": 0.06530032583078156,
          "test_f1_mean": 0.23076179600528435,
          "test_f1_std": 0.05971682732288249,
          "test_kappa_mean": -0.0625,
          "test_kappa_std": 0.09795048874617235,
          "confusion_matrix": [
            [
              62.916666666666664,
              10.0,
              27.083333333333332
            ],
            [
              94.58333333333334,
              2.9166666666666656,
              2.499999999999999
            ],
            [
              77.5,
              0.8333333333333333,
              21.666666666666664
            ]
          ]
        },
        {
          "participant": "3207",
          "train_size": 2,
          "n_seeds": 20,
          "n_train_samples_mean": 6.0,
          "n_test_samples_mean": 36.0,
          "test_acc_mean": 0.41527777777777775,
          "test_acc_std": 0.055170448861236905,
          "test_bal_acc_mean": 0.41527777777777775,
          "test_bal_acc_std": 0.05517044886123691,
          "test_f1_mean": 0.3744765920063566,
          "test_f1_std": 0.06925128388409209,
          "test_kappa_mean": 0.12291666666666667,
          "test_kappa_std": 0.08275567329185538,
          "confusion_matrix": [
            [
              6.666666666666664,
              93.33333333333334,
              0.0
            ],
            [
              16.666666666666664,
              81.66666666666666,
              1.6666666666666665
            ],
            [
              42.5,
              21.25,
              36.25
            ]
          ]
        },
        {
          "participant": "3208",
          "train_size": 2,
          "n_seeds": 20,
          "n_train_samples_mean": 6.0,
          "n_test_samples_mean": 36.0,
          "test_acc_mean": 0.6722222222222223,
          "test_acc_std": 0.08948992705067293,
          "test_bal_acc_mean": 0.6722222222222223,
          "test_bal_acc_std": 0.08948992705067292,
          "test_f1_mean": 0.6522281812205016,
          "test_f1_std": 0.1076171924538024,
          "test_kappa_mean": 0.5083333333333333,
          "test_kappa_std": 0.13423489057600937,
          "confusion_matrix": [
            [
              58.333333333333336,
              15.833333333333334,
              25.833333333333332
            ],
            [
              19.166666666666664,
              75.83333333333333,
              4.999999999999999
            ],
            [
              25.833333333333332,
              6.666666666666666,
              67.50000000000001
            ]
          ]
        },
        {
          "participant": "3209",
          "train_size": 2,
          "n_seeds": 20,
          "n_train_samples_mean": 6.0,
          "n_test_samples_mean": 36.0,
          "test_acc_mean": 0.625,
          "test_acc_std": 0.08620773677079278,
          "test_bal_acc_mean": 0.625,
          "test_bal_acc_std": 0.0862077367707928,
          "test_f1_mean": 0.5958181302835948,
          "test_f1_std": 0.10253227720571698,
          "test_kappa_mean": 0.4375,
          "test_kappa_std": 0.1293116051561892,
          "confusion_matrix": [
            [
              97.08333333333334,
              2.9166666666666656,
              0.0
            ],
            [
              44.16666666666666,
              55.833333333333336,
              0.0
            ],
            [
              47.08333333333333,
              18.333333333333332,
              34.58333333333333
            ]
          ]
        },
        {
          "participant": "3210",
          "train_size": 2,
          "n_seeds": 20,
          "n_train_samples_mean": 6.0,
          "n_test_samples_mean": 36.0,
          "test_acc_mean": 0.8777777777777777,
          "test_acc_std": 0.14289542789690704,
          "test_bal_acc_mean": 0.8777777777777777,
          "test_bal_acc_std": 0.14289542789690704,
          "test_f1_mean": 0.8688976242724096,
          "test_f1_std": 0.1589367497282081,
          "test_kappa_mean": 0.8166666666666668,
          "test_kappa_std": 0.21434314184536055,
          "confusion_matrix": [
            [
              85.0,
              15.0,
              0.0
            ],
            [
              0.0,
              100.0,
              0.0
            ],
            [
              8.75,
              12.916666666666668,
              78.33333333333334
            ]
          ]
        },
        {
          "participant": "3211",
          "train_size": 2,
          "n_seeds": 20,
          "n_train_samples_mean": 6.0,
          "n_test_samples_mean": 36.0,
          "test_acc_mean": 0.4208333333333334,
          "test_acc_std": 0.09420980484766274,
          "test_bal_acc_mean": 0.4208333333333334,
          "test_bal_acc_std": 0.09420980484766273,
          "test_f1_mean": 0.32333431951911584,
          "test_f1_std": 0.11062757406583137,
          "test_kappa_mean": 0.13125,
          "test_kappa_std": 0.14131470727149412,
          "confusion_matrix": [
            [
              42.08333333333333,
              57.91666666666667,
              0.0
            ],
            [
              12.916666666666666,
              83.75,
              3.333333333333333
            ],
            [
              0.0,
              99.58333333333333,
              0.41666666666666663
            ]
          ]
        },
        {
          "participant": "3213",
          "train_size": 2,
          "n_seeds": 20,
          "n_train_samples_mean": 6.0,
          "n_test_samples_mean": 36.0,
          "test_acc_mean": 0.5694444444444445,
          "test_acc_std": 0.06653251609931435,
          "test_bal_acc_mean": 0.5694444444444444,
          "test_bal_acc_std": 0.06653251609931435,
          "test_f1_mean": 0.5389113634831092,
          "test_f1_std": 0.08502446365182055,
          "test_kappa_mean": 0.35416666666666663,
          "test_kappa_std": 0.09979877414897154,
          "confusion_matrix": [
            [
              39.16666666666667,
              32.916666666666664,
              27.916666666666664
            ],
            [
              3.333333333333333,
              39.58333333333333,
              57.083333333333336
            ],
            [
              0.41666666666666663,
              7.499999999999998,
              92.08333333333334
            ]
          ]
        },
        {
          "participant": "3214",
          "train_size": 2,
          "n_seeds": 20,
          "n_train_samples_mean": 6.0,
          "n_test_samples_mean": 36.0,
          "test_acc_mean": 0.6125,
          "test_acc_std": 0.08429031409380609,
          "test_bal_acc_mean": 0.6125,
          "test_bal_acc_std": 0.0842903140938061,
          "test_f1_mean": 0.6032068524157508,
          "test_f1_std": 0.09287204771671757,
          "test_kappa_mean": 0.41875,
          "test_kappa_std": 0.12643547114070913,
          "confusion_matrix": [
            [
              72.91666666666666,
              9.166666666666668,
              17.916666666666664
            ],
            [
              0.8333333333333333,
              67.91666666666669,
              31.25000000000001
            ],
            [
              0.0,
              57.083333333333336,
              42.91666666666667
            ]
          ]
        },
        {
          "participant": "3215",
          "train_size": 2,
          "n_seeds": 20,
          "n_train_samples_mean": 6.0,
          "n_test_samples_mean": 36.0,
          "test_acc_mean": 0.44861111111111124,
          "test_acc_std": 0.09759743802493916,
          "test_bal_acc_mean": 0.44861111111111124,
          "test_bal_acc_std": 0.09759743802493918,
          "test_f1_mean": 0.33448487711635927,
          "test_f1_std": 0.1255549010810704,
          "test_kappa_mean": 0.17291666666666666,
          "test_kappa_std": 0.14639615703740871,
          "confusion_matrix": [
            [
              95.00000000000001,
              0.0,
              5.0
            ],
            [
              83.75,
              2.083333333333333,
              14.166666666666663
            ],
            [
              62.5,
              0.0,
              37.5
            ]
          ]
        },
        {
          "participant": "3216",
          "train_size": 2,
          "n_seeds": 20,
          "n_train_samples_mean": 6.0,
          "n_test_samples_mean": 36.0,
          "test_acc_mean": 0.6111111111111112,
          "test_acc_std": 0.06622661785325218,
          "test_bal_acc_mean": 0.6111111111111112,
          "test_bal_acc_std": 0.06622661785325219,
          "test_f1_mean": 0.5546685700395765,
          "test_f1_std": 0.08129629925284093,
          "test_kappa_mean": 0.4166666666666667,
          "test_kappa_std": 0.0993399267798783,
          "confusion_matrix": [
            [
              92.91666666666666,
              3.749999999999999,
              3.333333333333332
            ],
            [
              4.999999999999998,
              77.49999999999999,
              17.5
            ],
            [
              20.0,
              67.08333333333333,
              12.916666666666666
            ]
          ]
        },
        {
          "participant": "3217",
          "train_size": 2,
          "n_seeds": 20,
          "n_train_samples_mean": 6.0,
          "n_test_samples_mean": 36.0,
          "test_acc_mean": 0.798611111111111,
          "test_acc_std": 0.059695866617614904,
          "test_bal_acc_mean": 0.798611111111111,
          "test_bal_acc_std": 0.059695866617614904,
          "test_f1_mean": 0.7966090744893266,
          "test_f1_std": 0.06030489666021289,
          "test_kappa_mean": 0.6979166666666667,
          "test_kappa_std": 0.08954379992642236,
          "confusion_matrix": [
            [
              82.91666666666669,
              13.333333333333332,
              3.7499999999999987
            ],
            [
              9.166666666666666,
              70.41666666666666,
              20.416666666666664
            ],
            [
              0.0,
              13.749999999999996,
              86.25
            ]
          ]
        },
        {
          "participant": "3218",
          "train_size": 2,
          "n_seeds": 20,
          "n_train_samples_mean": 6.0,
          "n_test_samples_mean": 36.0,
          "test_acc_mean": 0.6611111111111111,
          "test_acc_std": 0.11385500851066221,
          "test_bal_acc_mean": 0.6611111111111112,
          "test_bal_acc_std": 0.11385500851066223,
          "test_f1_mean": 0.6281122272119666,
          "test_f1_std": 0.14130977652104276,
          "test_kappa_mean": 0.4916666666666667,
          "test_kappa_std": 0.17078251276599332,
          "confusion_matrix": [
            [
              92.08333333333333,
              7.916666666666666,
              0.0
            ],
            [
              30.416666666666675,
              68.75,
              0.8333333333333333
            ],
            [
              16.666666666666664,
              45.833333333333336,
              37.49999999999999
            ]
          ]
        },
        {
          "participant": "3219",
          "train_size": 2,
          "n_seeds": 20,
          "n_train_samples_mean": 6.0,
          "n_test_samples_mean": 36.0,
          "test_acc_mean": 0.4263888888888888,
          "test_acc_std": 0.059967367127529675,
          "test_bal_acc_mean": 0.4263888888888888,
          "test_bal_acc_std": 0.059967367127529675,
          "test_f1_mean": 0.3932337460153059,
          "test_f1_std": 0.07399454542787554,
          "test_kappa_mean": 0.1395833333333333,
          "test_kappa_std": 0.08995105069129453,
          "confusion_matrix": [
            [
              48.33333333333333,
              50.83333333333334,
              0.8333333333333333
            ],
            [
              30.833333333333332,
              57.500000000000014,
              11.666666666666668
            ],
            [
              58.333333333333336,
              19.583333333333332,
              22.083333333333336
            ]
          ]
        },
        {
          "participant": "3220",
          "train_size": 2,
          "n_seeds": 20,
          "n_train_samples_mean": 6.0,
          "n_test_samples_mean": 36.0,
          "test_acc_mean": 0.5916666666666667,
          "test_acc_std": 0.1178855845561019,
          "test_bal_acc_mean": 0.5916666666666667,
          "test_bal_acc_std": 0.1178855845561019,
          "test_f1_mean": 0.5334387702223392,
          "test_f1_std": 0.14981339321294954,
          "test_kappa_mean": 0.3875,
          "test_kappa_std": 0.17682837683415287,
          "confusion_matrix": [
            [
              19.999999999999993,
              72.91666666666667,
              7.083333333333333
            ],
            [
              0.0,
              100.0,
              0.0
            ],
            [
              3.7499999999999987,
              38.75,
              57.499999999999986
            ]
          ]
        },
        {
          "participant": "3221",
          "train_size": 2,
          "n_seeds": 20,
          "n_train_samples_mean": 6.0,
          "n_test_samples_mean": 36.0,
          "test_acc_mean": 0.5680555555555555,
          "test_acc_std": 0.081348187535646,
          "test_bal_acc_mean": 0.5680555555555555,
          "test_bal_acc_std": 0.08134818753564602,
          "test_f1_mean": 0.48038029446931524,
          "test_f1_std": 0.08736821082183208,
          "test_kappa_mean": 0.3520833333333334,
          "test_kappa_std": 0.12202228130346901,
          "confusion_matrix": [
            [
              62.91666666666667,
              35.00000000000001,
              2.083333333333333
            ],
            [
              1.6666666666666665,
              98.33333333333333,
              0.0
            ],
            [
              49.16666666666667,
              41.66666666666666,
              9.166666666666664
            ]
          ]
        },
        {
          "participant": "3222",
          "train_size": 2,
          "n_seeds": 20,
          "n_train_samples_mean": 6.0,
          "n_test_samples_mean": 36.0,
          "test_acc_mean": 0.5833333333333335,
          "test_acc_std": 0.06922479884065329,
          "test_bal_acc_mean": 0.5833333333333335,
          "test_bal_acc_std": 0.06922479884065329,
          "test_f1_mean": 0.5352167048175732,
          "test_f1_std": 0.07876647672883368,
          "test_kappa_mean": 0.375,
          "test_kappa_std": 0.10383719826097994,
          "confusion_matrix": [
            [
              20.416666666666668,
              24.583333333333332,
              55.0
            ],
            [
              0.0,
              71.66666666666666,
              28.333333333333332
            ],
            [
              4.999999999999998,
              12.083333333333332,
              82.91666666666666
            ]
          ]
        },
        {
          "participant": "3223",
          "train_size": 2,
          "n_seeds": 20,
          "n_train_samples_mean": 6.0,
          "n_test_samples_mean": 36.0,
          "test_acc_mean": 0.37083333333333335,
          "test_acc_std": 0.05996736712752967,
          "test_bal_acc_mean": 0.3708333333333334,
          "test_bal_acc_std": 0.05996736712752969,
          "test_f1_mean": 0.32642657726504726,
          "test_f1_std": 0.06665123460072221,
          "test_kappa_mean": 0.05624999999999998,
          "test_kappa_std": 0.08995105069129454,
          "confusion_matrix": [
            [
              30.000000000000007,
              25.000000000000007,
              45.00000000000001
            ],
            [
              16.66666666666667,
              58.75,
              24.583333333333332
            ],
            [
              30.0,
              47.5,
              22.499999999999996
            ]
          ]
        },
        {
          "participant": "3224",
          "train_size": 2,
          "n_seeds": 20,
          "n_train_samples_mean": 6.0,
          "n_test_samples_mean": 36.0,
          "test_acc_mean": 0.7430555555555556,
          "test_acc_std": 0.08104810097630202,
          "test_bal_acc_mean": 0.7430555555555557,
          "test_bal_acc_std": 0.081048100976302,
          "test_f1_mean": 0.7385622620329203,
          "test_f1_std": 0.08846539639564237,
          "test_kappa_mean": 0.6145833333333334,
          "test_kappa_std": 0.12157215146445301,
          "confusion_matrix": [
            [
              75.83333333333334,
              5.833333333333332,
              18.333333333333332
            ],
            [
              20.000000000000004,
              66.24999999999997,
              13.750000000000004
            ],
            [
              15.416666666666663,
              3.749999999999999,
              80.83333333333333
            ]
          ]
        },
        {
          "participant": "3225",
          "train_size": 2,
          "n_seeds": 20,
          "n_train_samples_mean": 6.0,
          "n_test_samples_mean": 36.0,
          "test_acc_mean": 0.5944444444444444,
          "test_acc_std": 0.10011364562478933,
          "test_bal_acc_mean": 0.5944444444444444,
          "test_bal_acc_std": 0.10011364562478933,
          "test_f1_mean": 0.576594354566504,
          "test_f1_std": 0.08998089602657423,
          "test_kappa_mean": 0.3916666666666667,
          "test_kappa_std": 0.15017046843718398,
          "confusion_matrix": [
            [
              92.5,
              5.833333333333333,
              1.6666666666666665
            ],
            [
              11.666666666666668,
              35.0,
              53.333333333333336
            ],
            [
              0.0,
              49.166666666666664,
              50.83333333333333
            ]
          ]
        },
        {
          "participant": "3226",
          "train_size": 2,
          "n_seeds": 20,
          "n_train_samples_mean": 6.0,
          "n_test_samples_mean": 36.0,
          "test_acc_mean": 0.5986111111111112,
          "test_acc_std": 0.09557926742381714,
          "test_bal_acc_mean": 0.5986111111111112,
          "test_bal_acc_std": 0.09557926742381719,
          "test_f1_mean": 0.559017740739247,
          "test_f1_std": 0.09969274544634653,
          "test_kappa_mean": 0.39791666666666664,
          "test_kappa_std": 0.14336890113572573,
          "confusion_matrix": [
            [
              87.91666666666666,
              11.249999999999998,
              0.8333333333333333
            ],
            [
              61.25,
              34.16666666666667,
              4.583333333333333
            ],
            [
              15.416666666666666,
              27.083333333333332,
              57.5
            ]
          ]
        },
        {
          "participant": "3227",
          "train_size": 2,
          "n_seeds": 20,
          "n_train_samples_mean": 6.0,
          "n_test_samples_mean": 36.0,
          "test_acc_mean": 0.5027777777777779,
          "test_acc_std": 0.08205649490488474,
          "test_bal_acc_mean": 0.5027777777777779,
          "test_bal_acc_std": 0.08205649490488474,
          "test_f1_mean": 0.43688502648967276,
          "test_f1_std": 0.10158850326920615,
          "test_kappa_mean": 0.2541666666666667,
          "test_kappa_std": 0.1230847423573271,
          "confusion_matrix": [
            [
              27.5,
              70.41666666666667,
              2.083333333333333
            ],
            [
              5.833333333333331,
              23.333333333333332,
              70.83333333333333
            ],
            [
              0.0,
              0.0,
              100.0
            ]
          ]
        },
        {
          "participant": "3228",
          "train_size": 2,
          "n_seeds": 20,
          "n_train_samples_mean": 6.0,
          "n_test_samples_mean": 36.0,
          "test_acc_mean": 0.7972222222222223,
          "test_acc_std": 0.09106438682113065,
          "test_bal_acc_mean": 0.7972222222222223,
          "test_bal_acc_std": 0.09106438682113065,
          "test_f1_mean": 0.7846947098065398,
          "test_f1_std": 0.10532616453531574,
          "test_kappa_mean": 0.6958333333333333,
          "test_kappa_std": 0.13659658023169596,
          "confusion_matrix": [
            [
              65.00000000000001,
              34.99999999999999,
              0.0
            ],
            [
              9.583333333333332,
              78.75,
              11.666666666666668
            ],
            [
              0.0,
              4.583333333333333,
              95.41666666666666
            ]
          ]
        },
        {
          "participant": "3229",
          "train_size": 2,
          "n_seeds": 20,
          "n_train_samples_mean": 6.0,
          "n_test_samples_mean": 36.0,
          "test_acc_mean": 0.40555555555555556,
          "test_acc_std": 0.050501063106817644,
          "test_bal_acc_mean": 0.40555555555555556,
          "test_bal_acc_std": 0.050501063106817644,
          "test_f1_mean": 0.35626240256569786,
          "test_f1_std": 0.04989605228551323,
          "test_kappa_mean": 0.10833333333333335,
          "test_kappa_std": 0.07575159466022648,
          "confusion_matrix": [
            [
              17.916666666666664,
              22.5,
              59.583333333333336
            ],
            [
              45.833333333333336,
              30.833333333333336,
              23.33333333333333
            ],
            [
              23.33333333333333,
              3.749999999999999,
              72.91666666666666
            ]
          ]
        },
        {
          "participant": "3230",
          "train_size": 2,
          "n_seeds": 20,
          "n_train_samples_mean": 6.0,
          "n_test_samples_mean": 36.0,
          "test_acc_mean": 0.5249999999999999,
          "test_acc_std": 0.1038958467820418,
          "test_bal_acc_mean": 0.5249999999999999,
          "test_bal_acc_std": 0.10389584678204178,
          "test_f1_mean": 0.46235511774221677,
          "test_f1_std": 0.12744427371648323,
          "test_kappa_mean": 0.2875,
          "test_kappa_std": 0.1558437701730627,
          "confusion_matrix": [
            [
              20.416666666666664,
              24.999999999999996,
              54.58333333333335
            ],
            [
              10.0,
              78.33333333333334,
              11.666666666666666
            ],
            [
              8.333333333333332,
              32.91666666666666,
              58.75
            ]
          ]
        },
        {
          "participant": "3231",
          "train_size": 2,
          "n_seeds": 20,
          "n_train_samples_mean": 6.0,
          "n_test_samples_mean": 36.0,
          "test_acc_mean": 0.6097222222222223,
          "test_acc_std": 0.11128458680005628,
          "test_bal_acc_mean": 0.6097222222222222,
          "test_bal_acc_std": 0.11128458680005626,
          "test_f1_mean": 0.5999191505473893,
          "test_f1_std": 0.11639249373194935,
          "test_kappa_mean": 0.4145833333333334,
          "test_kappa_std": 0.16692688020008442,
          "confusion_matrix": [
            [
              40.83333333333333,
              4.166666666666666,
              55.0
            ],
            [
              6.666666666666667,
              74.58333333333333,
              18.749999999999996
            ],
            [
              32.08333333333333,
              0.41666666666666663,
              67.49999999999999
            ]
          ]
        },
        {
          "participant": "3232",
          "train_size": 2,
          "n_seeds": 20,
          "n_train_samples_mean": 6.0,
          "n_test_samples_mean": 36.0,
          "test_acc_mean": 0.7555555555555556,
          "test_acc_std": 0.1156246981626814,
          "test_bal_acc_mean": 0.7555555555555556,
          "test_bal_acc_std": 0.11562469816268142,
          "test_f1_mean": 0.7226640850154371,
          "test_f1_std": 0.1426444538403349,
          "test_kappa_mean": 0.6333333333333333,
          "test_kappa_std": 0.17343704724402204,
          "confusion_matrix": [
            [
              57.500000000000014,
              18.749999999999993,
              23.749999999999993
            ],
            [
              7.916666666666666,
              88.75000000000001,
              3.333333333333333
            ],
            [
              19.583333333333332,
              0.0,
              80.41666666666667
            ]
          ]
        },
        {
          "participant": "3233",
          "train_size": 2,
          "n_seeds": 20,
          "n_train_samples_mean": 6.0,
          "n_test_samples_mean": 36.0,
          "test_acc_mean": 0.7375,
          "test_acc_std": 0.11487591124233003,
          "test_bal_acc_mean": 0.7374999999999999,
          "test_bal_acc_std": 0.11487591124233003,
          "test_f1_mean": 0.7273026078870874,
          "test_f1_std": 0.12489250458187202,
          "test_kappa_mean": 0.60625,
          "test_kappa_std": 0.17231386686349504,
          "confusion_matrix": [
            [
              70.41666666666667,
              15.416666666666663,
              14.166666666666666
            ],
            [
              0.0,
              92.08333333333333,
              7.916666666666666
            ],
            [
              0.0,
              41.25,
              58.749999999999986
            ]
          ]
        },
        {
          "participant": "3234",
          "train_size": 2,
          "n_seeds": 20,
          "n_train_samples_mean": 6.0,
          "n_test_samples_mean": 36.0,
          "test_acc_mean": 0.45,
          "test_acc_std": 0.09434979777657627,
          "test_bal_acc_mean": 0.45,
          "test_bal_acc_std": 0.09434979777657625,
          "test_f1_mean": 0.3391978103131194,
          "test_f1_std": 0.11904173415658253,
          "test_kappa_mean": 0.175,
          "test_kappa_std": 0.14152469666486436,
          "confusion_matrix": [
            [
              96.25000000000001,
              0.0,
              3.749999999999999
            ],
            [
              38.33333333333333,
              2.9166666666666665,
              58.749999999999986
            ],
            [
              63.333333333333336,
              0.8333333333333333,
              35.833333333333336
            ]
          ]
        },
        {
          "participant": "3235",
          "train_size": 2,
          "n_seeds": 20,
          "n_train_samples_mean": 6.0,
          "n_test_samples_mean": 36.0,
          "test_acc_mean": 0.7291666666666667,
          "test_acc_std": 0.05322219780487545,
          "test_bal_acc_mean": 0.7291666666666667,
          "test_bal_acc_std": 0.05322219780487544,
          "test_f1_mean": 0.7126660015900417,
          "test_f1_std": 0.0604401992918071,
          "test_kappa_mean": 0.59375,
          "test_kappa_std": 0.07983329670731311,
          "confusion_matrix": [
            [
              69.16666666666667,
              25.833333333333336,
              4.999999999999998
            ],
            [
              0.0,
              100.0,
              0.0
            ],
            [
              15.833333333333332,
              34.58333333333333,
              49.58333333333333
            ]
          ]
        },
        {
          "participant": "3236",
          "train_size": 2,
          "n_seeds": 20,
          "n_train_samples_mean": 6.0,
          "n_test_samples_mean": 36.0,
          "test_acc_mean": 0.6888888888888889,
          "test_acc_std": 0.06780221973246726,
          "test_bal_acc_mean": 0.6888888888888889,
          "test_bal_acc_std": 0.06780221973246728,
          "test_f1_mean": 0.6708828192843501,
          "test_f1_std": 0.0881337691243372,
          "test_kappa_mean": 0.5333333333333334,
          "test_kappa_std": 0.10170332959870088,
          "confusion_matrix": [
            [
              68.33333333333333,
              17.916666666666664,
              13.749999999999995
            ],
            [
              0.0,
              87.91666666666666,
              12.083333333333332
            ],
            [
              33.333333333333336,
              16.249999999999996,
              50.416666666666664
            ]
          ]
        },
        {
          "participant": "3237",
          "train_size": 2,
          "n_seeds": 20,
          "n_train_samples_mean": 6.0,
          "n_test_samples_mean": 36.0,
          "test_acc_mean": 0.6847222222222222,
          "test_acc_std": 0.07225314227907863,
          "test_bal_acc_mean": 0.6847222222222223,
          "test_bal_acc_std": 0.07225314227907863,
          "test_f1_mean": 0.6483341490820561,
          "test_f1_std": 0.08169949510013905,
          "test_kappa_mean": 0.5270833333333333,
          "test_kappa_std": 0.10837971341861793,
          "confusion_matrix": [
            [
              25.833333333333332,
              0.8333333333333333,
              73.33333333333334
            ],
            [
              6.666666666666666,
              82.91666666666666,
              10.416666666666668
            ],
            [
              3.333333333333333,
              0.0,
              96.66666666666667
            ]
          ]
        },
        {
          "participant": "3238",
          "train_size": 2,
          "n_seeds": 20,
          "n_train_samples_mean": 6.0,
          "n_test_samples_mean": 36.0,
          "test_acc_mean": 0.4555555555555556,
          "test_acc_std": 0.06523810540137776,
          "test_bal_acc_mean": 0.4555555555555556,
          "test_bal_acc_std": 0.06523810540137776,
          "test_f1_mean": 0.40192767486167325,
          "test_f1_std": 0.07495019342195383,
          "test_kappa_mean": 0.18333333333333332,
          "test_kappa_std": 0.09785715810206665,
          "confusion_matrix": [
            [
              30.0,
              19.583333333333336,
              50.41666666666668
            ],
            [
              36.66666666666667,
              28.333333333333336,
              35.0
            ],
            [
              3.749999999999999,
              17.916666666666664,
              78.33333333333333
            ]
          ]
        },
        {
          "participant": "3239",
          "train_size": 2,
          "n_seeds": 20,
          "n_train_samples_mean": 6.0,
          "n_test_samples_mean": 32.0,
          "test_acc_mean": 0.521875,
          "test_acc_std": 0.0929792881577171,
          "test_bal_acc_mean": 0.5458333333333335,
          "test_bal_acc_std": 0.09399402397604796,
          "test_f1_mean": 0.5052746034873465,
          "test_f1_std": 0.10813990897110391,
          "test_kappa_mean": 0.29896862590800555,
          "test_kappa_std": 0.13634853810126585,
          "confusion_matrix": [
            [
              47.916666666666664,
              5.833333333333333,
              46.25000000000001
            ],
            [
              31.25,
              42.08333333333333,
              26.666666666666664
            ],
            [
              26.25,
              0.0,
              73.75
            ]
          ]
        },
        {
          "participant": "3240",
          "train_size": 2,
          "n_seeds": 20,
          "n_train_samples_mean": 6.0,
          "n_test_samples_mean": 36.0,
          "test_acc_mean": 0.6319444444444444,
          "test_acc_std": 0.07640550058613622,
          "test_bal_acc_mean": 0.6319444444444444,
          "test_bal_acc_std": 0.07640550058613621,
          "test_f1_mean": 0.6123938769826921,
          "test_f1_std": 0.09336618467741872,
          "test_kappa_mean": 0.4479166666666667,
          "test_kappa_std": 0.11460825087920434,
          "confusion_matrix": [
            [
              83.33333333333334,
              3.75,
              12.916666666666666
            ],
            [
              22.499999999999996,
              71.25000000000001,
              6.249999999999998
            ],
            [
              63.75,
              1.2499999999999998,
              35.0
            ]
          ]
        },
        {
          "participant": "3241",
          "train_size": 2,
          "n_seeds": 20,
          "n_train_samples_mean": 6.0,
          "n_test_samples_mean": 36.0,
          "test_acc_mean": 0.5736111111111111,
          "test_acc_std": 0.1074979033296599,
          "test_bal_acc_mean": 0.5736111111111111,
          "test_bal_acc_std": 0.1074979033296599,
          "test_f1_mean": 0.5601623219468822,
          "test_f1_std": 0.12660860486951217,
          "test_kappa_mean": 0.3604166666666667,
          "test_kappa_std": 0.16124685499448985,
          "confusion_matrix": [
            [
              46.24999999999999,
              7.499999999999998,
              46.25000000000001
            ],
            [
              17.5,
              62.916666666666664,
              19.583333333333336
            ],
            [
              37.08333333333333,
              0.0,
              62.916666666666664
            ]
          ]
        },
        {
          "participant": "3242",
          "train_size": 2,
          "n_seeds": 20,
          "n_train_samples_mean": 6.0,
          "n_test_samples_mean": 36.0,
          "test_acc_mean": 0.8458333333333332,
          "test_acc_std": 0.07619259734933706,
          "test_bal_acc_mean": 0.8458333333333332,
          "test_bal_acc_std": 0.07619259734933706,
          "test_f1_mean": 0.8231044826793029,
          "test_f1_std": 0.10559621027606003,
          "test_kappa_mean": 0.76875,
          "test_kappa_std": 0.11428889602400562,
          "confusion_matrix": [
            [
              98.75,
              1.2499999999999998,
              0.0
            ],
            [
              24.166666666666664,
              55.833333333333336,
              19.999999999999996
            ],
            [
              0.0,
              0.8333333333333333,
              99.16666666666667
            ]
          ]
        },
        {
          "participant": "3243",
          "train_size": 2,
          "n_seeds": 20,
          "n_train_samples_mean": 6.0,
          "n_test_samples_mean": 36.0,
          "test_acc_mean": 0.8097222222222223,
          "test_acc_std": 0.04530866631964263,
          "test_bal_acc_mean": 0.8097222222222223,
          "test_bal_acc_std": 0.045308666319642636,
          "test_f1_mean": 0.7956394757823706,
          "test_f1_std": 0.05429167554630736,
          "test_kappa_mean": 0.7145833333333333,
          "test_kappa_std": 0.06796299947946392,
          "confusion_matrix": [
            [
              100.0,
              0.0,
              0.0
            ],
            [
              0.41666666666666663,
              90.0,
              9.583333333333332
            ],
            [
              7.499999999999998,
              39.58333333333333,
              52.91666666666667
            ]
          ]
        },
        {
          "participant": "3244",
          "train_size": 2,
          "n_seeds": 20,
          "n_train_samples_mean": 6.0,
          "n_test_samples_mean": 36.0,
          "test_acc_mean": 0.7041666666666666,
          "test_acc_std": 0.06261766052805309,
          "test_bal_acc_mean": 0.7041666666666666,
          "test_bal_acc_std": 0.06261766052805309,
          "test_f1_mean": 0.6286890932960455,
          "test_f1_std": 0.09971752616101486,
          "test_kappa_mean": 0.5562499999999999,
          "test_kappa_std": 0.09392649079207961,
          "confusion_matrix": [
            [
              93.33333333333331,
              1.2499999999999998,
              5.416666666666666
            ],
            [
              0.0,
              100.0,
              0.0
            ],
            [
              22.5,
              59.58333333333335,
              17.916666666666664
            ]
          ]
        },
        {
          "participant": "3245",
          "train_size": 2,
          "n_seeds": 20,
          "n_train_samples_mean": 6.0,
          "n_test_samples_mean": 36.0,
          "test_acc_mean": 0.5388888888888889,
          "test_acc_std": 0.0717596522657917,
          "test_bal_acc_mean": 0.5388888888888889,
          "test_bal_acc_std": 0.07175965226579169,
          "test_f1_mean": 0.44536606798960676,
          "test_f1_std": 0.0768062198633484,
          "test_kappa_mean": 0.3083333333333333,
          "test_kappa_std": 0.10763947839868752,
          "confusion_matrix": [
            [
              57.08333333333333,
              41.25,
              1.6666666666666665
            ],
            [
              0.8333333333333333,
              99.16666666666666,
              0.0
            ],
            [
              44.58333333333333,
              50.00000000000001,
              5.416666666666665
            ]
          ]
        },
        {
