{
  "name": "pose_perf_gsr",
  "config": {
    "n_seeds": 20,
    "feature_selection": "backward",
    "use_pose_derivatives": true,
    "use_time_features": false,
    "include_order": false,
    "normalize_features": true,
    "class_config": "all",
    "use_pca": false,
    "pca_variance": 0.9,
    "write_cm": true,
    "tune_hyperparameters": false,
    "tune_n_iter": 30,
    "tune_cv_folds": 5,
    "name": "pose_perf_gsr",
    "feature_groups": [
      "pose",
      "performance",
      "gsr"
    ],
    "split_strategy": "participant_specific",
    "sampling_strategy": "temporal_stratified"
  },
  "sampling_strategy": "temporal_stratified",
  "n_seeds": 20,
  "learning_curve": [
    {
      "aggregated": {
        "train_size": 2,
        "n_participants": 40,
        "n_seeds": 20,
        "test_acc_mean": 0.6127626101403824,
        "test_acc_std": 0.11023045812470601,
        "test_bal_acc_mean": 0.6129861111111111,
        "test_bal_acc_std": 0.11086792297044118,
        "test_f1_mean": 0.5768607823677111,
        "test_f1_std": 0.12676626069538444,
        "test_kappa_mean": 0.41613575631610783,
        "test_kappa_std": 0.1656441183652697,
        "confusion_matrix": [
          [
            61.072916666666664,
            22.291666666666668,
            16.635416666666664
          ],
          [
            14.911458333333332,
            65.671875,
            19.416666666666668
          ],
          [
            17.61830357142857,
            25.230654761904766,
            57.151041666666664
          ]
        ]
      },
      "per_participant": [
        {
          "participant": "3208",
          "train_size": 2,
          "n_seeds": 20,
          "n_train_samples_mean": 6.0,
          "n_test_samples_mean": 36.0,
          "test_acc_mean": 0.5472222222222222,
          "test_acc_std": 0.10436384846055206,
          "test_bal_acc_mean": 0.5472222222222222,
          "test_bal_acc_std": 0.10436384846055206,
          "test_f1_mean": 0.5103383577851759,
          "test_f1_std": 0.12770573291291223,
          "test_kappa_mean": 0.3208333333333333,
          "test_kappa_std": 0.15654577269082812,
          "confusion_matrix": [
            [
              59.166666666666664,
              30.0,
              10.833333333333332
            ],
            [
              26.666666666666668,
              41.66666666666667,
              31.666666666666668
            ],
            [
              10.416666666666666,
              26.249999999999993,
              63.333333333333336
            ]
          ]
        },
        {
          "participant": "3209",
          "train_size": 2,
          "n_seeds": 20,
          "n_train_samples_mean": 6.0,
          "n_test_samples_mean": 36.0,
          "test_acc_mean": 0.6458333333333334,
          "test_acc_std": 0.1258095939550085,
          "test_bal_acc_mean": 0.6458333333333333,
          "test_bal_acc_std": 0.12580959395500846,
          "test_f1_mean": 0.606243412960976,
          "test_f1_std": 0.15008823867396826,
          "test_kappa_mean": 0.46875,
          "test_kappa_std": 0.1887143909325127,
          "confusion_matrix": [
            [
              93.33333333333334,
              6.666666666666666,
              0.0
            ],
            [
              34.16666666666666,
              61.66666666666665,
              4.166666666666666
            ],
            [
              30.833333333333332,
              30.416666666666668,
              38.75
            ]
          ]
        },
        {
          "participant": "3210",
          "train_size": 2,
          "n_seeds": 20,
          "n_train_samples_mean": 6.0,
          "n_test_samples_mean": 36.0,
          "test_acc_mean": 0.8291666666666666,
          "test_acc_std": 0.12880813915335768,
          "test_bal_acc_mean": 0.8291666666666666,
          "test_bal_acc_std": 0.12880813915335768,
          "test_f1_mean": 0.8178178333198896,
          "test_f1_std": 0.1439208053349429,
          "test_kappa_mean": 0.7437500000000001,
          "test_kappa_std": 0.19321220873003644,
          "confusion_matrix": [
            [
              78.33333333333334,
              21.666666666666668,
              0.0
            ],
            [
              0.0,
              100.0,
              0.0
            ],
            [
              2.9166666666666665,
              26.666666666666668,
              70.41666666666666
            ]
          ]
        },
        {
          "participant": "3214",
          "train_size": 2,
          "n_seeds": 20,
          "n_train_samples_mean": 6.0,
          "n_test_samples_mean": 36.0,
          "test_acc_mean": 0.5361111111111111,
          "test_acc_std": 0.10513922203629035,
          "test_bal_acc_mean": 0.5361111111111111,
          "test_bal_acc_std": 0.10513922203629035,
          "test_f1_mean": 0.5177289878766227,
          "test_f1_std": 0.12238289586417313,
          "test_kappa_mean": 0.3041666666666666,
          "test_kappa_std": 0.1577088330544355,
          "confusion_matrix": [
            [
              55.416666666666664,
              29.583333333333336,
              15.0
            ],
            [
              0.41666666666666663,
              54.16666666666667,
              45.416666666666664
            ],
            [
              0.0,
              48.75,
              51.25
            ]
          ]
        },
        {
          "participant": "3215",
          "train_size": 2,
          "n_seeds": 20,
          "n_train_samples_mean": 6.0,
          "n_test_samples_mean": 36.0,
          "test_acc_mean": 0.5180555555555555,
          "test_acc_std": 0.1216744102852305,
          "test_bal_acc_mean": 0.5180555555555555,
          "test_bal_acc_std": 0.1216744102852305,
          "test_f1_mean": 0.4325854155301321,
          "test_f1_std": 0.15885346829284627,
          "test_kappa_mean": 0.27708333333333335,
          "test_kappa_std": 0.1825116154278458,
          "confusion_matrix": [
            [
              88.75,
              4.999999999999999,
              6.249999999999999
            ],
            [
              51.249999999999986,
              13.333333333333332,
              35.416666666666664
            ],
            [
              45.0,
              1.6666666666666665,
              53.33333333333333
            ]
          ]
        },
        {
          "participant": "3216",
          "train_size": 2,
          "n_seeds": 20,
          "n_train_samples_mean": 6.0,
          "n_test_samples_mean": 36.0,
          "test_acc_mean": 0.536111111111111,
          "test_acc_std": 0.06052349062536697,
          "test_bal_acc_mean": 0.536111111111111,
          "test_bal_acc_std": 0.060523490625366966,
          "test_f1_mean": 0.4983699783820323,
          "test_f1_std": 0.07333287514960908,
          "test_kappa_mean": 0.30416666666666664,
          "test_kappa_std": 0.09078523593805045,
          "confusion_matrix": [
            [
              81.66666666666666,
              15.416666666666666,
              2.9166666666666656
            ],
            [
              15.416666666666666,
              56.25,
              28.333333333333332
            ],
            [
              32.5,
              44.583333333333336,
              22.916666666666664
            ]
          ]
        },
        {
          "participant": "3217",
          "train_size": 2,
          "n_seeds": 20,
          "n_train_samples_mean": 6.0,
          "n_test_samples_mean": 36.0,
          "test_acc_mean": 0.6138888888888889,
          "test_acc_std": 0.08825615444783852,
          "test_bal_acc_mean": 0.6138888888888889,
          "test_bal_acc_std": 0.08825615444783855,
          "test_f1_mean": 0.5917042704825036,
          "test_f1_std": 0.10612080625425947,
          "test_kappa_mean": 0.4208333333333334,
          "test_kappa_std": 0.13238423167175778,
          "confusion_matrix": [
            [
              45.83333333333333,
              46.24999999999999,
              7.916666666666667
            ],
            [
              10.416666666666666,
              85.83333333333334,
              3.749999999999999
            ],
            [
              4.999999999999999,
              42.49999999999999,
              52.5
            ]
          ]
        },
        {
          "participant": "3218",
          "train_size": 2,
          "n_seeds": 20,
          "n_train_samples_mean": 6.0,
          "n_test_samples_mean": 36.0,
          "test_acc_mean": 0.7402777777777778,
          "test_acc_std": 0.09463989064810008,
          "test_bal_acc_mean": 0.7402777777777778,
          "test_bal_acc_std": 0.09463989064810006,
          "test_f1_mean": 0.7300383650346864,
          "test_f1_std": 0.10061410729972768,
          "test_kappa_mean": 0.6104166666666666,
          "test_kappa_std": 0.14195983597215012,
          "confusion_matrix": [
            [
              91.66666666666667,
              8.333333333333332,
              0.0
            ],
            [
              25.833333333333336,
              65.41666666666666,
              8.75
            ],
            [
              9.583333333333334,
              25.416666666666664,
              65.00000000000001
            ]
          ]
        },
        {
          "participant": "3219",
          "train_size": 2,
          "n_seeds": 20,
          "n_train_samples_mean": 6.0,
          "n_test_samples_mean": 31.0,
          "test_acc_mean": 0.4935483870967743,
          "test_acc_std": 0.06790747015597642,
          "test_bal_acc_mean": 0.4875,
          "test_bal_acc_std": 0.09782475727755456,
          "test_f1_mean": 0.4328809641496349,
          "test_f1_std": 0.1085828498692437,
          "test_kappa_mean": 0.1961179207033032,
          "test_kappa_std": 0.12079834861017504,
          "confusion_matrix": [
            [
              24.166666666666664,
              75.00000000000001,
              0.8333333333333333
            ],
            [
              20.0,
              77.08333333333334,
              2.916666666666666
            ],
            [
              12.857142857142856,
              42.14285714285714,
              45.0
            ]
          ]
        },
        {
          "participant": "3220",
          "train_size": 2,
          "n_seeds": 20,
          "n_train_samples_mean": 6.0,
          "n_test_samples_mean": 36.0,
          "test_acc_mean": 0.6000000000000002,
          "test_acc_std": 0.1009216784699164,
          "test_bal_acc_mean": 0.6000000000000002,
          "test_bal_acc_std": 0.10092167846991641,
          "test_f1_mean": 0.5501607825103527,
          "test_f1_std": 0.1266052299714254,
          "test_kappa_mean": 0.4,
          "test_kappa_std": 0.1513825177048746,
          "confusion_matrix": [
            [
              27.5,
              65.41666666666666,
              7.083333333333333
            ],
            [
              7.499999999999998,
              85.41666666666666,
              7.083333333333333
            ],
            [
              12.916666666666666,
              20.0,
              67.08333333333334
            ]
          ]
        },
        {
          "participant": "3221",
          "train_size": 2,
          "n_seeds": 20,
          "n_train_samples_mean": 6.0,
          "n_test_samples_mean": 36.0,
          "test_acc_mean": 0.5083333333333333,
          "test_acc_std": 0.10667306267373658,
          "test_bal_acc_mean": 0.5083333333333333,
          "test_bal_acc_std": 0.10667306267373658,
          "test_f1_mean": 0.46185324185327703,
          "test_f1_std": 0.1313114247780045,
          "test_kappa_mean": 0.2625,
          "test_kappa_std": 0.16000959401060486,
          "confusion_matrix": [
            [
              34.99999999999999,
              61.66666666666667,
              3.333333333333333
            ],
            [
              13.749999999999996,
              82.91666666666667,
              3.333333333333333
            ],
            [
              31.666666666666664,
              33.74999999999999,
              34.58333333333333
            ]
          ]
        },
        {
          "participant": "3222",
          "train_size": 2,
          "n_seeds": 20,
          "n_train_samples_mean": 6.0,
          "n_test_samples_mean": 32.0,
          "test_acc_mean": 0.54375,
          "test_acc_std": 0.07944606743935755,
          "test_bal_acc_mean": 0.5493055555555555,
          "test_bal_acc_std": 0.09084951659402005,
          "test_f1_mean": 0.4978980786190352,
          "test_f1_std": 0.0943998373841301,
          "test_kappa_mean": 0.2953286322126965,
          "test_kappa_std": 0.1293300011576672,
          "confusion_matrix": [
            [
              22.499999999999996,
              4.583333333333332,
              72.91666666666666
            ],
            [
              1.875,
              59.375,
              38.75
            ],
            [
              11.25,
              5.833333333333332,
              82.91666666666669
            ]
          ]
        },
        {
          "participant": "3223",
          "train_size": 2,
          "n_seeds": 20,
          "n_train_samples_mean": 6.0,
          "n_test_samples_mean": 36.0,
          "test_acc_mean": 0.34305555555555556,
          "test_acc_std": 0.07392010069358473,
          "test_bal_acc_mean": 0.34305555555555556,
          "test_bal_acc_std": 0.07392010069358473,
          "test_f1_mean": 0.3003668861881051,
          "test_f1_std": 0.08134612360031017,
          "test_kappa_mean": 0.01458333333333332,
          "test_kappa_std": 0.11088015104037711,
          "confusion_matrix": [
            [
              28.749999999999993,
              30.833333333333332,
              40.416666666666664
            ],
            [
              16.25,
              59.166666666666664,
              24.58333333333333
            ],
            [
              5.0,
              80.0,
              15.000000000000004
            ]
          ]
        },
        {
          "participant": "3224",
          "train_size": 2,
          "n_seeds": 20,
          "n_train_samples_mean": 6.0,
          "n_test_samples_mean": 36.0,
          "test_acc_mean": 0.6611111111111111,
          "test_acc_std": 0.05452256002479083,
          "test_bal_acc_mean": 0.6611111111111111,
          "test_bal_acc_std": 0.05452256002479084,
          "test_f1_mean": 0.635290373662003,
          "test_f1_std": 0.06331668133534635,
          "test_kappa_mean": 0.4916666666666667,
          "test_kappa_std": 0.08178384003718629,
          "confusion_matrix": [
            [
              46.25000000000001,
              17.5,
              36.24999999999999
            ],
            [
              14.583333333333334,
              62.91666666666667,
              22.499999999999996
            ],
            [
              7.916666666666666,
              2.916666666666666,
              89.16666666666669
            ]
          ]
        },
        {
          "participant": "3225",
          "train_size": 2,
          "n_seeds": 20,
          "n_train_samples_mean": 6.0,
          "n_test_samples_mean": 36.0,
          "test_acc_mean": 0.5194444444444445,
          "test_acc_std": 0.09626723958078483,
          "test_bal_acc_mean": 0.5194444444444445,
          "test_bal_acc_std": 0.09626723958078484,
          "test_f1_mean": 0.49837490694656283,
          "test_f1_std": 0.10640865529861729,
          "test_kappa_mean": 0.2791666666666667,
          "test_kappa_std": 0.14440085937117725,
          "confusion_matrix": [
            [
              82.08333333333334,
              15.833333333333334,
              2.083333333333333
            ],
            [
              24.166666666666664,
              42.50000000000001,
              33.333333333333336
            ],
            [
              0.0,
              68.74999999999999,
              31.25
            ]
          ]
        },
        {
          "participant": "3226",
          "train_size": 2,
          "n_seeds": 20,
          "n_train_samples_mean": 6.0,
          "n_test_samples_mean": 36.0,
          "test_acc_mean": 0.5722222222222222,
          "test_acc_std": 0.08756321396137914,
          "test_bal_acc_mean": 0.5722222222222222,
          "test_bal_acc_std": 0.08756321396137914,
          "test_f1_mean": 0.5486866488063824,
          "test_f1_std": 0.10897561754231705,
          "test_kappa_mean": 0.3583333333333333,
          "test_kappa_std": 0.13134482094206867,
          "confusion_matrix": [
            [
              64.16666666666666,
              17.083333333333332,
              18.750000000000004
            ],
            [
              33.33333333333333,
              51.25,
              15.416666666666663
            ],
            [
              27.916666666666664,
              15.833333333333334,
              56.249999999999986
            ]
          ]
        },
        {
          "participant": "3227",
          "train_size": 2,
          "n_seeds": 20,
          "n_train_samples_mean": 6.0,
          "n_test_samples_mean": 36.0,
          "test_acc_mean": 0.5069444444444444,
          "test_acc_std": 0.08003968719932357,
          "test_bal_acc_mean": 0.5069444444444444,
          "test_bal_acc_std": 0.08003968719932357,
          "test_f1_mean": 0.4437817976639673,
          "test_f1_std": 0.0873780064080905,
          "test_kappa_mean": 0.2604166666666667,
          "test_kappa_std": 0.12005953079898538,
          "confusion_matrix": [
            [
              31.249999999999993,
              56.666666666666664,
              12.083333333333334
            ],
            [
              5.833333333333332,
              25.0,
              69.16666666666666
            ],
            [
              0.41666666666666663,
              3.749999999999999,
              95.83333333333333
            ]
          ]
        },
        {
          "participant": "3228",
          "train_size": 2,
          "n_seeds": 20,
          "n_train_samples_mean": 6.0,
          "n_test_samples_mean": 27.0,
          "test_acc_mean": 0.7518518518518518,
          "test_acc_std": 0.08069798750048929,
          "test_bal_acc_mean": 0.7680555555555557,
          "test_bal_acc_std": 0.1133814110843007,
          "test_f1_mean": 0.736157601979816,
          "test_f1_std": 0.10350870594391556,
          "test_kappa_mean": 0.5785454461155415,
          "test_kappa_std": 0.14620636070965856,
          "confusion_matrix": [
            [
              81.66666666666667,
              18.33333333333333,
              0.0
            ],
            [
              4.166666666666666,
              78.33333333333333,
              17.5
            ],
            [
              0.0,
              29.583333333333332,
              70.41666666666666
            ]
          ]
        },
        {
          "participant": "3229",
          "train_size": 2,
          "n_seeds": 20,
          "n_train_samples_mean": 6.0,
          "n_test_samples_mean": 36.0,
          "test_acc_mean": 0.4833333333333334,
          "test_acc_std": 0.048866289300697814,
          "test_bal_acc_mean": 0.4833333333333334,
          "test_bal_acc_std": 0.04886628930069781,
          "test_f1_mean": 0.4267591140259702,
          "test_f1_std": 0.06472461583128762,
          "test_kappa_mean": 0.225,
          "test_kappa_std": 0.0732994339510467,
          "confusion_matrix": [
            [
              36.66666666666667,
              17.499999999999996,
              45.83333333333334
            ],
            [
              25.833333333333336,
              22.5,
              51.666666666666664
            ],
            [
              12.916666666666668,
              1.2499999999999998,
              85.83333333333333
            ]
          ]
        },
        {
          "participant": "3230",
          "train_size": 2,
          "n_seeds": 20,
          "n_train_samples_mean": 6.0,
          "n_test_samples_mean": 36.0,
          "test_acc_mean": 0.6291666666666667,
          "test_acc_std": 0.10673966495812894,
          "test_bal_acc_mean": 0.6291666666666667,
          "test_bal_acc_std": 0.10673966495812895,
          "test_f1_mean": 0.5924390639320616,
          "test_f1_std": 0.11727539536564234,
          "test_kappa_mean": 0.44375,
          "test_kappa_std": 0.1601094974371934,
          "confusion_matrix": [
            [
              39.58333333333333,
              29.583333333333336,
              30.833333333333325
            ],
            [
              11.25,
              84.16666666666667,
              4.583333333333332
            ],
            [
              25.0,
              10.0,
              65.0
            ]
          ]
        },
        {
          "participant": "3231",
          "train_size": 2,
          "n_seeds": 20,
          "n_train_samples_mean": 6.0,
          "n_test_samples_mean": 36.0,
          "test_acc_mean": 0.5750000000000001,
          "test_acc_std": 0.09326752065621088,
          "test_bal_acc_mean": 0.5750000000000001,
          "test_bal_acc_std": 0.09326752065621091,
          "test_f1_mean": 0.534748379418926,
          "test_f1_std": 0.10038132312101324,
          "test_kappa_mean": 0.3625,
          "test_kappa_std": 0.13990128098431634,
          "confusion_matrix": [
            [
              39.99999999999999,
              11.666666666666666,
              48.333333333333336
            ],
            [
              19.999999999999996,
              48.75000000000001,
              31.25
            ],
            [
              12.916666666666663,
              3.333333333333333,
              83.75
            ]
          ]
        },
        {
          "participant": "3232",
          "train_size": 2,
          "n_seeds": 20,
          "n_train_samples_mean": 6.0,
          "n_test_samples_mean": 36.0,
          "test_acc_mean": 0.5958333333333333,
          "test_acc_std": 0.12006164487670626,
          "test_bal_acc_mean": 0.5958333333333333,
          "test_bal_acc_std": 0.12006164487670626,
          "test_f1_mean": 0.5557564124989123,
          "test_f1_std": 0.13718530928847733,
          "test_kappa_mean": 0.39375,
          "test_kappa_std": 0.18009246731505937,
          "confusion_matrix": [
            [
              35.83333333333333,
              14.583333333333332,
              49.58333333333333
            ],
            [
              12.083333333333332,
              55.416666666666664,
              32.5
            ],
            [
              11.249999999999998,
              1.2499999999999998,
              87.49999999999999
            ]
          ]
        },
        {
          "participant": "3233",
          "train_size": 2,
          "n_seeds": 20,
          "n_train_samples_mean": 6.0,
          "n_test_samples_mean": 36.0,
          "test_acc_mean": 0.7527777777777777,
          "test_acc_std": 0.15291726752807255,
          "test_bal_acc_mean": 0.7527777777777777,
          "test_bal_acc_std": 0.15291726752807255,
          "test_f1_mean": 0.7356537856498779,
          "test_f1_std": 0.17546330386186348,
          "test_kappa_mean": 0.6291666666666667,
          "test_kappa_std": 0.22937590129210883,
          "confusion_matrix": [
            [
              55.416666666666664,
              31.666666666666668,
              12.916666666666668
            ],
            [
              0.41666666666666663,
              94.58333333333333,
              4.999999999999999
            ],
            [
              0.8333333333333333,
              23.333333333333336,
              75.83333333333334
            ]
          ]
        },
        {
          "participant": "3234",
          "train_size": 2,
          "n_seeds": 20,
          "n_train_samples_mean": 6.0,
          "n_test_samples_mean": 36.0,
          "test_acc_mean": 0.38888888888888884,
          "test_acc_std": 0.050178369303305596,
          "test_bal_acc_mean": 0.3888888888888889,
          "test_bal_acc_std": 0.05017836930330561,
          "test_f1_mean": 0.274510188136737,
          "test_f1_std": 0.08319904800317027,
          "test_kappa_mean": 0.08333333333333333,
          "test_kappa_std": 0.0752675539549584,
          "confusion_matrix": [
            [
              94.58333333333334,
              0.0,
              5.416666666666666
            ],
            [
              62.916666666666664,
              7.916666666666667,
              29.166666666666668
            ],
            [
              84.58333333333336,
              1.2499999999999998,
              14.166666666666666
            ]
          ]
        },
        {
          "participant": "3235",
          "train_size": 2,
          "n_seeds": 20,
          "n_train_samples_mean": 6.0,
          "n_test_samples_mean": 36.0,
          "test_acc_mean": 0.7513888888888889,
          "test_acc_std": 0.05442937492844023,
          "test_bal_acc_mean": 0.7513888888888888,
          "test_bal_acc_std": 0.054429374928440216,
          "test_f1_mean": 0.7354176982776208,
          "test_f1_std": 0.07389177351481774,
          "test_kappa_mean": 0.6270833333333333,
          "test_kappa_std": 0.0816440623926603,
          "confusion_matrix": [
            [
              74.58333333333334,
              21.666666666666664,
              3.7499999999999987
            ],
            [
              0.0,
              100.0,
              0.0
            ],
            [
              15.416666666666666,
              33.75000000000001,
              50.83333333333332
            ]
          ]
        },
        {
          "participant": "3236",
          "train_size": 2,
          "n_seeds": 20,
          "n_train_samples_mean": 6.0,
          "n_test_samples_mean": 36.0,
          "test_acc_mean": 0.675,
          "test_acc_std": 0.07861909223221673,
          "test_bal_acc_mean": 0.675,
          "test_bal_acc_std": 0.07861909223221675,
          "test_f1_mean": 0.661984689572989,
          "test_f1_std": 0.08456894513685558,
          "test_kappa_mean": 0.5125,
          "test_kappa_std": 0.11792863834832512,
          "confusion_matrix": [
            [
              59.58333333333333,
              30.416666666666668,
              10.000000000000002
            ],
            [
              0.0,
              82.50000000000001,
              17.499999999999996
            ],
            [
              22.916666666666668,
              16.666666666666664,
              60.41666666666665
            ]
          ]
        },
        {
          "participant": "3237",
          "train_size": 2,
          "n_seeds": 20,
          "n_train_samples_mean": 6.0,
          "n_test_samples_mean": 36.0,
          "test_acc_mean": 0.6652777777777777,
          "test_acc_std": 0.07511903051783163,
          "test_bal_acc_mean": 0.6652777777777776,
          "test_bal_acc_std": 0.07511903051783163,
          "test_f1_mean": 0.636415300663044,
          "test_f1_std": 0.09492266213613051,
          "test_kappa_mean": 0.4979166666666667,
          "test_kappa_std": 0.11267854577674744,
          "confusion_matrix": [
            [
              35.41666666666667,
              15.0,
              49.58333333333335
            ],
            [
              5.833333333333331,
              73.33333333333334,
              20.833333333333336
            ],
            [
              7.083333333333333,
              2.083333333333333,
              90.83333333333334
            ]
          ]
        },
        {
          "participant": "3238",
          "train_size": 2,
          "n_seeds": 20,
          "n_train_samples_mean": 6.0,
          "n_test_samples_mean": 36.0,
          "test_acc_mean": 0.5,
          "test_acc_std": 0.07096293040650058,
          "test_bal_acc_mean": 0.5,
          "test_bal_acc_std": 0.07096293040650058,
          "test_f1_mean": 0.4634809856959234,
          "test_f1_std": 0.09205773422638423,
          "test_kappa_mean": 0.25,
          "test_kappa_std": 0.10644439560975086,
          "confusion_matrix": [
            [
              40.83333333333333,
              17.083333333333332,
              42.08333333333333
            ],
            [
              14.583333333333332,
              32.08333333333334,
              53.33333333333333
            ],
            [
              7.5,
              15.41666666666666,
              77.08333333333334
            ]
          ]
        },
        {
          "participant": "3239",
          "train_size": 2,
          "n_seeds": 20,
          "n_train_samples_mean": 6.0,
          "n_test_samples_mean": 32.0,
          "test_acc_mean": 0.6171875,
          "test_acc_std": 0.10432416820837069,
          "test_bal_acc_mean": 0.6104166666666666,
          "test_bal_acc_std": 0.11694090228136932,
          "test_f1_mean": 0.5962209193289947,
          "test_f1_std": 0.1334917179771936,
          "test_kappa_mean": 0.4191882536127725,
          "test_kappa_std": 0.1681208467795282,
          "confusion_matrix": [
            [
              64.99999999999999,
              7.916666666666666,
              27.083333333333332
            ],
            [
              23.749999999999993,
              62.5,
              13.75
            ],
            [
              41.875,
              2.5,
              55.625
            ]
          ]
        },
        {
          "participant": "3240",
          "train_size": 2,
          "n_seeds": 20,
          "n_train_samples_mean": 6.0,
          "n_test_samples_mean": 36.0,
          "test_acc_mean": 0.7097222222222223,
          "test_acc_std": 0.11593161648620541,
          "test_bal_acc_mean": 0.7097222222222223,
          "test_bal_acc_std": 0.11593161648620541,
          "test_f1_mean": 0.6784732666441038,
          "test_f1_std": 0.14836796353166049,
          "test_kappa_mean": 0.5645833333333333,
          "test_kappa_std": 0.1738974247293081,
          "confusion_matrix": [
            [
              86.24999999999999,
              6.249999999999998,
              7.5
            ],
            [
              16.666666666666664,
              82.08333333333333,
              1.2499999999999998
            ],
            [
              47.50000000000001,
              7.916666666666667,
              44.58333333333333
            ]
          ]
        },
        {
          "participant": "3241",
          "train_size": 2,
          "n_seeds": 20,
          "n_train_samples_mean": 6.0,
          "n_test_samples_mean": 36.0,
          "test_acc_mean": 0.6458333333333333,
          "test_acc_std": 0.10505227820754384,
          "test_bal_acc_mean": 0.6458333333333333,
          "test_bal_acc_std": 0.10505227820754383,
          "test_f1_mean": 0.621891438294351,
          "test_f1_std": 0.12530887004556676,
          "test_kappa_mean": 0.4687499999999999,
          "test_kappa_std": 0.15757841731131575,
          "confusion_matrix": [
            [
              61.25,
              15.0,
              23.75
            ],
            [
              29.999999999999993,
              57.916666666666664,
              12.083333333333334
            ],
            [
              19.583333333333332,
              5.833333333333333,
              74.58333333333334
            ]
          ]
        },
        {
          "participant": "3242",
          "train_size": 2,
          "n_seeds": 20,
          "n_train_samples_mean": 6.0,
          "n_test_samples_mean": 36.0,
          "test_acc_mean": 0.7916666666666667,
          "test_acc_std": 0.08807190340250896,
          "test_bal_acc_mean": 0.7916666666666667,
          "test_bal_acc_std": 0.08807190340250896,
          "test_f1_mean": 0.7809471103543488,
          "test_f1_std": 0.09740849669160652,
          "test_kappa_mean": 0.6874999999999999,
          "test_kappa_std": 0.13210785510376344,
          "confusion_matrix": [
            [
              82.91666666666666,
              17.083333333333336,
              0.0
            ],
            [
              13.333333333333332,
              71.25,
              15.416666666666666
            ],
            [
              1.6666666666666665,
              15.0,
              83.33333333333334
            ]
          ]
        },
        {
          "participant": "3243",
          "train_size": 2,
          "n_seeds": 20,
          "n_train_samples_mean": 6.0,
          "n_test_samples_mean": 36.0,
          "test_acc_mean": 0.7305555555555555,
          "test_acc_std": 0.04944460871252037,
          "test_bal_acc_mean": 0.7305555555555555,
          "test_bal_acc_std": 0.04944460871252034,
          "test_f1_mean": 0.7109209496365128,
          "test_f1_std": 0.07014783599174616,
          "test_kappa_mean": 0.5958333333333334,
          "test_kappa_std": 0.07416691306878054,
          "confusion_matrix": [
            [
              88.33333333333334,
              0.8333333333333333,
              10.833333333333332
            ],
            [
              5.416666666666666,
              82.08333333333334,
              12.5
            ],
            [
              17.5,
              33.75,
              48.74999999999999
            ]
          ]
        },
        {
          "participant": "3244",
          "train_size": 2,
          "n_seeds": 20,
          "n_train_samples_mean": 6.0,
          "n_test_samples_mean": 36.0,
          "test_acc_mean": 0.7208333333333334,
          "test_acc_std": 0.12006164487670626,
          "test_bal_acc_mean": 0.7208333333333334,
          "test_bal_acc_std": 0.12006164487670626,
          "test_f1_mean": 0.6799775912179268,
          "test_f1_std": 0.1544680437606747,
          "test_kappa_mean": 0.58125,
          "test_kappa_std": 0.1800924673150594,
          "confusion_matrix": [
            [
              75.41666666666667,
              1.6666666666666665,
              22.916666666666664
            ],
            [
              0.41666666666666663,
              98.33333333333334,
              1.2499999999999998
            ],
            [
              24.166666666666668,
              33.333333333333336,
              42.50000000000001
            ]
          ]
        },
        {
          "participant": "3245",
          "train_size": 2,
          "n_seeds": 20,
          "n_train_samples_mean": 6.0,
          "n_test_samples_mean": 36.0,
          "test_acc_mean": 0.7208333333333334,
          "test_acc_std": 0.13502671023035973,
          "test_bal_acc_mean": 0.7208333333333334,
          "test_bal_acc_std": 0.13502671023035973,
          "test_f1_mean": 0.6876190333882589,
          "test_f1_std": 0.16149769726420832,
          "test_kappa_mean": 0.5812499999999999,
          "test_kappa_std": 0.20254006534553956,
          "confusion_matrix": [
            [
              71.25000000000001,
              22.083333333333336,
              6.666666666666666
            ],
            [
              2.083333333333333,
              97.91666666666666,
              0.0
            ],
            [
              25.833333333333336,
              27.083333333333332,
              47.08333333333333
            ]
          ]
        },
        {
          "participant": "3246",
          "train_size": 2,
          "n_seeds": 20,
          "n_train_samples_mean": 6.0,
          "n_test_samples_mean": 36.0,
          "test_acc_mean": 0.47638888888888886,
          "test_acc_std": 0.06820531916246184,
          "test_bal_acc_mean": 0.47638888888888886,
          "test_bal_acc_std": 0.06820531916246182,
          "test_f1_mean": 0.3886780239186186,
          "test_f1_std": 0.09530922811189817,
          "test_kappa_mean": 0.2145833333333333,
          "test_kappa_std": 0.10230797874369274,
          "confusion_matrix": [
            [
              30.0,
              55.833333333333336,
              14.166666666666663
            ],
            [
              0.41666666666666663,
              99.58333333333334,
              0.0
            ],
            [
              11.666666666666666,
              75.00000000000001,
              13.333333333333334
            ]
          ]
        },
        {
          "participant": "3247",
          "train_size": 2,
          "n_seeds": 20,
          "n_train_samples_mean": 6.0,
          "n_test_samples_mean": 36.0,
          "test_acc_mean": 0.6,
          "test_acc_std": 0.14570970811286588,
          "test_bal_acc_mean": 0.6,
          "test_bal_acc_std": 0.14570970811286588,
          "test_f1_mean": 0.5710076226353858,
          "test_f1_std": 0.17591140510879438,
          "test_kappa_mean": 0.4,
          "test_kappa_std": 0.2185645621692989,
          "confusion_matrix": [
            [
              70.83333333333333,
              29.166666666666664,
              0.0
            ],
            [
              4.166666666666666,
              64.58333333333334,
              31.249999999999993
            ],
            [
              0.41666666666666663,
              55.0,
              44.58333333333333
            ]
          ]
        },
        {
          "participant": "3248",
          "train_size": 2,
          "n_seeds": 20,
          "n_train_samples_mean": 6.0,
          "n_test_samples_mean": 36.0,
          "test_acc_mean": 0.6916666666666667,
          "test_acc_std": 0.06916610887771518,
          "test_bal_acc_mean": 0.6916666666666667,
          "test_bal_acc_std": 0.06916610887771517,
          "test_f1_mean": 0.6665225561246448,
          "test_f1_std": 0.08838044450909902,
          "test_kappa_mean": 0.5375000000000001,
          "test_kappa_std": 0.10374916331657277,
          "confusion_matrix": [
            [
              82.5,
              10.833333333333332,
              6.666666666666666
            ],
            [
              1.2499999999999998,
              83.75,
              15.0
            ],
            [
              2.083333333333333,
              56.666666666666686,
              41.25
            ]
          ]
        },
        {
          "participant": "3249",
          "train_size": 2,
          "n_seeds": 20,
          "n_train_samples_mean": 6.0,
          "n_test_samples_mean": 36.0,
          "test_acc_mean": 0.6944444444444444,
          "test_acc_std": 0.11399759467612826,
          "test_bal_acc_mean": 0.6944444444444444,
          "test_bal_acc_std": 0.11399759467612823,
          "test_f1_mean": 0.6717024515950558,
          "test_f1_std": 0.1368435669289265,
          "test_kappa_mean": 0.5416666666666667,
          "test_kappa_std": 0.17099639201419237,
          "confusion_matrix": [
            [
              93.75,
              3.3333333333333335,
              2.9166666666666665
            ],
            [
              28.333333333333332,
              60.416666666666664,
              11.249999999999998
            ],
            [
              27.916666666666668,
              17.916666666666668,
              54.16666666666667
            ]
          ]
        },
        {
          "participant": "3250",
          "train_size": 2,
          "n_seeds": 20,
          "n_train_samples_mean": 6.0,
          "n_test_samples_mean": 36.0,
          "test_acc_mean": 0.6277777777777777,
          "test_acc_std": 0.09164229695557094,
          "test_bal_acc_mean": 0.6277777777777778,
          "test_bal_acc_std": 0.09164229695557094,
          "test_f1_mean": 0.5930268099470243,
          "test_f1_std": 0.12235025820326843,
          "test_kappa_mean": 0.4416666666666666,
          "test_kappa_std": 0.13746344543335645,
          "confusion_matrix": [
            [
              85.41666666666666,
              6.666666666666666,
              7.916666666666666
            ],
            [
              12.083333333333332,
