{
  "name": "pose_perf_eye_gsr",
  "config": {
    "n_seeds": 20,
    "feature_selection": "backward",
    "use_pose_derivatives": true,
    "use_time_features": false,
    "include_order": false,
    "normalize_features": true,
    "class_config": "all",
    "use_pca": false,
    "pca_variance": 0.9,
    "write_cm": true,
    "tune_hyperparameters": false,
    "tune_n_iter": 30,
    "tune_cv_folds": 5,
    "name": "pose_perf_eye_gsr",
    "feature_groups": [
      "pose",
      "performance",
      "eye_tracking",
      "gsr"
    ],
    "split_strategy": "participant_specific",
    "sampling_strategy": "temporal_stratified"
  },
  "sampling_strategy": "temporal_stratified",
  "n_seeds": 20,
  "learning_curve": [
    {
      "aggregated": {
        "train_size": 2,
        "n_participants": 39,
        "n_seeds": 20,
        "test_acc_mean": 0.5942900302841155,
        "test_acc_std": 0.10084783955440513,
        "test_bal_acc_mean": 0.5932255553088884,
        "test_bal_acc_std": 0.10196777869119959,
        "test_f1_mean": 0.5592158681376607,
        "test_f1_std": 0.11395253721556015,
        "test_kappa_mean": 0.3890612544616718,
        "test_kappa_std": 0.15063530626217397,
        "confusion_matrix": [
          [
            57.598096348096355,
            23.890831390831387,
            18.51107226107226
          ],
          [
            14.733877233877237,
            64.15064102564104,
            21.11548174048174
          ],
          [
            17.942492692492696,
            25.838578088578085,
            56.218929218929226
          ]
        ]
      },
      "per_participant": [
        {
          "participant": "3208",
          "train_size": 2,
          "n_seeds": 20,
          "n_train_samples_mean": 6.0,
          "n_test_samples_mean": 36.0,
          "test_acc_mean": 0.5069444444444444,
          "test_acc_std": 0.11711657887521049,
          "test_bal_acc_mean": 0.5069444444444444,
          "test_bal_acc_std": 0.1171165788752105,
          "test_f1_mean": 0.4710746103094155,
          "test_f1_std": 0.13969147682536753,
          "test_kappa_mean": 0.26041666666666663,
          "test_kappa_std": 0.1756748683128157,
          "confusion_matrix": [
            [
              57.083333333333336,
              27.500000000000007,
              15.416666666666666
            ],
            [
              23.333333333333336,
              38.33333333333333,
              38.33333333333333
            ],
            [
              14.583333333333334,
              28.750000000000007,
              56.666666666666664
            ]
          ]
        },
        {
          "participant": "3209",
          "train_size": 2,
          "n_seeds": 20,
          "n_train_samples_mean": 6.0,
          "n_test_samples_mean": 35.0,
          "test_acc_mean": 0.6642857142857144,
          "test_acc_std": 0.12739646920224562,
          "test_bal_acc_mean": 0.6574494949494948,
          "test_bal_acc_std": 0.12868300814107836,
          "test_f1_mean": 0.6267596477575189,
          "test_f1_std": 0.15336799860500921,
          "test_kappa_mean": 0.49179938098245374,
          "test_kappa_std": 0.19389748928344902,
          "confusion_matrix": [
            [
              92.91666666666667,
              6.666666666666666,
              0.41666666666666663
            ],
            [
              35.0,
              62.5,
              2.5
            ],
            [
              33.18181818181818,
              24.999999999999996,
              41.81818181818182
            ]
          ]
        },
        {
          "participant": "3214",
          "train_size": 2,
          "n_seeds": 20,
          "n_train_samples_mean": 6.0,
          "n_test_samples_mean": 36.0,
          "test_acc_mean": 0.5402777777777777,
          "test_acc_std": 0.12174114519236519,
          "test_bal_acc_mean": 0.5402777777777777,
          "test_bal_acc_std": 0.12174114519236519,
          "test_f1_mean": 0.518365538812406,
          "test_f1_std": 0.14447716742537572,
          "test_kappa_mean": 0.3104166666666667,
          "test_kappa_std": 0.18261171778854773,
          "confusion_matrix": [
            [
              52.916666666666664,
              31.25,
              15.833333333333334
            ],
            [
              0.8333333333333333,
              59.166666666666664,
              40.00000000000001
            ],
            [
              0.0,
              50.0,
              50.0
            ]
          ]
        },
        {
          "participant": "3215",
          "train_size": 2,
          "n_seeds": 20,
          "n_train_samples_mean": 6.0,
          "n_test_samples_mean": 36.0,
          "test_acc_mean": 0.4791666666666667,
          "test_acc_std": 0.1150172318078276,
          "test_bal_acc_mean": 0.47916666666666663,
          "test_bal_acc_std": 0.11501723180782758,
          "test_f1_mean": 0.3905408656537658,
          "test_f1_std": 0.15654642777929484,
          "test_kappa_mean": 0.21875,
          "test_kappa_std": 0.17252584771174134,
          "confusion_matrix": [
            [
              92.91666666666664,
              3.333333333333333,
              3.749999999999999
            ],
            [
              55.41666666666667,
              10.416666666666668,
              34.16666666666667
            ],
            [
              58.750000000000014,
              0.8333333333333333,
              40.416666666666664
            ]
          ]
        },
        {
          "participant": "3216",
          "train_size": 2,
          "n_seeds": 20,
          "n_train_samples_mean": 6.0,
          "n_test_samples_mean": 34.0,
          "test_acc_mean": 0.5823529411764705,
          "test_acc_std": 0.08931231229602922,
          "test_bal_acc_mean": 0.5675,
          "test_bal_acc_std": 0.09400957674523411,
          "test_f1_mean": 0.5489982541424477,
          "test_f1_std": 0.10711893527118427,
          "test_kappa_mean": 0.3647664727012543,
          "test_kappa_std": 0.13792391404822385,
          "confusion_matrix": [
            [
              77.91666666666666,
              17.5,
              4.583333333333333
            ],
            [
              17.5,
              60.83333333333333,
              21.666666666666664
            ],
            [
              35.0,
              33.5,
              31.5
            ]
          ]
        },
        {
          "participant": "3217",
          "train_size": 2,
          "n_seeds": 20,
          "n_train_samples_mean": 6.0,
          "n_test_samples_mean": 36.0,
          "test_acc_mean": 0.5972222222222223,
          "test_acc_std": 0.0852603702445809,
          "test_bal_acc_mean": 0.5972222222222223,
          "test_bal_acc_std": 0.0852603702445809,
          "test_f1_mean": 0.5751621524791737,
          "test_f1_std": 0.09777255099770633,
          "test_kappa_mean": 0.3958333333333333,
          "test_kappa_std": 0.12789055536687136,
          "confusion_matrix": [
            [
              43.33333333333333,
              51.25,
              5.416666666666665
            ],
            [
              10.833333333333332,
              85.83333333333333,
              3.333333333333333
            ],
            [
              7.5,
              42.49999999999999,
              50.00000000000001
            ]
          ]
        },
        {
          "participant": "3218",
          "train_size": 2,
          "n_seeds": 20,
          "n_train_samples_mean": 6.0,
          "n_test_samples_mean": 36.0,
          "test_acc_mean": 0.6930555555555555,
          "test_acc_std": 0.08619595895302204,
          "test_bal_acc_mean": 0.6930555555555555,
          "test_bal_acc_std": 0.08619595895302203,
          "test_f1_mean": 0.6692639114510869,
          "test_f1_std": 0.0994611220305753,
          "test_kappa_mean": 0.5395833333333334,
          "test_kappa_std": 0.12929393842953305,
          "confusion_matrix": [
            [
              94.16666666666666,
              5.833333333333333,
              0.0
            ],
            [
              34.58333333333334,
              55.416666666666664,
              10.0
            ],
            [
              14.583333333333334,
              27.083333333333332,
              58.333333333333336
            ]
          ]
        },
        {
          "participant": "3219",
          "train_size": 2,
          "n_seeds": 20,
          "n_train_samples_mean": 6.0,
          "n_test_samples_mean": 29.0,
          "test_acc_mean": 0.48103448275862065,
          "test_acc_std": 0.08771815089889448,
          "test_bal_acc_mean": 0.45822510822510826,
          "test_bal_acc_std": 0.10314602598264819,
          "test_f1_mean": 0.42883372833572875,
          "test_f1_std": 0.12666341360692054,
          "test_kappa_mean": 0.18273780116890537,
          "test_kappa_std": 0.15095828440829,
          "confusion_matrix": [
            [
              33.63636363636364,
              61.363636363636374,
              5.0
            ],
            [
              17.727272727272727,
              74.54545454545455,
              7.727272727272728
            ],
            [
              5.7142857142857135,
              64.99999999999999,
              29.285714285714285
            ]
          ]
        },
        {
          "participant": "3220",
          "train_size": 2,
          "n_seeds": 20,
          "n_train_samples_mean": 6.0,
          "n_test_samples_mean": 36.0,
          "test_acc_mean": 0.6333333333333334,
          "test_acc_std": 0.11736770717475649,
          "test_bal_acc_mean": 0.6333333333333333,
          "test_bal_acc_std": 0.1173677071747565,
          "test_f1_mean": 0.5915118530963226,
          "test_f1_std": 0.15050458329594116,
          "test_kappa_mean": 0.45,
          "test_kappa_std": 0.17605156076213477,
          "confusion_matrix": [
            [
              32.49999999999999,
              63.333333333333336,
              4.166666666666666
            ],
            [
              4.583333333333333,
              92.91666666666666,
              2.5
            ],
            [
              9.583333333333332,
              25.833333333333332,
              64.58333333333334
            ]
          ]
        },
        {
          "participant": "3221",
          "train_size": 2,
          "n_seeds": 20,
          "n_train_samples_mean": 6.0,
          "n_test_samples_mean": 36.0,
          "test_acc_mean": 0.5208333333333335,
          "test_acc_std": 0.10466498738425162,
          "test_bal_acc_mean": 0.5208333333333335,
          "test_bal_acc_std": 0.10466498738425162,
          "test_f1_mean": 0.4804755692991985,
          "test_f1_std": 0.13343587000447013,
          "test_kappa_mean": 0.28124999999999994,
          "test_kappa_std": 0.15699748107637743,
          "confusion_matrix": [
            [
              40.833333333333336,
              55.000000000000014,
              4.166666666666666
            ],
            [
              14.166666666666668,
              79.58333333333334,
              6.25
            ],
            [
              27.083333333333332,
              37.08333333333333,
              35.833333333333336
            ]
          ]
        },
        {
          "participant": "3222",
          "train_size": 2,
          "n_seeds": 20,
          "n_train_samples_mean": 6.0,
          "n_test_samples_mean": 32.0,
          "test_acc_mean": 0.5703125,
          "test_acc_std": 0.07231700476120108,
          "test_bal_acc_mean": 0.570138888888889,
          "test_bal_acc_std": 0.09240081259892073,
          "test_f1_mean": 0.5281551192705912,
          "test_f1_std": 0.08258103239421331,
          "test_kappa_mean": 0.3362295471937216,
          "test_kappa_std": 0.12308505795596657,
          "confusion_matrix": [
            [
              29.583333333333332,
              13.333333333333332,
              57.08333333333333
            ],
            [
              1.25,
              56.875,
              41.875
            ],
            [
              14.583333333333332,
              0.8333333333333333,
              84.58333333333333
            ]
          ]
        },
        {
          "participant": "3223",
          "train_size": 2,
          "n_seeds": 20,
          "n_train_samples_mean": 6.0,
          "n_test_samples_mean": 36.0,
          "test_acc_mean": 0.41527777777777775,
          "test_acc_std": 0.09684555270440912,
          "test_bal_acc_mean": 0.41527777777777775,
          "test_bal_acc_std": 0.09684555270440913,
          "test_f1_mean": 0.35698668824899044,
          "test_f1_std": 0.12956269019440128,
          "test_kappa_mean": 0.12291666666666665,
          "test_kappa_std": 0.14526832905661366,
          "confusion_matrix": [
            [
              25.833333333333325,
              29.583333333333325,
              44.583333333333336
            ],
            [
              11.666666666666668,
              65.41666666666667,
              22.916666666666664
            ],
            [
              4.999999999999999,
              61.66666666666665,
              33.33333333333333
            ]
          ]
        },
        {
          "participant": "3224",
          "train_size": 2,
          "n_seeds": 20,
          "n_train_samples_mean": 6.0,
          "n_test_samples_mean": 21.0,
          "test_acc_mean": 0.5714285714285714,
          "test_acc_std": 0.19724804380903257,
          "test_bal_acc_mean": 0.5457912457912458,
          "test_bal_acc_std": 0.12875918019700502,
          "test_f1_mean": 0.588264644167895,
          "test_f1_std": 0.1817653860329776,
          "test_kappa_mean": 0.38339084113855637,
          "test_kappa_std": 0.1798263643174595,
          "confusion_matrix": [
            [
              45.0,
              10.0,
              45.0
            ],
            [
              39.09090909090909,
              43.18181818181817,
              17.727272727272727
            ],
            [
              19.44444444444444,
              5.000000000000001,
              75.55555555555557
            ]
          ]
        },
        {
          "participant": "3225",
          "train_size": 2,
          "n_seeds": 20,
          "n_train_samples_mean": 6.0,
          "n_test_samples_mean": 36.0,
          "test_acc_mean": 0.4666666666666667,
          "test_acc_std": 0.12343892008419774,
          "test_bal_acc_mean": 0.4666666666666666,
          "test_bal_acc_std": 0.12343892008419773,
          "test_f1_mean": 0.45235044609800257,
          "test_f1_std": 0.13451091650272012,
          "test_kappa_mean": 0.19999999999999998,
          "test_kappa_std": 0.1851583801262966,
          "confusion_matrix": [
            [
              72.5,
              23.33333333333333,
              4.166666666666666
            ],
            [
              14.583333333333334,
              37.08333333333333,
              48.33333333333333
            ],
            [
              0.0,
              69.58333333333334,
              30.416666666666668
            ]
          ]
        },
        {
          "participant": "3226",
          "train_size": 2,
          "n_seeds": 20,
          "n_train_samples_mean": 6.0,
          "n_test_samples_mean": 36.0,
          "test_acc_mean": 0.5527777777777778,
          "test_acc_std": 0.09186360202777742,
          "test_bal_acc_mean": 0.5527777777777778,
          "test_bal_acc_std": 0.09186360202777741,
          "test_f1_mean": 0.527966451673114,
          "test_f1_std": 0.10362669948518237,
          "test_kappa_mean": 0.3291666666666667,
          "test_kappa_std": 0.13779540304166613,
          "confusion_matrix": [
            [
              55.833333333333336,
              21.250000000000004,
              22.916666666666664
            ],
            [
              32.50000000000001,
              47.08333333333333,
              20.416666666666664
            ],
            [
              20.416666666666664,
              16.666666666666668,
              62.916666666666664
            ]
          ]
        },
        {
          "participant": "3227",
          "train_size": 2,
          "n_seeds": 20,
          "n_train_samples_mean": 6.0,
          "n_test_samples_mean": 36.0,
          "test_acc_mean": 0.5277777777777779,
          "test_acc_std": 0.07265949496952735,
          "test_bal_acc_mean": 0.5277777777777779,
          "test_bal_acc_std": 0.07265949496952734,
          "test_f1_mean": 0.46822612366308186,
          "test_f1_std": 0.08594777862651956,
          "test_kappa_mean": 0.29166666666666663,
          "test_kappa_std": 0.10898924245429104,
          "confusion_matrix": [
            [
              30.833333333333336,
              60.0,
              9.166666666666668
            ],
            [
              5.416666666666667,
              32.08333333333333,
              62.500000000000014
            ],
            [
              0.0,
              4.583333333333332,
              95.41666666666666
            ]
          ]
        },
        {
          "participant": "3228",
          "train_size": 2,
          "n_seeds": 20,
          "n_train_samples_mean": 6.0,
          "n_test_samples_mean": 27.0,
          "test_acc_mean": 0.7259259259259259,
          "test_acc_std": 0.10707416206641596,
          "test_bal_acc_mean": 0.7069444444444444,
          "test_bal_acc_std": 0.14263230124808415,
          "test_f1_mean": 0.7057633184699756,
          "test_f1_std": 0.1304294187429893,
          "test_kappa_mean": 0.5293584465950331,
          "test_kappa_std": 0.19310976301396265,
          "confusion_matrix": [
            [
              64.99999999999999,
              35.0,
              0.0
            ],
            [
              4.583333333333333,
              81.25000000000001,
              14.166666666666663
            ],
            [
              0.0,
              34.16666666666667,
              65.83333333333334
            ]
          ]
        },
        {
          "participant": "3229",
          "train_size": 2,
          "n_seeds": 20,
          "n_train_samples_mean": 6.0,
          "n_test_samples_mean": 36.0,
          "test_acc_mean": 0.46111111111111114,
          "test_acc_std": 0.06523810540137777,
          "test_bal_acc_mean": 0.46111111111111114,
          "test_bal_acc_std": 0.06523810540137777,
          "test_f1_mean": 0.39704698317146414,
          "test_f1_std": 0.08600311615420164,
          "test_kappa_mean": 0.19166666666666665,
          "test_kappa_std": 0.09785715810206666,
          "confusion_matrix": [
            [
              26.666666666666664,
              22.08333333333333,
              51.249999999999986
            ],
            [
              26.25,
              24.166666666666664,
              49.583333333333336
            ],
            [
              10.0,
              2.5,
              87.5
            ]
          ]
        },
        {
          "participant": "3230",
          "train_size": 2,
          "n_seeds": 20,
          "n_train_samples_mean": 6.0,
          "n_test_samples_mean": 36.0,
          "test_acc_mean": 0.5527777777777778,
          "test_acc_std": 0.09618283163857412,
          "test_bal_acc_mean": 0.5527777777777778,
          "test_bal_acc_std": 0.09618283163857415,
          "test_f1_mean": 0.5186363184474184,
          "test_f1_std": 0.10785249402938375,
          "test_kappa_mean": 0.32916666666666666,
          "test_kappa_std": 0.14427424745786116,
          "confusion_matrix": [
            [
              36.666666666666664,
              25.0,
              38.33333333333333
            ],
            [
              19.583333333333336,
              75.41666666666666,
              5.0
            ],
            [
              35.0,
              11.250000000000002,
              53.75
            ]
          ]
        },
        {
          "participant": "3231",
          "train_size": 2,
          "n_seeds": 20,
          "n_train_samples_mean": 6.0,
          "n_test_samples_mean": 36.0,
          "test_acc_mean": 0.5597222222222222,
          "test_acc_std": 0.10365125901684204,
          "test_bal_acc_mean": 0.5597222222222223,
          "test_bal_acc_std": 0.10365125901684205,
          "test_f1_mean": 0.5063761150741501,
          "test_f1_std": 0.12070382919017163,
          "test_kappa_mean": 0.3395833333333334,
          "test_kappa_std": 0.15547688852526304,
          "confusion_matrix": [
            [
              32.916666666666664,
              12.916666666666663,
              54.16666666666667
            ],
            [
              17.916666666666668,
              52.5,
              29.583333333333336
            ],
            [
              17.083333333333332,
              0.41666666666666663,
              82.50000000000003
            ]
          ]
        },
        {
          "participant": "3232",
          "train_size": 2,
          "n_seeds": 20,
          "n_train_samples_mean": 6.0,
          "n_test_samples_mean": 36.0,
          "test_acc_mean": 0.5375,
          "test_acc_std": 0.07608592232698685,
          "test_bal_acc_mean": 0.5375,
          "test_bal_acc_std": 0.07608592232698684,
          "test_f1_mean": 0.4902497869360845,
          "test_f1_std": 0.09114061117478994,
          "test_kappa_mean": 0.30625,
          "test_kappa_std": 0.1141288834904803,
          "confusion_matrix": [
            [
              32.08333333333333,
              20.0,
              47.91666666666667
            ],
            [
              12.916666666666666,
              42.916666666666664,
              44.16666666666667
            ],
            [
              11.666666666666666,
              2.083333333333333,
              86.25
            ]
          ]
        },
        {
          "participant": "3233",
          "train_size": 2,
          "n_seeds": 20,
          "n_train_samples_mean": 6.0,
          "n_test_samples_mean": 36.0,
          "test_acc_mean": 0.7124999999999999,
          "test_acc_std": 0.14898263392481717,
          "test_bal_acc_mean": 0.7124999999999999,
          "test_bal_acc_std": 0.1489826339248172,
          "test_f1_mean": 0.6897132790120671,
          "test_f1_std": 0.175383444039159,
          "test_kappa_mean": 0.56875,
          "test_kappa_std": 0.22347395088722577,
          "confusion_matrix": [
            [
              53.75,
              25.416666666666664,
              20.833333333333336
            ],
            [
              1.6666666666666665,
              88.75000000000001,
              9.583333333333334
            ],
            [
              2.083333333333333,
              26.666666666666668,
              71.25
            ]
          ]
        },
        {
          "participant": "3234",
          "train_size": 2,
          "n_seeds": 20,
          "n_train_samples_mean": 6.0,
          "n_test_samples_mean": 36.0,
          "test_acc_mean": 0.41666666666666663,
          "test_acc_std": 0.1031505016512435,
          "test_bal_acc_mean": 0.41666666666666663,
          "test_bal_acc_std": 0.10315050165124348,
          "test_f1_mean": 0.3296991797776364,
          "test_f1_std": 0.12255141818556686,
          "test_kappa_mean": 0.12499999999999997,
          "test_kappa_std": 0.15472575247686524,
          "confusion_matrix": [
            [
              87.91666666666666,
              0.41666666666666663,
              11.666666666666668
            ],
            [
              42.5,
              14.166666666666666,
              43.333333333333336
            ],
            [
              74.58333333333334,
              2.4999999999999996,
              22.916666666666664
            ]
          ]
        },
        {
          "participant": "3235",
          "train_size": 2,
          "n_seeds": 20,
          "n_train_samples_mean": 6.0,
          "n_test_samples_mean": 35.0,
          "test_acc_mean": 0.7242857142857144,
          "test_acc_std": 0.05100493857851902,
          "test_bal_acc_mean": 0.7224747474747474,
          "test_bal_acc_std": 0.05041792058988415,
          "test_f1_mean": 0.7067872340300945,
          "test_f1_std": 0.07183960034774693,
          "test_kappa_mean": 0.5850941214402066,
          "test_kappa_std": 0.07616086122911012,
          "confusion_matrix": [
            [
              65.9090909090909,
              26.363636363636367,
              7.727272727272728
            ],
            [
              0.0,
              100.0,
              0.0
            ],
            [
              13.75,
              35.41666666666667,
              50.83333333333332
            ]
          ]
        },
        {
          "participant": "3236",
          "train_size": 2,
          "n_seeds": 20,
          "n_train_samples_mean": 6.0,
          "n_test_samples_mean": 28.0,
          "test_acc_mean": 0.6482142857142856,
          "test_acc_std": 0.16682211690774426,
          "test_bal_acc_mean": 0.701388888888889,
          "test_bal_acc_std": 0.11883770828184802,
          "test_f1_mean": 0.6417820644729826,
          "test_f1_std": 0.17747658721403492,
          "test_kappa_mean": 0.4916118581029094,
          "test_kappa_std": 0.19803119769484998,
          "confusion_matrix": [
            [
              66.25000000000001,
              30.833333333333336,
              2.916666666666666
            ],
            [
              0.0,
              88.75,
              11.25
            ],
            [
              21.249999999999996,
              23.333333333333332,
              55.41666666666667
            ]
          ]
        },
        {
          "participant": "3237",
          "train_size": 2,
          "n_seeds": 20,
          "n_train_samples_mean": 6.0,
          "n_test_samples_mean": 33.0,
          "test_acc_mean": 0.6727272727272726,
          "test_acc_std": 0.08023454092346252,
          "test_bal_acc_mean": 0.6763888888888888,
          "test_bal_acc_std": 0.08914006706214857,
          "test_f1_mean": 0.6436338387466728,
          "test_f1_std": 0.09470942178387406,
          "test_kappa_mean": 0.5032014923752448,
          "test_kappa_std": 0.12644389135820938,
          "confusion_matrix": [
            [
              38.33333333333333,
              15.416666666666666,
              46.25000000000001
            ],
            [
              6.666666666666667,
              71.66666666666666,
              21.66666666666666
            ],
            [
              3.749999999999999,
              3.333333333333333,
              92.91666666666666
            ]
          ]
        },
        {
          "participant": "3238",
          "train_size": 2,
          "n_seeds": 20,
          "n_train_samples_mean": 6.0,
          "n_test_samples_mean": 36.0,
          "test_acc_mean": 0.4833333333333333,
          "test_acc_std": 0.06138958349478696,
          "test_bal_acc_mean": 0.4833333333333333,
          "test_bal_acc_std": 0.061389583494786924,
          "test_f1_mean": 0.4424230121685905,
          "test_f1_std": 0.07866816407331431,
          "test_kappa_mean": 0.22499999999999995,
          "test_kappa_std": 0.09208437524218042,
          "confusion_matrix": [
            [
              29.583333333333332,
              34.583333333333336,
              35.83333333333333
            ],
            [
              7.916666666666666,
              40.833333333333336,
              51.25
            ],
            [
              5.833333333333332,
              19.583333333333336,
              74.58333333333333
            ]
          ]
        },
        {
          "participant": "3239",
          "train_size": 2,
          "n_seeds": 20,
          "n_train_samples_mean": 6.0,
          "n_test_samples_mean": 31.0,
          "test_acc_mean": 0.5483870967741934,
          "test_acc_std": 0.1057003899237581,
          "test_bal_acc_mean": 0.5506313131313131,
          "test_bal_acc_std": 0.08858667012431697,
          "test_f1_mean": 0.5333242918883035,
          "test_f1_std": 0.10437829919935075,
          "test_kappa_mean": 0.3306456820944487,
          "test_kappa_std": 0.14041278824013223,
          "confusion_matrix": [
            [
              44.166666666666664,
              10.833333333333332,
              44.99999999999999
            ],
            [
              13.636363636363637,
              67.27272727272728,
              19.09090909090909
            ],
            [
              41.25,
              5.0,
              53.75
            ]
          ]
        },
        {
          "participant": "3240",
          "train_size": 2,
          "n_seeds": 20,
          "n_train_samples_mean": 6.0,
          "n_test_samples_mean": 34.0,
          "test_acc_mean": 0.7117647058823529,
          "test_acc_std": 0.12823841845826084,
          "test_bal_acc_mean": 0.7093434343434343,
          "test_bal_acc_std": 0.12809646469577504,
          "test_f1_mean": 0.686303774393594,
          "test_f1_std": 0.15847299434245596,
          "test_kappa_mean": 0.5672531767642643,
          "test_kappa_std": 0.191357495252293,
          "confusion_matrix": [
            [
              84.09090909090911,
              5.0,
              10.90909090909091
            ],
            [
              16.25,
              79.16666666666666,
              4.583333333333331
            ],
            [
              30.000000000000007,
              20.454545454545453,
              49.54545454545455
            ]
          ]
        },
        {
          "participant": "3241",
          "train_size": 2,
          "n_seeds": 20,
          "n_train_samples_mean": 6.0,
          "n_test_samples_mean": 36.0,
          "test_acc_mean": 0.6208333333333335,
          "test_acc_std": 0.09420980484766273,
          "test_bal_acc_mean": 0.6208333333333335,
          "test_bal_acc_std": 0.09420980484766275,
          "test_f1_mean": 0.5886210373852855,
          "test_f1_std": 0.11058079651629403,
          "test_kappa_mean": 0.4312499999999999,
          "test_kappa_std": 0.14131470727149412,
          "confusion_matrix": [
            [
              54.16666666666667,
              22.5,
              23.333333333333332
            ],
            [
              24.583333333333332,
              56.666666666666664,
              18.750000000000004
            ],
            [
              16.249999999999993,
              8.333333333333334,
              75.41666666666666
            ]
          ]
        },
        {
          "participant": "3242",
          "train_size": 2,
          "n_seeds": 20,
          "n_train_samples_mean": 6.0,
          "n_test_samples_mean": 36.0,
          "test_acc_mean": 0.8111111111111111,
          "test_acc_std": 0.09563236407111225,
          "test_bal_acc_mean": 0.8111111111111111,
          "test_bal_acc_std": 0.09563236407111224,
          "test_f1_mean": 0.7988127949440684,
          "test_f1_std": 0.10718923388698276,
          "test_kappa_mean": 0.7166666666666667,
          "test_kappa_std": 0.14344854610666835,
          "confusion_matrix": [
            [
              88.33333333333333,
              11.666666666666668,
              0.0
            ],
            [
              16.249999999999996,
              69.58333333333334,
              14.166666666666666
            ],
            [
              4.583333333333333,
              10.0,
              85.41666666666666
            ]
          ]
        },
        {
          "participant": "3243",
          "train_size": 2,
          "n_seeds": 20,
          "n_train_samples_mean": 6.0,
          "n_test_samples_mean": 35.0,
          "test_acc_mean": 0.7785714285714286,
          "test_acc_std": 0.10149261982873065,
          "test_bal_acc_mean": 0.7834595959595959,
          "test_bal_acc_std": 0.09939861200079078,
          "test_f1_mean": 0.7544628578572774,
          "test_f1_std": 0.12447355211781985,
          "test_kappa_mean": 0.6686823247858321,
          "test_kappa_std": 0.15132180124175007,
          "confusion_matrix": [
            [
              95.45454545454547,
              0.9090909090909092,
              3.6363636363636367
            ],
            [
              4.583333333333332,
              89.16666666666666,
              6.25
            ],
            [
              16.666666666666668,
              32.916666666666664,
              50.41666666666667
            ]
          ]
        },
        {
          "participant": "3244",
          "train_size": 2,
          "n_seeds": 20,
          "n_train_samples_mean": 6.0,
          "n_test_samples_mean": 36.0,
          "test_acc_mean": 0.6916666666666667,
          "test_acc_std": 0.10811005631070393,
          "test_bal_acc_mean": 0.6916666666666665,
          "test_bal_acc_std": 0.10811005631070393,
          "test_f1_mean": 0.6453785983028015,
          "test_f1_std": 0.12733408527899084,
          "test_kappa_mean": 0.5375000000000001,
          "test_kappa_std": 0.16216508446605588,
          "confusion_matrix": [
            [
              79.16666666666667,
              5.416666666666666,
              15.416666666666666
            ],
            [
              0.41666666666666663,
              99.16666666666666,
              0.41666666666666663
            ],
            [
              34.166666666666664,
              36.66666666666667,
              29.166666666666668
            ]
          ]
        },
        {
          "participant": "3245",
          "train_size": 2,
          "n_seeds": 20,
          "n_train_samples_mean": 6.0,
          "n_test_samples_mean": 34.0,
          "test_acc_mean": 0.7529411764705881,
          "test_acc_std": 0.105140157603309,
          "test_bal_acc_mean": 0.7411111111111112,
          "test_bal_acc_std": 0.1097489603959518,
          "test_f1_mean": 0.7286610664668932,
          "test_f1_std": 0.12240582845797068,
          "test_kappa_mean": 0.6240137128468335,
          "test_kappa_std": 0.16229472579868465,
          "confusion_matrix": [
            [
              69.58333333333334,
              19.166666666666664,
              11.249999999999998
            ],
            [
              1.2499999999999998,
              98.75,
              0.0
            ],
            [
              18.5,
              27.5,
              54.0
            ]
          ]
        },
        {
          "participant": "3246",
          "train_size": 2,
          "n_seeds": 20,
          "n_train_samples_mean": 6.0,
          "n_test_samples_mean": 36.0,
          "test_acc_mean": 0.5069444444444444,
          "test_acc_std": 0.06491046965494252,
          "test_bal_acc_mean": 0.5069444444444444,
          "test_bal_acc_std": 0.0649104696549425,
          "test_f1_mean": 0.4336906508881465,
          "test_f1_std": 0.07997830528908911,
          "test_kappa_mean": 0.26041666666666663,
          "test_kappa_std": 0.09736570448241377,
          "confusion_matrix": [
            [
              40.416666666666664,
              52.08333333333333,
              7.499999999999998
            ],
            [
              0.41666666666666663,
              99.58333333333333,
              0.0
            ],
            [
              20.833333333333332,
              67.08333333333334,
              12.083333333333332
            ]
          ]
        },
        {
          "participant": "3247",
          "train_size": 2,
          "n_seeds": 20,
          "n_train_samples_mean": 6.0,
          "n_test_samples_mean": 36.0,
          "test_acc_mean": 0.5486111111111109,
          "test_acc_std": 0.12645353722226751,
          "test_bal_acc_mean": 0.548611111111111,
          "test_bal_acc_std": 0.1264535372222675,
          "test_f1_mean": 0.517276077451933,
          "test_f1_std": 0.1533566636610085,
          "test_kappa_mean": 0.32291666666666663,
          "test_kappa_std": 0.18968030583340126,
          "confusion_matrix": [
            [
              61.25,
              38.333333333333336,
              0.41666666666666663
            ],
            [
              8.333333333333332,
              56.666666666666664,
              34.99999999999999
            ],
            [
              3.749999999999999,
              49.58333333333332,
              46.66666666666667
            ]
          ]
        },
        {
          "participant": "3248",
          "train_size": 2,
          "n_seeds": 20,
          "n_train_samples_mean": 6.0,
          "n_test_samples_mean": 35.0,
          "test_acc_mean": 0.6228571428571428,
          "test_acc_std": 0.07733476547188053,
          "test_bal_acc_mean": 0.6227272727272728,
          "test_bal_acc_std": 0.08044759438980947,
          "test_f1_mean": 0.59780241556282,
          "test_f1_std": 0.09757975794642365,
          "test_kappa_mean": 0.4312707324822023,
          "test_kappa_std": 0.1182576247002739,
          "confusion_matrix": [
            [
              61.81818181818181,
              12.272727272727273,
              25.909090909090907
            ],
            [
              4.583333333333333,
              73.75,
              21.666666666666668
            ],
            [
              3.749999999999999,
              44.99999999999999,
              51.25
            ]
          ]
        },
        {
          "participant": "3249",
          "train_size": 2,
          "n_seeds": 20,
          "n_train_samples_mean": 6.0,
          "n_test_samples_mean": 36.0,
          "test_acc_mean": 0.6458333333333334,
          "test_acc_std": 0.11536977587386214,
          "test_bal_acc_mean": 0.6458333333333334,
          "test_bal_acc_std": 0.11536977587386212,
          "test_f1_mean": 0.6266672394366753,
          "test_f1_std": 0.13425885314191469,
          "test_kappa_mean": 0.46875,
          "test_kappa_std": 0.17305466381079324,
          "confusion_matrix": [
            [
              73.33333333333334,
              10.833333333333334,
              15.833333333333334
            ],
            [
              19.58333333333333,
              58.750000000000014,
              21.666666666666664
            ],
            [
              17.499999999999996,
              20.833333333333336,
              61.666666666666664
            ]
          ]
        },
        {
          "participant": "3250",
          "train_size": 2,
          "n_seeds": 20,
          "n_train_samples_mean": 6.0,
          "n_test_samples_mean": 36.0,
          "test_acc_mean": 0.6402777777777778,
          "test_acc_std": 0.1064348571541011,
          "test_bal_acc_mean": 0.6402777777777778,
          "test_bal_acc_std": 0.1064348571541011,
          "test_f1_mean": 0.60337131802509,
          "test_f1_std": 0.13172430263890575,
          "test_kappa_mean": 0.4604166666666666,
          "test_kappa_std": 0.15965228573115164,
          "confusion_matrix": [
            [
              81.66666666666667,
              14.166666666666666,
              4.166666666666666
            ],
            [
              6.249999999999998,
              71.66666666666667,
              22.08333333333333
            ],
            [
              32.08333333333333,
              29.166666666666668,
              38.75
            ]
          ]
        }
      ]
    },
    {
      "aggregated": {
        "train_size": 3,
        "n_participants": 38,
        "n_seeds": 20,
        "test_acc_mean": 0.7205758240452053,
        "test_acc_std": 0.14520588607033277,
        "test_bal_acc_mean": 0.7213170236196552,
        "test_bal_acc_std": 0.1474282151391425,
        "test_f1_mean": 0.7001414762165115,
        "test_f1_std": 0.16839613811691942,
        "test_kappa_mean": 0.5783741207356176,
        "test_kappa_std": 0.21747820382262617,
        "confusion_matrix": [
