{
  "name": "pose_perf_eye",
  "config": {
    "n_seeds": 20,
    "feature_selection": "backward",
    "use_pose_derivatives": true,
    "use_time_features": false,
    "include_order": false,
    "normalize_features": true,
    "class_config": "all",
    "use_pca": false,
    "pca_variance": 0.9,
    "write_cm": true,
    "tune_hyperparameters": false,
    "tune_n_iter": 30,
    "tune_cv_folds": 5,
    "name": "pose_perf_eye",
    "feature_groups": [
      "pose",
      "performance",
      "eye_tracking"
    ],
    "split_strategy": "participant_specific",
    "sampling_strategy": "temporal_stratified"
  },
  "sampling_strategy": "temporal_stratified",
  "n_seeds": 20,
  "learning_curve": [
    {
      "aggregated": {
        "train_size": 2,
        "n_participants": 42,
        "n_seeds": 20,
        "test_acc_mean": 0.5884329426418662,
        "test_acc_std": 0.11199419158311909,
        "test_bal_acc_mean": 0.5884933662016996,
        "test_bal_acc_std": 0.11231165307698353,
        "test_f1_mean": 0.5527525374477174,
        "test_f1_std": 0.12835788979377138,
        "test_kappa_mean": 0.3828499607825306,
        "test_kappa_std": 0.16754809802611934,
        "confusion_matrix": [
          [
            57.47745310245312,
            24.54906204906205,
            17.973484848484844
          ],
          [
            15.137385762385762,
            64.14547258297259,
            20.717141654641654
          ],
          [
            18.736171236171238,
            26.33874458874459,
            54.925084175084194
          ]
        ]
      },
      "per_participant": [
        {
          "participant": "3105",
          "train_size": 2,
          "n_seeds": 20,
          "n_train_samples_mean": 6.0,
          "n_test_samples_mean": 36.0,
          "test_acc_mean": 0.7375,
          "test_acc_std": 0.10294359943856209,
          "test_bal_acc_mean": 0.7375,
          "test_bal_acc_std": 0.10294359943856207,
          "test_f1_mean": 0.7201955394171768,
          "test_f1_std": 0.11605292163043071,
          "test_kappa_mean": 0.60625,
          "test_kappa_std": 0.15441539915784316,
          "confusion_matrix": [
            [
              89.16666666666666,
              10.833333333333334,
              0.0
            ],
            [
              5.833333333333332,
              64.16666666666666,
              29.999999999999993
            ],
            [
              11.250000000000002,
              20.833333333333336,
              67.91666666666666
            ]
          ]
        },
        {
          "participant": "3206",
          "train_size": 2,
          "n_seeds": 20,
          "n_train_samples_mean": 6.0,
          "n_test_samples_mean": 32.0,
          "test_acc_mean": 0.3328125,
          "test_acc_std": 0.06513760106396628,
          "test_bal_acc_mean": 0.33958333333333335,
          "test_bal_acc_std": 0.07837010770489226,
          "test_f1_mean": 0.25187185856847166,
          "test_f1_std": 0.07635075629209155,
          "test_kappa_mean": -0.0037562797508632504,
          "test_kappa_std": 0.11586679332852061,
          "confusion_matrix": [
            [
              53.333333333333336,
              35.0,
              11.666666666666668
            ],
            [
              55.0,
              39.375,
              5.625
            ],
            [
              63.333333333333336,
              27.5,
              9.166666666666666
            ]
          ]
        },
        {
          "participant": "3207",
          "train_size": 2,
          "n_seeds": 20,
          "n_train_samples_mean": 6.0,
          "n_test_samples_mean": 34.0,
          "test_acc_mean": 0.5044117647058823,
          "test_acc_std": 0.07346746616671358,
          "test_bal_acc_mean": 0.5133838383838385,
          "test_bal_acc_std": 0.07233589460255638,
          "test_f1_mean": 0.45303672080950486,
          "test_f1_std": 0.1007998263239152,
          "test_kappa_mean": 0.2625499449080294,
          "test_kappa_std": 0.10762146354422583,
          "confusion_matrix": [
            [
              20.833333333333336,
              77.49999999999999,
              1.6666666666666665
            ],
            [
              7.272727272727273,
              85.00000000000001,
              7.727272727272727
            ],
            [
              19.09090909090909,
              32.727272727272734,
              48.18181818181818
            ]
          ]
        },
        {
          "participant": "3208",
          "train_size": 2,
          "n_seeds": 20,
          "n_train_samples_mean": 6.0,
          "n_test_samples_mean": 36.0,
          "test_acc_mean": 0.5263888888888888,
          "test_acc_std": 0.0782955821271978,
          "test_bal_acc_mean": 0.5263888888888888,
          "test_bal_acc_std": 0.07829558212719781,
          "test_f1_mean": 0.5005360580316677,
          "test_f1_std": 0.0900935475299405,
          "test_kappa_mean": 0.2895833333333333,
          "test_kappa_std": 0.11744337319079672,
          "confusion_matrix": [
            [
              61.66666666666667,
              27.500000000000007,
              10.833333333333332
            ],
            [
              22.916666666666664,
              42.916666666666664,
              34.16666666666667
            ],
            [
              20.833333333333336,
              25.833333333333332,
              53.333333333333336
            ]
          ]
        },
        {
          "participant": "3209",
          "train_size": 2,
          "n_seeds": 20,
          "n_train_samples_mean": 6.0,
          "n_test_samples_mean": 35.0,
          "test_acc_mean": 0.6585714285714286,
          "test_acc_std": 0.13543897679007325,
          "test_bal_acc_mean": 0.6515151515151514,
          "test_bal_acc_std": 0.1370412604211557,
          "test_f1_mean": 0.6253457737679311,
          "test_f1_std": 0.16151169018798833,
          "test_kappa_mean": 0.4829144598652787,
          "test_kappa_std": 0.20624598280222375,
          "confusion_matrix": [
            [
              96.25,
              3.333333333333333,
              0.41666666666666663
            ],
            [
              39.58333333333333,
              58.75,
              1.6666666666666665
            ],
            [
              38.18181818181818,
              21.363636363636363,
              40.45454545454545
            ]
          ]
        },
        {
          "participant": "3214",
          "train_size": 2,
          "n_seeds": 20,
          "n_train_samples_mean": 6.0,
          "n_test_samples_mean": 36.0,
          "test_acc_mean": 0.4958333333333333,
          "test_acc_std": 0.10711945503886425,
          "test_bal_acc_mean": 0.4958333333333333,
          "test_bal_acc_std": 0.10711945503886428,
          "test_f1_mean": 0.4641273511687182,
          "test_f1_std": 0.1310262651350337,
          "test_kappa_mean": 0.24375000000000005,
          "test_kappa_std": 0.1606791825582964,
          "confusion_matrix": [
            [
              47.5,
              35.416666666666664,
              17.083333333333332
            ],
            [
              0.8333333333333333,
              58.33333333333333,
              40.833333333333336
            ],
            [
              0.41666666666666663,
              56.66666666666665,
              42.91666666666667
            ]
          ]
        },
        {
          "participant": "3215",
          "train_size": 2,
          "n_seeds": 20,
          "n_train_samples_mean": 6.0,
          "n_test_samples_mean": 36.0,
          "test_acc_mean": 0.4875,
          "test_acc_std": 0.10014406451817114,
          "test_bal_acc_mean": 0.4875,
          "test_bal_acc_std": 0.10014406451817114,
          "test_f1_mean": 0.3978186701711245,
          "test_f1_std": 0.13424660029909055,
          "test_kappa_mean": 0.23124999999999996,
          "test_kappa_std": 0.1502160967772567,
          "confusion_matrix": [
            [
              90.83333333333334,
              2.083333333333333,
              7.083333333333333
            ],
            [
              58.33333333333335,
              9.999999999999998,
              31.666666666666675
            ],
            [
              52.916666666666664,
              1.6666666666666665,
              45.416666666666664
            ]
          ]
        },
        {
          "participant": "3216",
          "train_size": 2,
          "n_seeds": 20,
          "n_train_samples_mean": 6.0,
          "n_test_samples_mean": 34.0,
          "test_acc_mean": 0.5485294117647059,
          "test_acc_std": 0.07221739676025371,
          "test_bal_acc_mean": 0.5297222222222222,
          "test_bal_acc_std": 0.07071699539217532,
          "test_f1_mean": 0.5038548908618432,
          "test_f1_std": 0.08009283567475353,
          "test_kappa_mean": 0.31315401349458505,
          "test_kappa_std": 0.10700369214908483,
          "confusion_matrix": [
            [
              76.25,
              15.416666666666666,
              8.333333333333332
            ],
            [
              15.833333333333332,
              61.666666666666664,
              22.499999999999996
            ],
            [
              41.0,
              38.0,
              21.0
            ]
          ]
        },
        {
          "participant": "3217",
          "train_size": 2,
          "n_seeds": 20,
          "n_train_samples_mean": 6.0,
          "n_test_samples_mean": 36.0,
          "test_acc_mean": 0.6083333333333334,
          "test_acc_std": 0.09142045616309419,
          "test_bal_acc_mean": 0.6083333333333335,
          "test_bal_acc_std": 0.09142045616309422,
          "test_f1_mean": 0.5853258308475272,
          "test_f1_std": 0.11318577369199266,
          "test_kappa_mean": 0.4125,
          "test_kappa_std": 0.13713068424464125,
          "confusion_matrix": [
            [
              46.24999999999999,
              47.91666666666667,
              5.833333333333332
            ],
            [
              8.75,
              88.33333333333333,
              2.9166666666666665
            ],
            [
              5.833333333333332,
              46.25000000000001,
              47.91666666666667
            ]
          ]
        },
        {
          "participant": "3218",
          "train_size": 2,
          "n_seeds": 20,
          "n_train_samples_mean": 6.0,
          "n_test_samples_mean": 36.0,
          "test_acc_mean": 0.727777777777778,
          "test_acc_std": 0.10986139297322284,
          "test_bal_acc_mean": 0.7277777777777779,
          "test_bal_acc_std": 0.10986139297322285,
          "test_f1_mean": 0.7094042447157337,
          "test_f1_std": 0.12230541780501092,
          "test_kappa_mean": 0.5916666666666667,
          "test_kappa_std": 0.16479208945983423,
          "confusion_matrix": [
            [
              93.33333333333334,
              6.666666666666666,
              0.0
            ],
            [
              32.916666666666664,
              61.25,
              5.833333333333331
            ],
            [
              12.5,
              23.749999999999996,
              63.75
            ]
          ]
        },
        {
          "participant": "3219",
          "train_size": 2,
          "n_seeds": 20,
          "n_train_samples_mean": 6.0,
          "n_test_samples_mean": 34.0,
          "test_acc_mean": 0.4235294117647059,
          "test_acc_std": 0.08556325638495745,
          "test_bal_acc_mean": 0.429419191919192,
          "test_bal_acc_std": 0.08245869928343062,
          "test_f1_mean": 0.36150597087746056,
          "test_f1_std": 0.12977515942774992,
          "test_kappa_mean": 0.14380340721803614,
          "test_kappa_std": 0.12429739191603749,
          "confusion_matrix": [
            [
              29.090909090909086,
              65.9090909090909,
              5.0
            ],
            [
              16.363636363636363,
              76.81818181818183,
              6.818181818181818
            ],
            [
              14.583333333333334,
              62.5,
              22.916666666666664
            ]
          ]
        },
        {
          "participant": "3220",
          "train_size": 2,
          "n_seeds": 20,
          "n_train_samples_mean": 6.0,
          "n_test_samples_mean": 36.0,
          "test_acc_mean": 0.6097222222222223,
          "test_acc_std": 0.09642530532060989,
          "test_bal_acc_mean": 0.6097222222222223,
          "test_bal_acc_std": 0.09642530532060992,
          "test_f1_mean": 0.5655595006406176,
          "test_f1_std": 0.12911856457125132,
          "test_kappa_mean": 0.4145833333333334,
          "test_kappa_std": 0.14463795798091486,
          "confusion_matrix": [
            [
              31.666666666666668,
              64.58333333333334,
              3.749999999999999
            ],
            [
              9.166666666666668,
              90.41666666666667,
              0.41666666666666663
            ],
            [
              12.916666666666663,
              26.249999999999993,
              60.833333333333336
            ]
          ]
        },
        {
          "participant": "3221",
          "train_size": 2,
          "n_seeds": 20,
          "n_train_samples_mean": 6.0,
          "n_test_samples_mean": 36.0,
          "test_acc_mean": 0.5319444444444444,
          "test_acc_std": 0.10325871354673578,
          "test_bal_acc_mean": 0.5319444444444444,
          "test_bal_acc_std": 0.10325871354673578,
          "test_f1_mean": 0.4947109230790021,
          "test_f1_std": 0.12299922149080027,
          "test_kappa_mean": 0.2979166666666667,
          "test_kappa_std": 0.1548880703201037,
          "confusion_matrix": [
            [
              39.99999999999999,
              53.33333333333335,
              6.666666666666666
            ],
            [
              17.083333333333332,
              78.33333333333334,
              4.583333333333334
            ],
            [
              24.583333333333332,
              34.16666666666667,
              41.25
            ]
          ]
        },
        {
          "participant": "3222",
          "train_size": 2,
          "n_seeds": 20,
          "n_train_samples_mean": 6.0,
          "n_test_samples_mean": 36.0,
          "test_acc_mean": 0.5125,
          "test_acc_std": 0.0842903140938061,
          "test_bal_acc_mean": 0.5125,
          "test_bal_acc_std": 0.0842903140938061,
          "test_f1_mean": 0.47122243796511676,
          "test_f1_std": 0.09971546370486567,
          "test_kappa_mean": 0.26875,
          "test_kappa_std": 0.12643547114070916,
          "confusion_matrix": [
            [
              29.99999999999999,
              12.499999999999998,
              57.5
            ],
            [
              5.0,
              39.166666666666664,
              55.833333333333336
            ],
            [
              11.666666666666668,
              3.75,
              84.58333333333334
            ]
          ]
        },
        {
          "participant": "3223",
          "train_size": 2,
          "n_seeds": 20,
          "n_train_samples_mean": 6.0,
          "n_test_samples_mean": 36.0,
          "test_acc_mean": 0.3944444444444445,
          "test_acc_std": 0.06839855680567694,
          "test_bal_acc_mean": 0.3944444444444445,
          "test_bal_acc_std": 0.06839855680567694,
          "test_f1_mean": 0.3412062194851794,
          "test_f1_std": 0.08210236258249247,
          "test_kappa_mean": 0.09166666666666665,
          "test_kappa_std": 0.10259783520851544,
          "confusion_matrix": [
            [
              25.833333333333332,
              26.666666666666668,
              47.500000000000014
            ],
            [
              12.083333333333332,
              71.66666666666666,
              16.250000000000004
            ],
            [
              5.416666666666666,
              73.75,
              20.833333333333332
            ]
          ]
        },
        {
          "participant": "3224",
          "train_size": 2,
          "n_seeds": 20,
          "n_train_samples_mean": 6.0,
          "n_test_samples_mean": 21.0,
          "test_acc_mean": 0.630952380952381,
          "test_acc_std": 0.18467028707992686,
          "test_bal_acc_mean": 0.582996632996633,
          "test_bal_acc_std": 0.1361310951647346,
          "test_f1_mean": 0.6614042742772096,
          "test_f1_std": 0.16064102548353731,
          "test_kappa_mean": 0.4490870409061595,
          "test_kappa_std": 0.20097573136311125,
          "confusion_matrix": [
            [
              45.0,
              0.0,
              55.0
            ],
            [
              29.545454545454543,
              55.45454545454545,
              15.0
            ],
            [
              20.555555555555554,
              5.0,
              74.44444444444444
            ]
          ]
        },
        {
          "participant": "3225",
          "train_size": 2,
          "n_seeds": 20,
          "n_train_samples_mean": 6.0,
          "n_test_samples_mean": 36.0,
          "test_acc_mean": 0.4833333333333332,
          "test_acc_std": 0.1203741189999588,
          "test_bal_acc_mean": 0.4833333333333333,
          "test_bal_acc_std": 0.1203741189999588,
          "test_f1_mean": 0.4668789524658371,
          "test_f1_std": 0.12046303441748536,
          "test_kappa_mean": 0.225,
          "test_kappa_std": 0.1805611784999382,
          "confusion_matrix": [
            [
              72.08333333333333,
              24.58333333333333,
              3.333333333333332
            ],
            [
              20.833333333333332,
              38.33333333333334,
              40.83333333333333
            ],
            [
              0.41666666666666663,
              64.99999999999999,
              34.58333333333333
            ]
          ]
        },
        {
          "participant": "3226",
          "train_size": 2,
          "n_seeds": 20,
          "n_train_samples_mean": 6.0,
          "n_test_samples_mean": 36.0,
          "test_acc_mean": 0.5486111111111112,
          "test_acc_std": 0.08685305717855048,
          "test_bal_acc_mean": 0.5486111111111112,
          "test_bal_acc_std": 0.08685305717855046,
          "test_f1_mean": 0.5227167097039105,
          "test_f1_std": 0.10021652682437306,
          "test_kappa_mean": 0.32291666666666663,
          "test_kappa_std": 0.13027958576782572,
          "confusion_matrix": [
            [
              59.16666666666667,
              22.083333333333336,
              18.75
            ],
            [
              34.583333333333336,
              49.58333333333333,
              15.833333333333334
            ],
            [
              18.75,
              25.416666666666664,
              55.833333333333336
            ]
          ]
        },
        {
          "participant": "3227",
          "train_size": 2,
          "n_seeds": 20,
          "n_train_samples_mean": 6.0,
          "n_test_samples_mean": 36.0,
          "test_acc_mean": 0.5375000000000001,
          "test_acc_std": 0.08610167841187029,
          "test_bal_acc_mean": 0.5375000000000001,
          "test_bal_acc_std": 0.08610167841187032,
          "test_f1_mean": 0.4850781542415114,
          "test_f1_std": 0.10144245466980377,
          "test_kappa_mean": 0.30625,
          "test_kappa_std": 0.12915251761780544,
          "confusion_matrix": [
            [
              35.0,
              54.583333333333314,
              10.416666666666666
            ],
            [
              2.4999999999999996,
              30.0,
              67.49999999999999
            ],
            [
              0.0,
              3.749999999999999,
              96.25
            ]
          ]
        },
        {
          "participant": "3228",
          "train_size": 2,
          "n_seeds": 20,
          "n_train_samples_mean": 6.0,
          "n_test_samples_mean": 36.0,
          "test_acc_mean": 0.6499999999999999,
          "test_acc_std": 0.11414000272000467,
          "test_bal_acc_mean": 0.6499999999999999,
          "test_bal_acc_std": 0.11414000272000469,
          "test_f1_mean": 0.6292154155928636,
          "test_f1_std": 0.13901607994453896,
          "test_kappa_mean": 0.475,
          "test_kappa_std": 0.17121000408000703,
          "confusion_matrix": [
            [
              48.75,
              50.416666666666664,
              0.8333333333333333
            ],
            [
              4.166666666666666,
              77.91666666666666,
              17.916666666666668
            ],
            [
              0.0,
              31.666666666666675,
              68.33333333333334
            ]
          ]
        },
        {
          "participant": "3229",
          "train_size": 2,
          "n_seeds": 20,
          "n_train_samples_mean": 6.0,
          "n_test_samples_mean": 36.0,
          "test_acc_mean": 0.43194444444444446,
          "test_acc_std": 0.06712500824315723,
          "test_bal_acc_mean": 0.43194444444444446,
          "test_bal_acc_std": 0.06712500824315723,
          "test_f1_mean": 0.36566926241392966,
          "test_f1_std": 0.08358541337206613,
          "test_kappa_mean": 0.14791666666666664,
          "test_kappa_std": 0.10068751236473582,
          "confusion_matrix": [
            [
              24.166666666666664,
              22.08333333333333,
              53.75
            ],
            [
              30.416666666666664,
              24.583333333333332,
              45.00000000000001
            ],
            [
              17.916666666666664,
              1.2499999999999998,
              80.83333333333333
            ]
          ]
        },
        {
          "participant": "3230",
          "train_size": 2,
          "n_seeds": 20,
          "n_train_samples_mean": 6.0,
          "n_test_samples_mean": 36.0,
          "test_acc_mean": 0.5361111111111112,
          "test_acc_std": 0.06869478407655298,
          "test_bal_acc_mean": 0.5361111111111112,
          "test_bal_acc_std": 0.06869478407655297,
          "test_f1_mean": 0.49710624035303785,
          "test_f1_std": 0.0751515518334467,
          "test_kappa_mean": 0.3041666666666667,
          "test_kappa_std": 0.10304217611482946,
          "confusion_matrix": [
            [
              28.75,
              22.083333333333336,
              49.166666666666664
            ],
            [
              18.749999999999996,
              74.99999999999999,
              6.249999999999998
            ],
            [
              31.666666666666664,
              11.25,
              57.083333333333336
            ]
          ]
        },
        {
          "participant": "3231",
          "train_size": 2,
          "n_seeds": 20,
          "n_train_samples_mean": 6.0,
          "n_test_samples_mean": 36.0,
          "test_acc_mean": 0.5708333333333334,
          "test_acc_std": 0.07511903051783163,
          "test_bal_acc_mean": 0.5708333333333334,
          "test_bal_acc_std": 0.07511903051783163,
          "test_f1_mean": 0.5329918527543318,
          "test_f1_std": 0.08827682423444058,
          "test_kappa_mean": 0.35625,
          "test_kappa_std": 0.11267854577674748,
          "confusion_matrix": [
            [
              41.666666666666664,
              8.333333333333334,
              50.0
            ],
            [
              18.333333333333332,
              45.416666666666664,
              36.25
            ],
            [
              11.249999999999998,
              4.583333333333332,
              84.16666666666669
            ]
          ]
        },
        {
          "participant": "3232",
          "train_size": 2,
          "n_seeds": 20,
          "n_train_samples_mean": 6.0,
          "n_test_samples_mean": 36.0,
          "test_acc_mean": 0.5597222222222223,
          "test_acc_std": 0.093343688509376,
          "test_bal_acc_mean": 0.5597222222222223,
          "test_bal_acc_std": 0.093343688509376,
          "test_f1_mean": 0.5091593067050304,
          "test_f1_std": 0.10776221367020955,
          "test_kappa_mean": 0.3395833333333333,
          "test_kappa_std": 0.14001553276406398,
          "confusion_matrix": [
            [
              37.08333333333333,
              17.916666666666664,
              45.0
            ],
            [
              12.5,
              40.416666666666664,
              47.083333333333336
            ],
            [
              7.5,
              2.083333333333333,
              90.41666666666667
            ]
          ]
        },
        {
          "participant": "3233",
          "train_size": 2,
          "n_seeds": 20,
          "n_train_samples_mean": 6.0,
          "n_test_samples_mean": 36.0,
          "test_acc_mean": 0.7,
          "test_acc_std": 0.1072425972217635,
          "test_bal_acc_mean": 0.7,
          "test_bal_acc_std": 0.1072425972217635,
          "test_f1_mean": 0.6811926436286868,
          "test_f1_std": 0.12187737610723982,
          "test_kappa_mean": 0.5499999999999999,
          "test_kappa_std": 0.16086389583264524,
          "confusion_matrix": [
            [
              51.249999999999986,
              25.833333333333332,
              22.91666666666666
            ],
            [
              0.8333333333333333,
              93.33333333333333,
              5.833333333333332
            ],
            [
              2.916666666666667,
              31.666666666666668,
              65.41666666666666
            ]
          ]
        },
        {
          "participant": "3234",
          "train_size": 2,
          "n_seeds": 20,
          "n_train_samples_mean": 6.0,
          "n_test_samples_mean": 36.0,
          "test_acc_mean": 0.425,
          "test_acc_std": 0.07652499835752519,
          "test_bal_acc_mean": 0.425,
          "test_bal_acc_std": 0.0765249983575252,
          "test_f1_mean": 0.33090914642112396,
          "test_f1_std": 0.11186429250745851,
          "test_kappa_mean": 0.13749999999999998,
          "test_kappa_std": 0.11478749753628775,
          "confusion_matrix": [
            [
              92.08333333333334,
              0.0,
              7.916666666666667
            ],
            [
              43.33333333333333,
              11.666666666666666,
              44.99999999999999
            ],
            [
              74.58333333333334,
              1.6666666666666665,
              23.749999999999996
            ]
          ]
        },
        {
          "participant": "3235",
          "train_size": 2,
          "n_seeds": 20,
          "n_train_samples_mean": 6.0,
          "n_test_samples_mean": 35.0,
          "test_acc_mean": 0.7042857142857143,
          "test_acc_std": 0.06891829562268634,
          "test_bal_acc_mean": 0.703661616161616,
          "test_bal_acc_std": 0.06766186347505693,
          "test_f1_mean": 0.6735082528736979,
          "test_f1_std": 0.10031356311719968,
          "test_kappa_mean": 0.5556619085316662,
          "test_kappa_std": 0.10263073426058984,
          "confusion_matrix": [
            [
              68.18181818181819,
              25.454545454545457,
              6.363636363636364
            ],
            [
              0.0,
              100.0,
              0.0
            ],
            [
              20.0,
              37.083333333333336,
              42.916666666666664
            ]
          ]
        },
        {
          "participant": "3236",
          "train_size": 2,
          "n_seeds": 20,
          "n_train_samples_mean": 6.0,
          "n_test_samples_mean": 28.0,
          "test_acc_mean": 0.6928571428571428,
          "test_acc_std": 0.13875694890718884,
          "test_bal_acc_mean": 0.7416666666666667,
          "test_bal_acc_std": 0.11615034732572108,
          "test_f1_mean": 0.6902348149005362,
          "test_f1_std": 0.1488565344887387,
          "test_kappa_mean": 0.5471500807975118,
          "test_kappa_std": 0.16959988419109054,
          "confusion_matrix": [
            [
              67.91666666666666,
              28.75,
              3.333333333333333
            ],
            [
              0.0,
              91.25,
              8.75
            ],
            [
              17.916666666666664,
              18.749999999999996,
              63.33333333333333
            ]
          ]
        },
        {
          "participant": "3237",
          "train_size": 2,
          "n_seeds": 20,
          "n_train_samples_mean": 6.0,
          "n_test_samples_mean": 33.0,
          "test_acc_mean": 0.6696969696969698,
          "test_acc_std": 0.06945036464059783,
          "test_bal_acc_mean": 0.6736111111111112,
          "test_bal_acc_std": 0.07357746543098442,
          "test_f1_mean": 0.6370060089342319,
          "test_f1_std": 0.09333497104296831,
          "test_kappa_mean": 0.4984955186419683,
          "test_kappa_std": 0.10735916392431277,
          "confusion_matrix": [
            [
              37.08333333333334,
              13.75,
              49.16666666666667
            ],
            [
              4.444444444444445,
              71.66666666666669,
              23.88888888888888
            ],
            [
              4.999999999999998,
              1.6666666666666665,
              93.33333333333334
            ]
          ]
        },
        {
          "participant": "3238",
          "train_size": 2,
          "n_seeds": 20,
          "n_train_samples_mean": 6.0,
          "n_test_samples_mean": 36.0,
          "test_acc_mean": 0.5097222222222222,
          "test_acc_std": 0.059286284651327965,
          "test_bal_acc_mean": 0.5097222222222222,
          "test_bal_acc_std": 0.059286284651327965,
          "test_f1_mean": 0.47689664749147137,
          "test_f1_std": 0.072039934676079,
          "test_kappa_mean": 0.2645833333333333,
          "test_kappa_std": 0.08892942697699194,
          "confusion_matrix": [
            [
              34.583333333333336,
              27.5,
              37.916666666666664
            ],
            [
              8.75,
              44.99999999999999,
              46.25
            ],
            [
              4.999999999999999,
              21.666666666666664,
              73.33333333333334
            ]
          ]
        },
        {
          "participant": "3239",
          "train_size": 2,
          "n_seeds": 20,
          "n_train_samples_mean": 6.0,
          "n_test_samples_mean": 31.0,
          "test_acc_mean": 0.5403225806451613,
          "test_acc_std": 0.09698618546408884,
          "test_bal_acc_mean": 0.5498737373737375,
          "test_bal_acc_std": 0.08746628223573698,
          "test_f1_mean": 0.5174464856382779,
          "test_f1_std": 0.11104153747627847,
          "test_kappa_mean": 0.3258118629785274,
          "test_kappa_std": 0.13145254154700833,
          "confusion_matrix": [
            [
              40.416666666666664,
              9.166666666666668,
              50.41666666666667
            ],
            [
              7.727272727272727,
              64.54545454545453,
              27.72727272727273
            ],
            [
              31.25,
              8.75,
              60.0
            ]
          ]
        },
        {
          "participant": "3240",
          "train_size": 2,
          "n_seeds": 20,
          "n_train_samples_mean": 6.0,
          "n_test_samples_mean": 34.0,
          "test_acc_mean": 0.7455882352941177,
          "test_acc_std": 0.10200815562254333,
          "test_bal_acc_mean": 0.7455808080808081,
          "test_bal_acc_std": 0.1012420085045176,
          "test_f1_mean": 0.7289232688251799,
          "test_f1_std": 0.11661771720926843,
          "test_kappa_mean": 0.6191372238144565,
          "test_kappa_std": 0.15168216593385433,
          "confusion_matrix": [
            [
              86.81818181818183,
              4.545454545454545,
              8.636363636363637
            ],
            [
              20.416666666666668,
              74.58333333333333,
              4.999999999999998
            ],
            [
              29.090909090909086,
              8.636363636363637,
              62.27272727272727
            ]
          ]
        },
        {
          "participant": "3241",
          "train_size": 2,
          "n_seeds": 20,
          "n_train_samples_mean": 6.0,
          "n_test_samples_mean": 36.0,
          "test_acc_mean": 0.638888888888889,
          "test_acc_std": 0.06436070381010273,
          "test_bal_acc_mean": 0.6388888888888888,
          "test_bal_acc_std": 0.06436070381010273,
          "test_f1_mean": 0.6115452666450318,
          "test_f1_std": 0.07950027168860349,
          "test_kappa_mean": 0.4583333333333333,
          "test_kappa_std": 0.09654105571515413,
          "confusion_matrix": [
            [
              49.16666666666667,
              27.916666666666664,
              22.916666666666668
            ],
            [
              16.25,
              62.500000000000014,
              21.249999999999996
            ],
            [
              15.833333333333329,
              4.166666666666666,
              80.0
            ]
          ]
        },
        {
          "participant": "3242",
          "train_size": 2,
          "n_seeds": 20,
          "n_train_samples_mean": 6.0,
          "n_test_samples_mean": 36.0,
          "test_acc_mean": 0.826388888888889,
          "test_acc_std": 0.059695866617614904,
          "test_bal_acc_mean": 0.826388888888889,
          "test_bal_acc_std": 0.05969586661761492,
          "test_f1_mean": 0.8150656628342217,
          "test_f1_std": 0.07769027336149972,
          "test_kappa_mean": 0.7395833333333334,
          "test_kappa_std": 0.08954379992642236,
          "confusion_matrix": [
            [
              89.16666666666667,
              10.833333333333334,
              0.0
            ],
            [
              13.75,
              70.83333333333334,
              15.416666666666666
            ],
            [
              3.749999999999999,
              8.333333333333334,
              87.91666666666666
            ]
          ]
        },
        {
          "participant": "3243",
          "train_size": 2,
          "n_seeds": 20,
          "n_train_samples_mean": 6.0,
          "n_test_samples_mean": 35.0,
          "test_acc_mean": 0.7657142857142858,
          "test_acc_std": 0.1174743155875837,
          "test_bal_acc_mean": 0.7708333333333333,
          "test_bal_acc_std": 0.11477477789806907,
          "test_f1_mean": 0.7396362694471603,
          "test_f1_std": 0.14707667956020842,
          "test_kappa_mean": 0.6495854872093126,
          "test_kappa_std": 0.1745181728151687,
          "confusion_matrix": [
            [
              95.00000000000001,
              1.8181818181818183,
              3.181818181818182
            ],
            [
              7.499999999999998,
              83.75,
              8.75
            ],
            [
              15.000000000000004,
              32.5,
              52.500000000000014
            ]
          ]
        },
        {
          "participant": "3244",
          "train_size": 2,
          "n_seeds": 20,
          "n_train_samples_mean": 6.0,
          "n_test_samples_mean": 36.0,
          "test_acc_mean": 0.6916666666666667,
          "test_acc_std": 0.10848504896045916,
          "test_bal_acc_mean": 0.6916666666666667,
          "test_bal_acc_std": 0.10848504896045914,
          "test_f1_mean": 0.6345446215609278,
          "test_f1_std": 0.1288101830285364,
          "test_kappa_mean": 0.5375000000000001,
          "test_kappa_std": 0.16272757344068872,
          "confusion_matrix": [
            [
              80.00000000000001,
              2.9166666666666665,
              17.083333333333332
            ],
            [
              0.0,
              100.0,
              0.0
            ],
            [
              32.49999999999999,
              40.0,
              27.5
            ]
          ]
        },
        {
          "participant": "3245",
          "train_size": 2,
          "n_seeds": 20,
          "n_train_samples_mean": 6.0,
          "n_test_samples_mean": 34.0,
          "test_acc_mean": 0.7294117647058822,
          "test_acc_std": 0.11710400982347476,
          "test_bal_acc_mean": 0.7155555555555557,
          "test_bal_acc_std": 0.12139004308469441,
          "test_f1_mean": 0.697497998073909,
          "test_f1_std": 0.13525088077258746,
          "test_kappa_mean": 0.5874015890493379,
          "test_kappa_std": 0.18057628413403914,
          "confusion_matrix": [
            [
              67.08333333333333,
              22.500000000000004,
              10.416666666666666
            ],
            [
              0.41666666666666663,
              99.58333333333334,
              0.0
            ],
            [
              21.5,
              30.5,
              48.0
            ]
          ]
        },
        {
          "participant": "3246",
          "train_size": 2,
          "n_seeds": 20,
          "n_train_samples_mean": 6.0,
          "n_test_samples_mean": 36.0,
          "test_acc_mean": 0.5000000000000001,
          "test_acc_std": 0.055555555555555566,
          "test_bal_acc_mean": 0.5000000000000001,
          "test_bal_acc_std": 0.055555555555555546,
          "test_f1_mean": 0.4287595284080162,
          "test_f1_std": 0.07396249414947757,
          "test_kappa_mean": 0.25000000000000006,
          "test_kappa_std": 0.08333333333333333,
          "confusion_matrix": [
            [
              40.83333333333333,
              52.91666666666667,
              6.249999999999998
            ],
            [
              0.41666666666666663,
              99.58333333333334,
              0.0
            ],
            [
              12.916666666666668,
              77.49999999999997,
              9.583333333333332
            ]
          ]
        },
        {
          "participant": "3247",
          "train_size": 2,
          "n_seeds": 20,
          "n_train_samples_mean": 6.0,
          "n_test_samples_mean": 36.0,
          "test_acc_mean": 0.5833333333333333,
          "test_acc_std": 0.10587056719433725,
          "test_bal_acc_mean": 0.5833333333333334,
          "test_bal_acc_std": 0.10587056719433728,
          "test_f1_mean": 0.5545938685488503,
          "test_f1_std": 0.12273867441757895,
          "test_kappa_mean": 0.37500000000000006,
          "test_kappa_std": 0.1588058507915059,
          "confusion_matrix": [
            [
              64.58333333333334,
              35.0,
              0.41666666666666663
            ],
            [
              6.666666666666666,
              58.333333333333336,
              35.0
            ],
            [
              4.166666666666666,
              43.74999999999999,
              52.083333333333336
            ]
          ]
        },
        {
          "participant": "3248",
          "train_size": 2,
          "n_seeds": 20,
          "n_train_samples_mean": 6.0,
          "n_test_samples_mean": 35.0,
          "test_acc_mean": 0.63,
          "test_acc_std": 0.0831573508799467,
          "test_bal_acc_mean": 0.6318181818181818,
          "test_bal_acc_std": 0.08321282346949141,
          "test_f1_mean": 0.6111524180689232,
          "test_f1_std": 0.10106979306549112,
          "test_kappa_mean": 0.442452095202278,
          "test_kappa_std": 0.12611141502471274,
          "confusion_matrix": [
            [
              69.54545454545456,
              14.999999999999996,
              15.454545454545453
            ],
            [
              2.083333333333333,
