{
  "name": "all_modalities",
  "config": {
    "n_seeds": 10,
    "feature_selection": "backward",
    "use_pca": false,
    "pca_variance": 0.95,
    "write_cm": true,
    "tune_hyperparameters": false,
    "tune_n_iter": 30,
    "tune_cv_folds": 5,
    "use_pose_derivatives": true,
    "use_time_features": false,
    "class_config": "all",
    "include_order": false,
    "name": "all_modalities",
    "feature_groups": [
      "pose",
      "performance",
      "eye_tracking",
      "gsr",
      "ecg"
    ],
    "split_strategy": "participant_specific",
    "sampling_strategy": "temporal_stratified"
  },
  "sampling_strategy": "temporal_stratified",
  "n_seeds": 10,
  "learning_curve": [
    {
      "aggregated": {
        "train_size": 1,
        "n_participants": 36,
        "n_seeds": 10,
        "test_acc_mean": 0.6410366501466718,
        "test_acc_std": 0.11573183377300365,
        "test_bal_acc_mean": 0.6372223840973842,
        "test_bal_acc_std": 0.11469975158436399,
        "test_f1_mean": 0.6145141381374928,
        "test_f1_std": 0.13208654705734765,
        "test_kappa_mean": 0.45731965639604005,
        "test_kappa_std": 0.172542028406699,
        "confusion_matrix": [
          [
            63.607549857549856,
            13.587962962962964,
            22.80448717948718
          ],
          [
            12.875356125356127,
            62.19551282051282,
            24.92913105413106
          ],
          [
            14.165269144435811,
            20.471078304411645,
            65.36365255115257
          ]
        ]
      },
      "per_participant": [
        {
          "participant": "3208",
          "train_size": 1,
          "n_seeds": 10,
          "n_train_samples_mean": 3.0,
          "n_test_samples_mean": 39.0,
          "test_acc_mean": 0.6410256410256411,
          "test_acc_std": 0.06280742930213278,
          "test_bal_acc_mean": 0.6410256410256411,
          "test_bal_acc_std": 0.06280742930213275,
          "test_f1_mean": 0.6275997441743149,
          "test_f1_std": 0.06688584277310836,
          "test_kappa_mean": 0.46153846153846156,
          "test_kappa_std": 0.09421114395319914,
          "confusion_matrix": [
            [
              63.84615384615385,
              3.076923076923077,
              33.07692307692308
            ],
            [
              21.538461538461537,
              47.6923076923077,
              30.769230769230763
            ],
            [
              10.76923076923077,
              8.461538461538462,
              80.76923076923077
            ]
          ]
        },
        {
          "participant": "3209",
          "train_size": 1,
          "n_seeds": 10,
          "n_train_samples_mean": 3.0,
          "n_test_samples_mean": 38.0,
          "test_acc_mean": 0.5868421052631578,
          "test_acc_std": 0.08949948028550675,
          "test_bal_acc_mean": 0.5762820512820512,
          "test_bal_acc_std": 0.08902307653967954,
          "test_f1_mean": 0.5350379389756738,
          "test_f1_std": 0.1057843390780491,
          "test_kappa_mean": 0.3732763594632281,
          "test_kappa_std": 0.13628571642040901,
          "confusion_matrix": [
            [
              89.23076923076924,
              10.76923076923077,
              0.0
            ],
            [
              33.84615384615385,
              66.15384615384616,
              0.0
            ],
            [
              49.166666666666664,
              33.333333333333336,
              17.5
            ]
          ]
        },
        {
          "participant": "3214",
          "train_size": 1,
          "n_seeds": 10,
          "n_train_samples_mean": 3.0,
          "n_test_samples_mean": 39.0,
          "test_acc_mean": 0.5743589743589743,
          "test_acc_std": 0.07758499636177926,
          "test_bal_acc_mean": 0.5743589743589743,
          "test_bal_acc_std": 0.07758499636177925,
          "test_f1_mean": 0.5800634136965477,
          "test_f1_std": 0.07699039383273557,
          "test_kappa_mean": 0.3615384615384616,
          "test_kappa_std": 0.1163774945426689,
          "confusion_matrix": [
            [
              64.61538461538461,
              26.923076923076923,
              8.461538461538462
            ],
            [
              0.0,
              60.0,
              40.0
            ],
            [
              0.0,
              52.30769230769231,
              47.69230769230769
            ]
          ]
        },
        {
          "participant": "3215",
          "train_size": 1,
          "n_seeds": 10,
          "n_train_samples_mean": 3.0,
          "n_test_samples_mean": 39.0,
          "test_acc_mean": 0.4897435897435898,
          "test_acc_std": 0.04902437743487174,
          "test_bal_acc_mean": 0.4897435897435898,
          "test_bal_acc_std": 0.04902437743487175,
          "test_f1_mean": 0.388783924041444,
          "test_f1_std": 0.04501400077883561,
          "test_kappa_mean": 0.2346153846153846,
          "test_kappa_std": 0.07353656615230762,
          "confusion_matrix": [
            [
              82.3076923076923,
              0.0,
              17.69230769230769
            ],
            [
              34.61538461538462,
              0.0,
              65.38461538461539
            ],
            [
              34.61538461538461,
              0.7692307692307693,
              64.61538461538461
            ]
          ]
        },
        {
          "participant": "3216",
          "train_size": 1,
          "n_seeds": 10,
          "n_train_samples_mean": 3.0,
          "n_test_samples_mean": 37.0,
          "test_acc_mean": 0.6945945945945946,
          "test_acc_std": 0.09872986084899088,
          "test_bal_acc_mean": 0.6967365967365968,
          "test_bal_acc_std": 0.0952670763470917,
          "test_f1_mean": 0.6925188149016335,
          "test_f1_std": 0.10311624979018434,
          "test_kappa_mean": 0.5438658973437693,
          "test_kappa_std": 0.14456487953842628,
          "confusion_matrix": [
            [
              65.38461538461539,
              19.230769230769226,
              15.384615384615387
            ],
            [
              4.615384615384615,
              70.0,
              25.384615384615383
            ],
            [
              1.8181818181818183,
              24.54545454545455,
              73.63636363636364
            ]
          ]
        },
        {
          "participant": "3217",
          "train_size": 1,
          "n_seeds": 10,
          "n_train_samples_mean": 3.0,
          "n_test_samples_mean": 39.0,
          "test_acc_mean": 0.6435897435897436,
          "test_acc_std": 0.10499261633556878,
          "test_bal_acc_mean": 0.6435897435897436,
          "test_bal_acc_std": 0.10499261633556876,
          "test_f1_mean": 0.6392319664333763,
          "test_f1_std": 0.10689533937408342,
          "test_kappa_mean": 0.46538461538461534,
          "test_kappa_std": 0.15748892450335317,
          "confusion_matrix": [
            [
              54.61538461538462,
              33.84615384615385,
              11.538461538461538
            ],
            [
              14.615384615384617,
              71.53846153846155,
              13.846153846153845
            ],
            [
              0.7692307692307693,
              32.30769230769231,
              66.92307692307692
            ]
          ]
        },
        {
          "participant": "3218",
          "train_size": 1,
          "n_seeds": 10,
          "n_train_samples_mean": 3.0,
          "n_test_samples_mean": 39.0,
          "test_acc_mean": 0.8358974358974359,
          "test_acc_std": 0.06067774136512426,
          "test_bal_acc_mean": 0.8358974358974359,
          "test_bal_acc_std": 0.060677741365124285,
          "test_f1_mean": 0.8274180904793098,
          "test_f1_std": 0.06567377148975277,
          "test_kappa_mean": 0.7538461538461539,
          "test_kappa_std": 0.09101661204768641,
          "confusion_matrix": [
            [
              93.07692307692307,
              5.384615384615385,
              1.5384615384615385
            ],
            [
              11.538461538461538,
              66.15384615384616,
              22.307692307692303
            ],
            [
              0.0,
              8.461538461538462,
              91.53846153846153
            ]
          ]
        },
        {
          "participant": "3219",
          "train_size": 1,
          "n_seeds": 10,
          "n_train_samples_mean": 3.0,
          "n_test_samples_mean": 32.0,
          "test_acc_mean": 0.58125,
          "test_acc_std": 0.08740073734751264,
          "test_bal_acc_mean": 0.5902777777777779,
          "test_bal_acc_std": 0.08838834764831845,
          "test_f1_mean": 0.5634576413900557,
          "test_f1_std": 0.08862100280627946,
          "test_kappa_mean": 0.36951235018791034,
          "test_kappa_std": 0.12510108523800337,
          "confusion_matrix": [
            [
              68.33333333333334,
              9.999999999999996,
              21.666666666666664
            ],
            [
              41.66666666666667,
              42.5,
              15.833333333333332
            ],
            [
              16.25,
              17.5,
              66.25
            ]
          ]
        },
        {
          "participant": "3220",
          "train_size": 1,
          "n_seeds": 10,
          "n_train_samples_mean": 3.0,
          "n_test_samples_mean": 39.0,
          "test_acc_mean": 0.5512820512820513,
          "test_acc_std": 0.09304077374819335,
          "test_bal_acc_mean": 0.5512820512820513,
          "test_bal_acc_std": 0.09304077374819332,
          "test_f1_mean": 0.5114884710129702,
          "test_f1_std": 0.10584975662673325,
          "test_kappa_mean": 0.3269230769230769,
          "test_kappa_std": 0.13956116062229001,
          "confusion_matrix": [
            [
              72.30769230769229,
              23.846153846153843,
              3.846153846153846
            ],
            [
              30.769230769230763,
              62.3076923076923,
              6.9230769230769225
            ],
            [
              40.769230769230774,
              28.46153846153846,
              30.769230769230766
            ]
          ]
        },
        {
          "participant": "3221",
          "train_size": 1,
          "n_seeds": 10,
          "n_train_samples_mean": 3.0,
          "n_test_samples_mean": 39.0,
          "test_acc_mean": 0.7641025641025642,
          "test_acc_std": 0.07431475254456121,
          "test_bal_acc_mean": 0.7641025641025642,
          "test_bal_acc_std": 0.07431475254456121,
          "test_f1_mean": 0.7536742506571875,
          "test_f1_std": 0.08048624111278475,
          "test_kappa_mean": 0.6461538461538461,
          "test_kappa_std": 0.11147212881684185,
          "confusion_matrix": [
            [
              68.46153846153847,
              23.846153846153847,
              7.692307692307692
            ],
            [
              0.7692307692307693,
              99.23076923076923,
              0.0
            ],
            [
              10.0,
              28.46153846153846,
              61.538461538461526
            ]
          ]
        },
        {
          "participant": "3223",
          "train_size": 1,
          "n_seeds": 10,
          "n_train_samples_mean": 3.0,
          "n_test_samples_mean": 39.0,
          "test_acc_mean": 0.541025641025641,
          "test_acc_std": 0.0883696206876091,
          "test_bal_acc_mean": 0.541025641025641,
          "test_bal_acc_std": 0.08836962068760913,
          "test_f1_mean": 0.48455639548607027,
          "test_f1_std": 0.10756572220945267,
          "test_kappa_mean": 0.31153846153846154,
          "test_kappa_std": 0.13255443103141368,
          "confusion_matrix": [
            [
              17.692307692307693,
              14.615384615384613,
              67.69230769230771
            ],
            [
              0.7692307692307693,
              95.38461538461539,
              3.846153846153846
            ],
            [
              3.846153846153846,
              46.92307692307692,
              49.23076923076923
            ]
          ]
        },
        {
          "participant": "3224",
          "train_size": 1,
          "n_seeds": 10,
          "n_train_samples_mean": 3.0,
          "n_test_samples_mean": 24.0,
          "test_acc_mean": 0.7541666666666667,
          "test_acc_std": 0.0570966799752624,
          "test_bal_acc_mean": 0.6805555555555556,
          "test_bal_acc_std": 0.042733262071164194,
          "test_f1_mean": 0.756550875072042,
          "test_f1_std": 0.04962676537191548,
          "test_kappa_mean": 0.5910322690899107,
          "test_kappa_std": 0.08232889164564455,
          "confusion_matrix": [
            [
              45.0,
              0.0,
              55.0
            ],
            [
              15.833333333333332,
              64.16666666666666,
              19.999999999999996
            ],
            [
              2.0,
              3.0,
              95.0
            ]
          ]
        },
        {
          "participant": "3225",
          "train_size": 1,
          "n_seeds": 10,
          "n_train_samples_mean": 3.0,
          "n_test_samples_mean": 39.0,
          "test_acc_mean": 0.5307692307692308,
          "test_acc_std": 0.09748836494091534,
          "test_bal_acc_mean": 0.5307692307692309,
          "test_bal_acc_std": 0.09748836494091534,
          "test_f1_mean": 0.5159272239490026,
          "test_f1_std": 0.09425794973407503,
          "test_kappa_mean": 0.29615384615384616,
          "test_kappa_std": 0.14623254741137304,
          "confusion_matrix": [
            [
              93.84615384615385,
              5.384615384615385,
              0.7692307692307693
            ],
            [
              13.076923076923077,
              33.846153846153854,
              53.07692307692307
            ],
            [
              0.0,
              68.46153846153848,
              31.538461538461537
            ]
          ]
        },
        {
          "participant": "3226",
          "train_size": 1,
          "n_seeds": 10,
          "n_train_samples_mean": 3.0,
          "n_test_samples_mean": 39.0,
          "test_acc_mean": 0.5205128205128206,
          "test_acc_std": 0.1101536657699054,
          "test_bal_acc_mean": 0.5205128205128206,
          "test_bal_acc_std": 0.1101536657699054,
          "test_f1_mean": 0.5156325513971559,
          "test_f1_std": 0.12579032273133392,
          "test_kappa_mean": 0.28076923076923077,
          "test_kappa_std": 0.16523049865485812,
          "confusion_matrix": [
            [
              44.61538461538461,
              17.69230769230769,
              37.69230769230769
            ],
            [
              1.5384615384615385,
              63.84615384615385,
              34.61538461538462
            ],
            [
              0.0,
              52.30769230769231,
              47.69230769230769
            ]
          ]
        },
        {
          "participant": "3227",
          "train_size": 1,
          "n_seeds": 10,
          "n_train_samples_mean": 3.0,
          "n_test_samples_mean": 39.0,
          "test_acc_mean": 0.6538461538461537,
          "test_acc_std": 0.11546372723167773,
          "test_bal_acc_mean": 0.6538461538461537,
          "test_bal_acc_std": 0.11546372723167773,
          "test_f1_mean": 0.6414653066018259,
          "test_f1_std": 0.13832037941418715,
          "test_kappa_mean": 0.4807692307692307,
          "test_kappa_std": 0.1731955908475166,
          "confusion_matrix": [
            [
              59.230769230769226,
              40.76923076923077,
              0.0
            ],
            [
              0.7692307692307693,
              66.92307692307693,
              32.30769230769231
            ],
            [
              0.0,
              29.999999999999993,
              70.00000000000001
            ]
          ]
        },
        {
          "participant": "3228",
          "train_size": 1,
          "n_seeds": 10,
          "n_train_samples_mean": 3.0,
          "n_test_samples_mean": 30.0,
          "test_acc_mean": 0.6533333333333333,
          "test_acc_std": 0.12491972731160174,
          "test_bal_acc_mean": 0.5833333333333333,
          "test_bal_acc_std": 0.15872487546387298,
          "test_f1_mean": 0.6094839957114183,
          "test_f1_std": 0.1640809009656757,
          "test_kappa_mean": 0.4000959728736594,
          "test_kappa_std": 0.22604276852926375,
          "confusion_matrix": [
            [
              35.0,
              65.0,
              0.0
            ],
            [
              0.0,
              79.99999999999999,
              19.999999999999996
            ],
            [
              0.0,
              40.0,
              60.0
            ]
          ]
        },
        {
          "participant": "3229",
          "train_size": 1,
          "n_seeds": 10,
          "n_train_samples_mean": 3.0,
          "n_test_samples_mean": 39.0,
          "test_acc_mean": 0.4948717948717949,
          "test_acc_std": 0.07053224285735984,
          "test_bal_acc_mean": 0.4948717948717949,
          "test_bal_acc_std": 0.07053224285735986,
          "test_f1_mean": 0.4198722748169656,
          "test_f1_std": 0.09988891763331417,
          "test_kappa_mean": 0.24230769230769234,
          "test_kappa_std": 0.1057983642860398,
          "confusion_matrix": [
            [
              32.30769230769231,
              3.846153846153846,
              63.84615384615385
            ],
            [
              25.38461538461538,
              16.923076923076923,
              57.69230769230769
            ],
            [
              0.7692307692307693,
              0.0,
              99.23076923076923
            ]
          ]
        },
        {
          "participant": "3230",
          "train_size": 1,
          "n_seeds": 10,
          "n_train_samples_mean": 3.0,
          "n_test_samples_mean": 39.0,
          "test_acc_mean": 0.676923076923077,
          "test_acc_std": 0.06751595780557777,
          "test_bal_acc_mean": 0.676923076923077,
          "test_bal_acc_std": 0.06751595780557777,
          "test_f1_mean": 0.652377955658766,
          "test_f1_std": 0.07225727723579367,
          "test_kappa_mean": 0.5153846153846153,
          "test_kappa_std": 0.10127393670836667,
          "confusion_matrix": [
            [
              34.61538461538461,
              3.076923076923077,
              62.30769230769231
            ],
            [
              6.9230769230769225,
              84.61538461538461,
              8.461538461538462
            ],
            [
              12.307692307692308,
              3.846153846153846,
              83.84615384615384
            ]
          ]
        },
        {
          "participant": "3232",
          "train_size": 1,
          "n_seeds": 10,
          "n_train_samples_mean": 3.0,
          "n_test_samples_mean": 39.0,
          "test_acc_mean": 0.4948717948717949,
          "test_acc_std": 0.08886423063637627,
          "test_bal_acc_mean": 0.4948717948717948,
          "test_bal_acc_std": 0.08886423063637627,
          "test_f1_mean": 0.43503105595046454,
          "test_f1_std": 0.12314467218965686,
          "test_kappa_mean": 0.24230769230769234,
          "test_kappa_std": 0.1332963459545644,
          "confusion_matrix": [
            [
              33.07692307692307,
              6.9230769230769225,
              60.0
            ],
            [
              25.384615384615383,
              24.615384615384613,
              50.00000000000001
            ],
            [
              4.615384615384615,
              4.615384615384615,
              90.76923076923077
            ]
          ]
        },
        {
          "participant": "3233",
          "train_size": 1,
          "n_seeds": 10,
          "n_train_samples_mean": 3.0,
          "n_test_samples_mean": 39.0,
          "test_acc_mean": 0.735897435897436,
          "test_acc_std": 0.10401396872872683,
          "test_bal_acc_mean": 0.735897435897436,
          "test_bal_acc_std": 0.10401396872872683,
          "test_f1_mean": 0.7192429198830876,
          "test_f1_std": 0.11843090128468672,
          "test_kappa_mean": 0.6038461538461539,
          "test_kappa_std": 0.15602095309309025,
          "confusion_matrix": [
            [
              49.23076923076923,
              29.230769230769234,
              21.53846153846154
            ],
            [
              0.0,
              89.23076923076923,
              10.76923076923077
            ],
            [
              0.0,
              17.692307692307693,
              82.3076923076923
            ]
          ]
        },
        {
          "participant": "3234",
          "train_size": 1,
          "n_seeds": 10,
          "n_train_samples_mean": 3.0,
          "n_test_samples_mean": 39.0,
          "test_acc_mean": 0.3487179487179487,
          "test_acc_std": 0.07372259368494981,
          "test_bal_acc_mean": 0.3487179487179487,
          "test_bal_acc_std": 0.07372259368494982,
          "test_f1_mean": 0.3103668997866033,
          "test_f1_std": 0.068798022850499,
          "test_kappa_mean": 0.02307692307692305,
          "test_kappa_std": 0.11058389052742473,
          "confusion_matrix": [
            [
              58.46153846153845,
              0.0,
              41.53846153846155
            ],
            [
              14.615384615384617,
              8.461538461538462,
              76.92307692307692
            ],
            [
              60.769230769230774,
              1.5384615384615385,
              37.69230769230769
            ]
          ]
        },
        {
          "participant": "3235",
          "train_size": 1,
          "n_seeds": 10,
          "n_train_samples_mean": 3.0,
          "n_test_samples_mean": 38.0,
          "test_acc_mean": 0.7605263157894737,
          "test_acc_std": 0.0748960498460932,
          "test_bal_acc_mean": 0.763888888888889,
          "test_bal_acc_std": 0.07248354023502997,
          "test_f1_mean": 0.7397270758680152,
          "test_f1_std": 0.09814678976397517,
          "test_kappa_mean": 0.6416950944972577,
          "test_kappa_std": 0.11058470886620851,
          "confusion_matrix": [
            [
              89.16666666666667,
              9.999999999999996,
              0.8333333333333333
            ],
            [
              4.615384615384615,
              93.84615384615384,
              1.5384615384615385
            ],
            [
              21.53846153846154,
              32.30769230769231,
              46.15384615384615
            ]
          ]
        },
        {
          "participant": "3236",
          "train_size": 1,
          "n_seeds": 10,
          "n_train_samples_mean": 3.0,
          "n_test_samples_mean": 31.0,
          "test_acc_mean": 0.7709677419354839,
          "test_acc_std": 0.061675829676128974,
          "test_bal_acc_mean": 0.7441025641025641,
          "test_bal_acc_std": 0.07197575910303844,
          "test_f1_mean": 0.7666257936240297,
          "test_f1_std": 0.06674879844211516,
          "test_kappa_mean": 0.6322589057578073,
          "test_kappa_std": 0.10445288380757035,
          "confusion_matrix": [
            [
              81.53846153846153,
              6.9230769230769225,
              11.538461538461538
            ],
            [
              0.0,
              64.0,
              36.0
            ],
            [
              13.076923076923077,
              9.23076923076923,
              77.6923076923077
            ]
          ]
        },
        {
          "participant": "3237",
          "train_size": 1,
          "n_seeds": 10,
          "n_train_samples_mean": 3.0,
          "n_test_samples_mean": 36.0,
          "test_acc_mean": 0.6194444444444445,
          "test_acc_std": 0.07752383588494251,
          "test_bal_acc_mean": 0.6225641025641024,
          "test_bal_acc_std": 0.08470426136128342,
          "test_f1_mean": 0.5927557883067612,
          "test_f1_std": 0.09513536539173244,
          "test_kappa_mean": 0.4198403599444333,
          "test_kappa_std": 0.12260533272239672,
          "confusion_matrix": [
            [
              31.53846153846154,
              6.153846153846154,
              62.30769230769231
            ],
            [
              13.0,
              66.0,
              21.0
            ],
            [
              7.692307692307692,
              3.076923076923077,
              89.23076923076923
            ]
          ]
        },
        {
          "participant": "3238",
          "train_size": 1,
          "n_seeds": 10,
          "n_train_samples_mean": 3.0,
          "n_test_samples_mean": 39.0,
          "test_acc_mean": 0.5205128205128204,
          "test_acc_std": 0.05803160751031781,
          "test_bal_acc_mean": 0.5205128205128204,
          "test_bal_acc_std": 0.0580316075103178,
          "test_f1_mean": 0.4805085775034512,
          "test_f1_std": 0.07247391368554315,
          "test_kappa_mean": 0.2807692307692308,
          "test_kappa_std": 0.08704741126547673,
          "confusion_matrix": [
            [
              26.153846153846153,
              40.76923076923077,
              33.07692307692308
            ],
            [
              11.53846153846154,
              39.23076923076923,
              49.23076923076924
            ],
            [
              0.0,
              9.23076923076923,
              90.76923076923076
            ]
          ]
        },
        {
          "participant": "3239",
          "train_size": 1,
          "n_seeds": 10,
          "n_train_samples_mean": 3.0,
          "n_test_samples_mean": 34.0,
          "test_acc_mean": 0.7558823529411764,
          "test_acc_std": 0.09510309264923743,
          "test_bal_acc_mean": 0.7728632478632479,
          "test_bal_acc_std": 0.08299984271071056,
          "test_f1_mean": 0.7511762908897253,
          "test_f1_std": 0.09868267329394204,
          "test_kappa_mean": 0.6392864997157494,
          "test_kappa_std": 0.13488497895358845,
          "confusion_matrix": [
            [
              67.69230769230771,
              11.538461538461538,
              20.769230769230766
            ],
            [
              9.166666666666666,
              70.83333333333334,
              20.0
            ],
            [
              4.444444444444445,
              2.2222222222222223,
              93.33333333333334
            ]
          ]
        },
        {
          "participant": "3240",
          "train_size": 1,
          "n_seeds": 10,
          "n_train_samples_mean": 3.0,
          "n_test_samples_mean": 37.0,
          "test_acc_mean": 0.6594594594594595,
          "test_acc_std": 0.1256102706878081,
          "test_bal_acc_mean": 0.6641025641025641,
          "test_bal_acc_std": 0.12455959706761228,
          "test_f1_mean": 0.6421165769235218,
          "test_f1_std": 0.1537467809532522,
          "test_kappa_mean": 0.49284646884757927,
          "test_kappa_std": 0.18586854244182624,
          "confusion_matrix": [
            [
              94.16666666666666,
              0.0,
              5.833333333333333
            ],
            [
              37.69230769230769,
              49.230769230769226,
              13.076923076923077
            ],
            [
              43.333333333333336,
              0.8333333333333333,
              55.833333333333336
            ]
          ]
        },
        {
          "participant": "3241",
          "train_size": 1,
          "n_seeds": 10,
          "n_train_samples_mean": 3.0,
          "n_test_samples_mean": 39.0,
          "test_acc_mean": 0.5846153846153845,
          "test_acc_std": 0.04490230952671351,
          "test_bal_acc_mean": 0.5846153846153845,
          "test_bal_acc_std": 0.0449023095267135,
          "test_f1_mean": 0.5676334963111096,
          "test_f1_std": 0.05458106927774976,
          "test_kappa_mean": 0.3769230769230769,
          "test_kappa_std": 0.06735346429007025,
          "confusion_matrix": [
            [
              70.0,
              10.0,
              20.0
            ],
            [
              51.53846153846155,
              36.92307692307692,
              11.538461538461538
            ],
            [
              30.769230769230774,
              0.7692307692307693,
              68.46153846153848
            ]
          ]
        },
        {
          "participant": "3242",
          "train_size": 1,
          "n_seeds": 10,
          "n_train_samples_mean": 3.0,
          "n_test_samples_mean": 39.0,
          "test_acc_mean": 0.864102564102564,
          "test_acc_std": 0.07053224285735983,
          "test_bal_acc_mean": 0.8641025641025643,
          "test_bal_acc_std": 0.07053224285735987,
          "test_f1_mean": 0.8602416532022025,
          "test_f1_std": 0.07323679668909054,
          "test_kappa_mean": 0.7961538461538462,
          "test_kappa_std": 0.10579836428603978,
          "confusion_matrix": [
            [
              96.92307692307692,
              3.076923076923077,
              0.0
            ],
            [
              13.846153846153845,
              77.6923076923077,
              8.461538461538462
            ],
            [
              0.7692307692307693,
              14.615384615384617,
              84.61538461538461
            ]
          ]
        },
        {
          "participant": "3243",
          "train_size": 1,
          "n_seeds": 10,
          "n_train_samples_mean": 3.0,
          "n_test_samples_mean": 38.0,
          "test_acc_mean": 0.7894736842105263,
          "test_acc_std": 0.09688913172971282,
          "test_bal_acc_mean": 0.7938034188034189,
          "test_bal_acc_std": 0.09533123908634279,
          "test_f1_mean": 0.7784353910599571,
          "test_f1_std": 0.1032931317999062,
          "test_kappa_mean": 0.6854520830907092,
          "test_kappa_std": 0.14369663529479923,
          "confusion_matrix": [
            [
              95.83333333333334,
              1.6666666666666665,
              2.4999999999999996
            ],
            [
              9.230769230769232,
              81.53846153846155,
              9.23076923076923
            ],
            [
              21.538461538461537,
              17.692307692307693,
              60.769230769230774
            ]
          ]
        },
        {
          "participant": "3244",
          "train_size": 1,
          "n_seeds": 10,
          "n_train_samples_mean": 3.0,
          "n_test_samples_mean": 39.0,
          "test_acc_mean": 0.6051282051282052,
          "test_acc_std": 0.042219107812746924,
          "test_bal_acc_mean": 0.6051282051282052,
          "test_bal_acc_std": 0.042219107812746924,
          "test_f1_mean": 0.5534158969180063,
          "test_f1_std": 0.048541187774049845,
          "test_kappa_mean": 0.4076923076923077,
          "test_kappa_std": 0.06332866171912037,
          "confusion_matrix": [
            [
              73.07692307692307,
              0.0,
              26.923076923076923
            ],
            [
              6.153846153846154,
              93.07692307692307,
              0.7692307692307693
            ],
            [
              53.84615384615385,
              30.769230769230766,
              15.384615384615383
            ]
          ]
        },
        {
          "participant": "3245",
          "train_size": 1,
          "n_seeds": 10,
          "n_train_samples_mean": 3.0,
          "n_test_samples_mean": 37.0,
          "test_acc_mean": 0.8216216216216216,
          "test_acc_std": 0.09885309350879429,
          "test_bal_acc_mean": 0.8205128205128205,
          "test_bal_acc_std": 0.09350519164427705,
          "test_f1_mean": 0.811539028496447,
          "test_f1_std": 0.11242122886203258,
          "test_kappa_mean": 0.7320508339181444,
          "test_kappa_std": 0.14816710689220322,
          "confusion_matrix": [
            [
              72.30769230769229,
              12.307692307692308,
              15.384615384615383
            ],
            [
              3.076923076923077,
              93.84615384615384,
              3.076923076923077
            ],
            [
              9.090909090909092,
              10.90909090909091,
              80.0
            ]
          ]
        },
        {
          "participant": "3246",
          "train_size": 1,
          "n_seeds": 10,
          "n_train_samples_mean": 3.0,
          "n_test_samples_mean": 39.0,
          "test_acc_mean": 0.5384615384615385,
          "test_acc_std": 0.08374323906951038,
          "test_bal_acc_mean": 0.5384615384615385,
          "test_bal_acc_std": 0.0837432390695104,
          "test_f1_mean": 0.4697741352366827,
          "test_f1_std": 0.11212555534721247,
          "test_kappa_mean": 0.30769230769230765,
          "test_kappa_std": 0.12561485860426555,
          "confusion_matrix": [
            [
              30.769230769230766,
              34.61538461538462,
              34.61538461538461
            ],
            [
              0.0,
              100.0,
              0.0
            ],
            [
              24.615384615384613,
              44.61538461538461,
              30.769230769230766
            ]
          ]
        },
        {
          "participant": "3247",
          "train_size": 1,
          "n_seeds": 10,
          "n_train_samples_mean": 3.0,
          "n_test_samples_mean": 39.0,
          "test_acc_mean": 0.6692307692307693,
          "test_acc_std": 0.04264948700811846,
          "test_bal_acc_mean": 0.6692307692307693,
          "test_bal_acc_std": 0.04264948700811846,
          "test_f1_mean": 0.5987810231556217,
          "test_f1_std": 0.052921512822155715,
          "test_kappa_mean": 0.5038461538461538,
          "test_kappa_std": 0.06397423051217768,
          "confusion_matrix": [
            [
              92.3076923076923,
              6.153846153846154,
              1.5384615384615385
            ],
            [
              5.384615384615385,
              11.538461538461538,
              83.07692307692307
            ],
            [
              0.0,
              3.076923076923077,
              96.92307692307692
            ]
          ]
        },
        {
          "participant": "3248",
          "train_size": 1,
          "n_seeds": 10,
          "n_train_samples_mean": 3.0,
          "n_test_samples_mean": 38.0,
          "test_acc_mean": 0.6605263157894736,
          "test_acc_std": 0.07986792729887746,
          "test_bal_acc_mean": 0.6617521367521368,
          "test_bal_acc_std": 0.08025425350092179,
          "test_f1_mean": 0.6579273686770678,
          "test_f1_std": 0.07842617788893196,
          "test_kappa_mean": 0.4884483816811292,
          "test_kappa_std": 0.12094565233836121,
          "confusion_matrix": [
            [
              70.83333333333334,
              2.4999999999999996,
              26.666666666666664
            ],
            [
              0.0,
              55.384615384615394,
              44.61538461538462
            ],
            [
              0.0,
              27.69230769230769,
              72.30769230769229
            ]
          ]
        },
        {
          "participant": "3250",
          "train_size": 1,
          "n_seeds": 10,
          "n_train_samples_mean": 3.0,
          "n_test_samples_mean": 39.0,
          "test_acc_mean": 0.6897435897435897,
          "test_acc_std": 0.05191911982388869,
          "test_bal_acc_mean": 0.6897435897435897,
          "test_bal_acc_std": 0.05191911982388867,
          "test_f1_mean": 0.6720691667012323,
          "test_f1_std": 0.05780547721537727,
          "test_kappa_mean": 0.5346153846153847,
          "test_kappa_std": 0.07787867973583304,
          "confusion_matrix": [
            [
              72.3076923076923,
              0.0,
              27.692307692307697
            ],
            [
              0.0,
              92.3076923076923,
              7.692307692307693
            ],
            [
              30.769230769230774,
              26.923076923076923,
              42.30769230769231
            ]
          ]
        }
      ]
    },
    {
      "aggregated": {
        "train_size": 2,
        "n_participants": 36,
        "n_seeds": 10,
        "test_acc_mean": 0.7169499836459766,
        "test_acc_std": 0.128801341343676,
        "test_bal_acc_mean": 0.7106739017155683,
        "test_bal_acc_std": 0.1276373322490134,
        "test_f1_mean": 0.6969516915925448,
        "test_f1_std": 0.1505770787787393,
        "test_kappa_mean": 0.5715299884289019,
        "test_kappa_std": 0.19146262242724058,
        "confusion_matrix": [
          [
            70.97432659932659,
            11.85395622895623,
            17.17171717171717
          ],
          [
            8.251262626262625,
            69.20454545454544,
            22.544191919191913
          ],
          [
            10.899541045374377,
            16.077160493827158,
            73.02329846079846
          ]
        ]
      },
      "per_participant": [
        {
          "participant": "3208",
          "train_size": 2,
          "n_seeds": 10,
          "n_train_samples_mean": 6.0,
          "n_test_samples_mean": 36.0,
          "test_acc_mean": 0.6888888888888889,
          "test_acc_std": 0.05826715823167509,
          "test_bal_acc_mean": 0.6888888888888889,
          "test_bal_acc_std": 0.058267158231675074,
          "test_f1_mean": 0.682685174940873,
          "test_f1_std": 0.059792018370386495,
          "test_kappa_mean": 0.5333333333333333,
          "test_kappa_std": 0.08740073734751262,
          "confusion_matrix": [
            [
              70.0,
              21.666666666666664,
              8.33333333333333
            ],
            [
              6.666666666666664,
              49.16666666666667,
              44.16666666666667
            ],
            [
              0.0,
              12.499999999999996,
              87.5
            ]
          ]
        },
        {
          "participant": "3209",
          "train_size": 2,
          "n_seeds": 10,
          "n_train_samples_mean": 6.0,
          "n_test_samples_mean": 35.0,
          "test_acc_mean": 0.6599999999999999,
          "test_acc_std": 0.057852733518047414,
          "test_bal_acc_mean": 0.6482323232323234,
          "test_bal_acc_std": 0.05927085611197554,
          "test_f1_mean": 0.6199169131323622,
          "test_f1_std": 0.07744737992728165,
          "test_kappa_mean": 0.4841579017283485,
          "test_kappa_std": 0.08843629111245792,
          "confusion_matrix": [
            [
              100.0,
              0.0,
              0.0
            ],
            [
              29.166666666666668,
              70.83333333333333,
              0.0
            ],
            [
              66.36363636363636,
              10.000000000000002,
              23.636363636363637
            ]
          ]
        },
        {
          "participant": "3214",
          "train_size": 2,
          "n_seeds": 10,
          "n_train_samples_mean": 6.0,
          "n_test_samples_mean": 36.0,
          "test_acc_mean": 0.6444444444444444,
          "test_acc_std": 0.04498132519070783,
          "test_bal_acc_mean": 0.6444444444444445,
          "test_bal_acc_std": 0.04498132519070785,
          "test_f1_mean": 0.6508852210776249,
          "test_f1_std": 0.043230149188174416,
          "test_kappa_mean": 0.4666666666666667,
          "test_kappa_std": 0.06747198778606178,
