{
  "name": "ecg",
  "config": {
    "n_seeds": 10,
    "feature_selection": "backward",
    "use_pca": false,
    "pca_variance": 0.95,
    "write_cm": true,
    "tune_hyperparameters": false,
    "tune_n_iter": 30,
    "tune_cv_folds": 5,
    "use_pose_derivatives": true,
    "use_time_features": false,
    "class_config": "all",
    "include_order": false,
    "name": "ecg",
    "feature_groups": [
      "ecg"
    ],
    "split_strategy": "participant_specific",
    "sampling_strategy": "temporal_stratified"
  },
  "sampling_strategy": "temporal_stratified",
  "n_seeds": 10,
  "learning_curve": [
    {
      "aggregated": {
        "train_size": 1,
        "n_participants": 37,
        "n_seeds": 10,
        "test_acc_mean": 0.4667359667359667,
        "test_acc_std": 0.12196117973235929,
        "test_bal_acc_mean": 0.4667359667359667,
        "test_bal_acc_std": 0.12196117973235929,
        "test_f1_mean": 0.42555369406929544,
        "test_f1_std": 0.14123906230758862,
        "test_kappa_mean": 0.20010395010395013,
        "test_kappa_std": 0.18294176959853897,
        "confusion_matrix": [
          [
            51.89189189189189,
            17.98336798336798,
            30.12474012474012
          ],
          [
            27.484407484407495,
            39.87525987525987,
            32.64033264033263
          ],
          [
            21.081081081081077,
            30.66528066528067,
            48.25363825363825
          ]
        ]
      },
      "per_participant": [
        {
          "participant": "3208",
          "train_size": 1,
          "n_seeds": 10,
          "n_train_samples_mean": 3.0,
          "n_test_samples_mean": 39.0,
          "test_acc_mean": 0.6307692307692309,
          "test_acc_std": 0.040451827576749505,
          "test_bal_acc_mean": 0.6307692307692309,
          "test_bal_acc_std": 0.040451827576749484,
          "test_f1_mean": 0.6197743203068694,
          "test_f1_std": 0.04149770966799301,
          "test_kappa_mean": 0.4461538461538462,
          "test_kappa_std": 0.06067774136512426,
          "confusion_matrix": [
            [
              39.23076923076923,
              40.76923076923077,
              19.999999999999996
            ],
            [
              5.384615384615385,
              78.46153846153845,
              16.153846153846153
            ],
            [
              0.0,
              28.46153846153846,
              71.53846153846155
            ]
          ]
        },
        {
          "participant": "3209",
          "train_size": 1,
          "n_seeds": 10,
          "n_train_samples_mean": 3.0,
          "n_test_samples_mean": 39.0,
          "test_acc_mean": 0.32307692307692304,
          "test_acc_std": 0.03009712284044275,
          "test_bal_acc_mean": 0.32307692307692304,
          "test_bal_acc_std": 0.03009712284044274,
          "test_f1_mean": 0.20180313496557015,
          "test_f1_std": 0.02041076331401318,
          "test_kappa_mean": -0.015384615384615451,
          "test_kappa_std": 0.04514568426066412,
          "confusion_matrix": [
            [
              90.0,
              10.0,
              0.0
            ],
            [
              83.07692307692308,
              5.384615384615385,
              11.538461538461538
            ],
            [
              90.76923076923076,
              7.692307692307692,
              1.5384615384615385
            ]
          ]
        },
        {
          "participant": "3210",
          "train_size": 1,
          "n_seeds": 10,
          "n_train_samples_mean": 3.0,
          "n_test_samples_mean": 39.0,
          "test_acc_mean": 0.3051282051282051,
          "test_acc_std": 0.03513641844631532,
          "test_bal_acc_mean": 0.3051282051282051,
          "test_bal_acc_std": 0.03513641844631532,
          "test_f1_mean": 0.17232609141217461,
          "test_f1_std": 0.03649032258147266,
          "test_kappa_mean": -0.042307692307692324,
          "test_kappa_std": 0.05270462766947303,
          "confusion_matrix": [
            [
              0.0,
              0.0,
              100.0
            ],
            [
              0.0,
              5.384615384615385,
              94.61538461538461
            ],
            [
              0.0,
              13.846153846153845,
              86.15384615384615
            ]
          ]
        },
        {
          "participant": "3214",
          "train_size": 1,
          "n_seeds": 10,
          "n_train_samples_mean": 3.0,
          "n_test_samples_mean": 39.0,
          "test_acc_mean": 0.36410256410256414,
          "test_acc_std": 0.01081120567578934,
          "test_bal_acc_mean": 0.36410256410256414,
          "test_bal_acc_std": 0.010811205675789337,
          "test_f1_mean": 0.23522117104627852,
          "test_f1_std": 0.031337384791580825,
          "test_kappa_mean": 0.04615384615384614,
          "test_kappa_std": 0.016216808513684032,
          "confusion_matrix": [
            [
              97.6923076923077,
              0.7692307692307693,
              1.5384615384615385
            ],
            [
              94.61538461538461,
              0.7692307692307693,
              4.615384615384615
            ],
            [
              87.69230769230768,
              1.5384615384615385,
              10.76923076923077
            ]
          ]
        },
        {
          "participant": "3215",
          "train_size": 1,
          "n_seeds": 10,
          "n_train_samples_mean": 3.0,
          "n_test_samples_mean": 39.0,
          "test_acc_mean": 0.358974358974359,
          "test_acc_std": 0.05921541222457701,
          "test_bal_acc_mean": 0.358974358974359,
          "test_bal_acc_std": 0.059215412224577,
          "test_f1_mean": 0.3421777315605373,
          "test_f1_std": 0.06654353812763424,
          "test_kappa_mean": 0.03846153846153846,
          "test_kappa_std": 0.08882311833686553,
          "confusion_matrix": [
            [
              50.0,
              0.7692307692307693,
              49.23076923076924
            ],
            [
              0.0,
              1.5384615384615385,
              98.46153846153847
            ],
            [
              0.0,
              43.84615384615385,
              56.15384615384615
            ]
          ]
        },
        {
          "participant": "3216",
          "train_size": 1,
          "n_seeds": 10,
          "n_train_samples_mean": 3.0,
          "n_test_samples_mean": 39.0,
          "test_acc_mean": 0.6564102564102564,
          "test_acc_std": 0.021622411351578632,
          "test_bal_acc_mean": 0.6564102564102564,
          "test_bal_acc_std": 0.021622411351578608,
          "test_f1_mean": 0.6384182397753032,
          "test_f1_std": 0.02722274586047074,
          "test_kappa_mean": 0.48461538461538467,
          "test_kappa_std": 0.032433617027367974,
          "confusion_matrix": [
            [
              72.3076923076923,
              19.23076923076923,
              8.461538461538462
            ],
            [
              16.923076923076923,
              36.15384615384615,
              46.92307692307692
            ],
            [
              2.3076923076923075,
              9.23076923076923,
              88.46153846153845
            ]
          ]
        },
        {
          "participant": "3217",
          "train_size": 1,
          "n_seeds": 10,
          "n_train_samples_mean": 3.0,
          "n_test_samples_mean": 39.0,
          "test_acc_mean": 0.3923076923076923,
          "test_acc_std": 0.02110955390637344,
          "test_bal_acc_mean": 0.39230769230769236,
          "test_bal_acc_std": 0.02110955390637346,
          "test_f1_mean": 0.38725882178579685,
          "test_f1_std": 0.02200378336955633,
          "test_kappa_mean": 0.08846153846153845,
          "test_kappa_std": 0.031664330859560205,
          "confusion_matrix": [
            [
              50.769230769230774,
              7.692307692307692,
              41.53846153846154
            ],
            [
              30.769230769230766,
              28.46153846153846,
              40.76923076923077
            ],
            [
              37.69230769230769,
              23.846153846153847,
              38.46153846153847
            ]
          ]
        },
        {
          "participant": "3218",
          "train_size": 1,
          "n_seeds": 10,
          "n_train_samples_mean": 3.0,
          "n_test_samples_mean": 39.0,
          "test_acc_mean": 0.36410256410256414,
          "test_acc_std": 0.01621680851368401,
          "test_bal_acc_mean": 0.36410256410256414,
          "test_bal_acc_std": 0.016216808513683994,
          "test_f1_mean": 0.35080697850371123,
          "test_f1_std": 0.013045100647497814,
          "test_kappa_mean": 0.04615384615384612,
          "test_kappa_std": 0.02432521277052598,
          "confusion_matrix": [
            [
              16.153846153846153,
              3.076923076923077,
              80.76923076923077
            ],
            [
              5.384615384615385,
              60.0,
              34.615384615384606
            ],
            [
              6.9230769230769225,
              60.000000000000014,
              33.07692307692308
            ]
          ]
        },
        {
          "participant": "3219",
          "train_size": 1,
          "n_seeds": 10,
          "n_train_samples_mean": 3.0,
          "n_test_samples_mean": 39.0,
          "test_acc_mean": 0.5923076923076922,
          "test_acc_std": 0.05191911982388871,
          "test_bal_acc_mean": 0.5923076923076922,
          "test_bal_acc_std": 0.05191911982388867,
          "test_f1_mean": 0.5329399498222492,
          "test_f1_std": 0.04848599352729901,
          "test_kappa_mean": 0.3884615384615385,
          "test_kappa_std": 0.07787867973583301,
          "confusion_matrix": [
            [
              100.0,
              0.0,
              0.0
            ],
            [
              15.384615384615387,
              62.3076923076923,
              22.30769230769231
            ],
            [
              64.61538461538461,
              20.0,
              15.384615384615387
            ]
          ]
        },
        {
          "participant": "3220",
          "train_size": 1,
          "n_seeds": 10,
          "n_train_samples_mean": 3.0,
          "n_test_samples_mean": 39.0,
          "test_acc_mean": 0.3205128205128205,
          "test_acc_std": 0.030218238512245622,
          "test_bal_acc_mean": 0.3205128205128205,
          "test_bal_acc_std": 0.030218238512245612,
          "test_f1_mean": 0.2975983247470646,
          "test_f1_std": 0.03766594905040145,
          "test_kappa_mean": -0.019230769230769273,
          "test_kappa_std": 0.04532735776836841,
          "confusion_matrix": [
            [
              56.92307692307693,
              9.23076923076923,
              33.84615384615385
            ],
            [
              40.00000000000001,
              16.153846153846153,
              43.846153846153854
            ],
            [
              53.07692307692307,
              23.846153846153847,
              23.076923076923073
            ]
          ]
        },
        {
          "participant": "3221",
          "train_size": 1,
          "n_seeds": 10,
          "n_train_samples_mean": 3.0,
          "n_test_samples_mean": 39.0,
          "test_acc_mean": 0.4717948717948718,
          "test_acc_std": 0.04391532505526538,
          "test_bal_acc_mean": 0.4717948717948718,
          "test_bal_acc_std": 0.043915325055265395,
          "test_f1_mean": 0.4127585530878893,
          "test_f1_std": 0.068694306670182,
          "test_kappa_mean": 0.2076923076923077,
          "test_kappa_std": 0.0658729875828981,
          "confusion_matrix": [
            [
              45.384615384615394,
              43.07692307692307,
              11.538461538461538
            ],
            [
              9.23076923076923,
              84.61538461538461,
              6.153846153846154
            ],
            [
              16.153846153846153,
              72.3076923076923,
              11.538461538461538
            ]
          ]
        },
        {
          "participant": "3223",
          "train_size": 1,
          "n_seeds": 10,
          "n_train_samples_mean": 3.0,
          "n_test_samples_mean": 39.0,
          "test_acc_mean": 0.7615384615384615,
          "test_acc_std": 0.04689185204904342,
          "test_bal_acc_mean": 0.7615384615384615,
          "test_bal_acc_std": 0.046891852049043455,
          "test_f1_mean": 0.7510530538001802,
          "test_f1_std": 0.04499224247967664,
          "test_kappa_mean": 0.6423076923076921,
          "test_kappa_std": 0.07033777807356516,
          "confusion_matrix": [
            [
              96.15384615384615,
              0.0,
              3.846153846153846
            ],
            [
              0.0,
              78.46153846153848,
              21.53846153846154
            ],
            [
              14.615384615384617,
              31.53846153846154,
              53.846153846153854
            ]
          ]
        },
        {
          "participant": "3224",
          "train_size": 1,
          "n_seeds": 10,
          "n_train_samples_mean": 3.0,
          "n_test_samples_mean": 39.0,
          "test_acc_mean": 0.4717948717948719,
          "test_acc_std": 0.07372259368494982,
          "test_bal_acc_mean": 0.4717948717948719,
          "test_bal_acc_std": 0.07372259368494984,
          "test_f1_mean": 0.45965439874343683,
          "test_f1_std": 0.08644823858369241,
          "test_kappa_mean": 0.20769230769230768,
          "test_kappa_std": 0.11058389052742473,
          "confusion_matrix": [
            [
              45.38461538461538,
              14.615384615384613,
              40.00000000000001
            ],
            [
              0.0,
              22.307692307692303,
              77.69230769230771
            ],
            [
              0.0,
              26.153846153846153,
              73.84615384615384
            ]
          ]
        },
        {
          "participant": "3225",
          "train_size": 1,
          "n_seeds": 10,
          "n_train_samples_mean": 3.0,
          "n_test_samples_mean": 39.0,
          "test_acc_mean": 0.44102564102564107,
          "test_acc_std": 0.07332516440864004,
          "test_bal_acc_mean": 0.44102564102564107,
          "test_bal_acc_std": 0.07332516440864008,
          "test_f1_mean": 0.39695966247235215,
          "test_f1_std": 0.08760509906282443,
          "test_kappa_mean": 0.1615384615384615,
          "test_kappa_std": 0.10998774661296012,
          "confusion_matrix": [
            [
              70.0,
              12.307692307692308,
              17.69230769230769
            ],
            [
              72.3076923076923,
              11.538461538461538,
              16.153846153846153
            ],
            [
              36.15384615384615,
              13.076923076923077,
              50.769230769230774
            ]
          ]
        },
        {
          "participant": "3226",
          "train_size": 1,
          "n_seeds": 10,
          "n_train_samples_mean": 3.0,
          "n_test_samples_mean": 39.0,
          "test_acc_mean": 0.5153846153846153,
          "test_acc_std": 0.03069792307020165,
          "test_bal_acc_mean": 0.5153846153846153,
          "test_bal_acc_std": 0.030697923070201628,
          "test_f1_mean": 0.49757369531414763,
          "test_f1_std": 0.033622737468077625,
          "test_kappa_mean": 0.2730769230769231,
          "test_kappa_std": 0.04604688460530249,
          "confusion_matrix": [
            [
              100.0,
              0.0,
              0.0
            ],
            [
              4.615384615384615,
              13.076923076923077,
              82.3076923076923
            ],
            [
              0.0,
              58.461538461538474,
              41.53846153846153
            ]
          ]
        },
        {
          "participant": "3227",
          "train_size": 1,
          "n_seeds": 10,
          "n_train_samples_mean": 3.0,
          "n_test_samples_mean": 39.0,
          "test_acc_mean": 0.38974358974358975,
          "test_acc_std": 0.044902309526713494,
          "test_bal_acc_mean": 0.38974358974358975,
          "test_bal_acc_std": 0.0449023095267135,
          "test_f1_mean": 0.3399394445619378,
          "test_f1_std": 0.04125002691818992,
          "test_kappa_mean": 0.0846153846153846,
          "test_kappa_std": 0.06735346429007023,
          "confusion_matrix": [
            [
              54.615384615384606,
              45.38461538461539,
              0.0
            ],
            [
              19.230769230769234,
              55.38461538461538,
              25.384615384615383
            ],
            [
              34.61538461538462,
              58.46153846153847,
              6.9230769230769225
            ]
          ]
        },
        {
          "participant": "3228",
          "train_size": 1,
          "n_seeds": 10,
          "n_train_samples_mean": 3.0,
          "n_test_samples_mean": 39.0,
          "test_acc_mean": 0.19230769230769232,
          "test_acc_std": 0.02179068168202045,
          "test_bal_acc_mean": 0.19230769230769235,
          "test_bal_acc_std": 0.021790681682020443,
          "test_f1_mean": 0.14987670933354047,
          "test_f1_std": 0.019218658701677552,
          "test_kappa_mean": -0.2115384615384616,
          "test_kappa_std": 0.03268602252303068,
          "confusion_matrix": [
            [
              0.0,
              63.07692307692308,
              36.92307692307692
            ],
            [
              0.0,
              16.153846153846153,
              83.84615384615385
            ],
            [
              0.0,
              58.46153846153847,
              41.53846153846153
            ]
          ]
        },
        {
          "participant": "3229",
          "train_size": 1,
          "n_seeds": 10,
          "n_train_samples_mean": 3.0,
          "n_test_samples_mean": 39.0,
          "test_acc_mean": 0.4897435897435898,
          "test_acc_std": 0.02821807524652849,
          "test_bal_acc_mean": 0.4897435897435898,
          "test_bal_acc_std": 0.028218075246528508,
          "test_f1_mean": 0.47462583385179846,
          "test_f1_std": 0.02618596355904022,
          "test_kappa_mean": 0.2346153846153846,
          "test_kappa_std": 0.04232711286979276,
          "confusion_matrix": [
            [
              79.23076923076924,
              20.0,
              0.7692307692307693
            ],
            [
              63.07692307692307,
              36.92307692307692,
              0.0
            ],
            [
              7.692307692307692,
              61.538461538461526,
              30.769230769230766
            ]
          ]
        },
        {
          "participant": "3230",
          "train_size": 1,
          "n_seeds": 10,
          "n_train_samples_mean": 3.0,
          "n_test_samples_mean": 39.0,
          "test_acc_mean": 0.4435897435897436,
          "test_acc_std": 0.027162818089009753,
          "test_bal_acc_mean": 0.4435897435897436,
          "test_bal_acc_std": 0.027162818089009746,
          "test_f1_mean": 0.3620653414445186,
          "test_f1_std": 0.0417089899989654,
          "test_kappa_mean": 0.16538461538461538,
          "test_kappa_std": 0.04074422713351459,
          "confusion_matrix": [
            [
              11.538461538461538,
              11.538461538461538,
              76.92307692307693
            ],
            [
              16.153846153846153,
              21.538461538461537,
              62.30769230769231
            ],
            [
              0.0,
              0.0,
              100.0
            ]
          ]
        },
        {
          "participant": "3232",
          "train_size": 1,
          "n_seeds": 10,
          "n_train_samples_mean": 3.0,
          "n_test_samples_mean": 39.0,
          "test_acc_mean": 0.31025641025641026,
          "test_acc_std": 0.058532969806030545,
          "test_bal_acc_mean": 0.31025641025641026,
          "test_bal_acc_std": 0.05853296980603053,
          "test_f1_mean": 0.248778000917465,
          "test_f1_std": 0.045341686229487844,
          "test_kappa_mean": -0.03461538461538462,
          "test_kappa_std": 0.08779945470904571,
          "confusion_matrix": [
            [
              0.0,
              36.15384615384615,
              63.84615384615383
            ],
            [
              25.38461538461539,
              43.846153846153854,
              30.769230769230766
            ],
            [
              3.076923076923077,
              47.69230769230769,
              49.23076923076923
            ]
          ]
        },
        {
          "participant": "3233",
          "train_size": 1,
          "n_seeds": 10,
          "n_train_samples_mean": 3.0,
          "n_test_samples_mean": 39.0,
          "test_acc_mean": 0.5307692307692307,
          "test_acc_std": 0.04689185204904342,
          "test_bal_acc_mean": 0.5307692307692307,
          "test_bal_acc_std": 0.046891852049043434,
          "test_f1_mean": 0.4872213140905256,
          "test_f1_std": 0.056534598724779436,
          "test_kappa_mean": 0.29615384615384616,
          "test_kappa_std": 0.07033777807356514,
          "confusion_matrix": [
            [
              21.53846153846154,
              61.53846153846155,
              16.923076923076923
            ],
            [
              0.0,
              95.38461538461539,
              4.615384615384615
            ],
            [
              0.0,
              57.6923076923077,
              42.30769230769231
            ]
          ]
        },
        {
          "participant": "3234",
          "train_size": 1,
          "n_seeds": 10,
          "n_train_samples_mean": 3.0,
          "n_test_samples_mean": 39.0,
          "test_acc_mean": 0.4000000000000001,
          "test_acc_std": 0.04865042554105199,
          "test_bal_acc_mean": 0.4000000000000001,
          "test_bal_acc_std": 0.04865042554105199,
          "test_f1_mean": 0.32733427474381965,
          "test_f1_std": 0.07230428509460511,
          "test_kappa_mean": 0.09999999999999996,
          "test_kappa_std": 0.072975638311578,
          "confusion_matrix": [
            [
              10.76923076923077,
              6.153846153846155,
              83.07692307692307
            ],
            [
              27.69230769230769,
              20.769230769230766,
              51.53846153846153
            ],
            [
              11.538461538461538,
              0.0,
              88.46153846153847
            ]
          ]
        },
        {
          "participant": "3235",
          "train_size": 1,
          "n_seeds": 10,
          "n_train_samples_mean": 3.0,
          "n_test_samples_mean": 39.0,
          "test_acc_mean": 0.5051282051282051,
          "test_acc_std": 0.027162818089009735,
          "test_bal_acc_mean": 0.5051282051282051,
          "test_bal_acc_std": 0.027162818089009718,
          "test_f1_mean": 0.49484330824343176,
          "test_f1_std": 0.026238077683810625,
          "test_kappa_mean": 0.2576923076923078,
          "test_kappa_std": 0.040744227133514624,
          "confusion_matrix": [
            [
              81.53846153846155,
              18.46153846153846,
              0.0
            ],
            [
              29.230769230769234,
              35.38461538461539,
              35.38461538461539
            ],
            [
              6.9230769230769225,
              58.46153846153845,
              34.61538461538462
            ]
          ]
        },
        {
          "participant": "3236",
          "train_size": 1,
          "n_seeds": 10,
          "n_train_samples_mean": 3.0,
          "n_test_samples_mean": 39.0,
          "test_acc_mean": 0.47948717948717945,
          "test_acc_std": 0.02110955390637342,
          "test_bal_acc_mean": 0.47948717948717956,
          "test_bal_acc_std": 0.021109553906373483,
          "test_f1_mean": 0.4372400864059183,
          "test_f1_std": 0.035099926802325654,
          "test_kappa_mean": 0.21923076923076926,
          "test_kappa_std": 0.03166433085956018,
          "confusion_matrix": [
            [
              31.53846153846154,
              0.0,
              68.46153846153847
            ],
            [
              3.846153846153846,
              20.0,
              76.15384615384616
            ],
            [
              3.076923076923077,
              4.615384615384615,
              92.3076923076923
            ]
          ]
        },
        {
          "participant": "3237",
          "train_size": 1,
          "n_seeds": 10,
          "n_train_samples_mean": 3.0,
          "n_test_samples_mean": 39.0,
          "test_acc_mean": 0.5076923076923077,
          "test_acc_std": 0.04324482270315732,
          "test_bal_acc_mean": 0.5076923076923077,
          "test_bal_acc_std": 0.043244822703157326,
          "test_f1_mean": 0.454970803452093,
          "test_f1_std": 0.06065461143460212,
          "test_kappa_mean": 0.2615384615384616,
          "test_kappa_std": 0.06486723405473599,
          "confusion_matrix": [
            [
              94.61538461538461,
              1.5384615384615385,
              3.846153846153846
            ],
            [
              87.6923076923077,
              10.0,
              2.3076923076923075
            ],
            [
              30.769230769230766,
              21.538461538461537,
              47.692307692307686
            ]
          ]
        },
        {
          "participant": "3238",
          "train_size": 1,
          "n_seeds": 10,
          "n_train_samples_mean": 3.0,
          "n_test_samples_mean": 39.0,
          "test_acc_mean": 0.5025641025641026,
          "test_acc_std": 0.042219107812746896,
          "test_bal_acc_mean": 0.5025641025641026,
          "test_bal_acc_std": 0.04221910781274691,
          "test_f1_mean": 0.4878390902918227,
          "test_f1_std": 0.051301010192164015,
          "test_kappa_mean": 0.25384615384615383,
          "test_kappa_std": 0.06332866171912035,
          "confusion_matrix": [
            [
              55.384615384615394,
              26.153846153846153,
              18.46153846153846
            ],
            [
              14.615384615384613,
              28.46153846153846,
              56.92307692307692
            ],
            [
              19.23076923076923,
              13.846153846153845,
              66.92307692307693
            ]
          ]
        },
        {
          "participant": "3239",
          "train_size": 1,
          "n_seeds": 10,
          "n_train_samples_mean": 3.0,
          "n_test_samples_mean": 39.0,
          "test_acc_mean": 0.7589743589743589,
          "test_acc_std": 0.036662582204320025,
          "test_bal_acc_mean": 0.758974358974359,
          "test_bal_acc_std": 0.03666258220432002,
          "test_f1_mean": 0.7568755195052047,
          "test_f1_std": 0.03536540576862493,
          "test_kappa_mean": 0.6384615384615385,
          "test_kappa_std": 0.05499387330648006,
          "confusion_matrix": [
            [
              72.30769230769234,
              27.69230769230769,
              0.0
            ],
            [
              20.769230769230766,
              63.07692307692307,
              16.153846153846153
            ],
            [
              0.7692307692307693,
              6.9230769230769225,
              92.30769230769229
            ]
          ]
        },
        {
          "participant": "3240",
          "train_size": 1,
          "n_seeds": 10,
          "n_train_samples_mean": 3.0,
          "n_test_samples_mean": 39.0,
          "test_acc_mean": 0.5076923076923077,
          "test_acc_std": 0.05240926398890902,
          "test_bal_acc_mean": 0.5076923076923077,
          "test_bal_acc_std": 0.05240926398890904,
          "test_f1_mean": 0.4543361136931696,
          "test_f1_std": 0.06838430715203533,
          "test_kappa_mean": 0.2615384615384615,
          "test_kappa_std": 0.07861389598336353,
          "confusion_matrix": [
            [
              16.153846153846153,
              70.76923076923076,
              13.076923076923077
            ],
            [
              1.5384615384615385,
              93.84615384615384,
              4.615384615384615
            ],
            [
              0.0,
              57.69230769230769,
              42.30769230769231
            ]
          ]
        },
        {
          "participant": "3241",
          "train_size": 1,
          "n_seeds": 10,
          "n_train_samples_mean": 3.0,
          "n_test_samples_mean": 39.0,
          "test_acc_mean": 0.38461538461538464,
          "test_acc_std": 0.04983719568243846,
          "test_bal_acc_mean": 0.3846153846153846,
          "test_bal_acc_std": 0.049837195682438475,
          "test_f1_mean": 0.3616382495650787,
          "test_f1_std": 0.059232084994217615,
          "test_kappa_mean": 0.0769230769230769,
          "test_kappa_std": 0.07475579352365769,
          "confusion_matrix": [
            [
              45.38461538461539,
              20.769230769230766,
              33.84615384615385
            ],
            [
              38.46153846153845,
              55.38461538461538,
              6.153846153846153
            ],
            [
              62.30769230769232,
              23.076923076923073,
              14.615384615384617
            ]
          ]
        },
        {
          "participant": "3242",
          "train_size": 1,
          "n_seeds": 10,
          "n_train_samples_mean": 3.0,
          "n_test_samples_mean": 39.0,
          "test_acc_mean": 0.48461538461538456,
          "test_acc_std": 0.03715737627228061,
          "test_bal_acc_mean": 0.48461538461538456,
          "test_bal_acc_std": 0.0371573762722806,
          "test_f1_mean": 0.4306345364277283,
          "test_f1_std": 0.055190754128809826,
          "test_kappa_mean": 0.22692307692307695,
          "test_kappa_std": 0.05573606440842094,
          "confusion_matrix": [
            [
              94.61538461538461,
              1.5384615384615385,
              3.846153846153846
            ],
            [
              63.076923076923094,
              33.84615384615385,
              3.076923076923077
            ],
            [
              76.15384615384615,
              6.9230769230769225,
              16.923076923076923
            ]
          ]
        },
        {
          "participant": "3243",
          "train_size": 1,
          "n_seeds": 10,
          "n_train_samples_mean": 3.0,
          "n_test_samples_mean": 39.0,
          "test_acc_mean": 0.39743589743589747,
          "test_acc_std": 0.04230553391714386,
          "test_bal_acc_mean": 0.39743589743589747,
          "test_bal_acc_std": 0.04230553391714387,
          "test_f1_mean": 0.36073249115475603,
          "test_f1_std": 0.05634571249120639,
          "test_kappa_mean": 0.09615384615384613,
          "test_kappa_std": 0.06345830087571584,
          "confusion_matrix": [
            [
              68.46153846153847,
              31.53846153846154,
              0.0
            ],
            [
              66.15384615384615,
              33.84615384615385,
              0.0
            ],
            [
              29.230769230769234,
              53.84615384615385,
              16.92307692307692
            ]
          ]
        },
        {
          "participant": "3244",
          "train_size": 1,
          "n_seeds": 10,
          "n_train_samples_mean": 3.0,
          "n_test_samples_mean": 39.0,
          "test_acc_mean": 0.4871794871794871,
          "test_acc_std": 0.0270280141894733,
          "test_bal_acc_mean": 0.4871794871794871,
          "test_bal_acc_std": 0.027028014189473336,
          "test_f1_mean": 0.4683483819399818,
          "test_f1_std": 0.031085351884343426,
          "test_kappa_mean": 0.23076923076923075,
          "test_kappa_std": 0.04054202128421002,
          "confusion_matrix": [
            [
              60.769230769230774,
              3.076923076923077,
              36.153846153846146
            ],
            [
              47.69230769230769,
              24.615384615384613,
              27.69230769230769
            ],
            [
              33.07692307692307,
              6.153846153846154,
              60.769230769230774
            ]
          ]
        },
        {
          "participant": "3245",
          "train_size": 1,
          "n_seeds": 10,
          "n_train_samples_mean": 3.0,
          "n_test_samples_mean": 39.0,
          "test_acc_mean": 0.6512820512820513,
          "test_acc_std": 0.027563274353157405,
          "test_bal_acc_mean": 0.6512820512820513,
          "test_bal_acc_std": 0.027563274353157405,
          "test_f1_mean": 0.6586637417448787,
          "test_f1_std": 0.026837028841542078,
          "test_kappa_mean": 0.4769230769230769,
          "test_kappa_std": 0.04134491152973613,
          "confusion_matrix": [
            [
              75.38461538461539,
              0.7692307692307693,
              23.846153846153847
            ],
            [
              0.0,
              68.46153846153845,
              31.538461538461537
            ],
            [
              0.7692307692307693,
              47.69230769230769,
              51.53846153846153
            ]
          ]
        },
        {
          "participant": "3246",
          "train_size": 1,
          "n_seeds": 10,
          "n_train_samples_mean": 3.0,
          "n_test_samples_mean": 39.0,
          "test_acc_mean": 0.47435897435897434,
          "test_acc_std": 0.03254603891394831,
          "test_bal_acc_mean": 0.47435897435897434,
          "test_bal_acc_std": 0.03254603891394831,
          "test_f1_mean": 0.42322179288700434,
          "test_f1_std": 0.03513713734511644,
          "test_kappa_mean": 0.21153846153846154,
          "test_kappa_std": 0.048819058370922486,
          "confusion_matrix": [
            [
              10.0,
              0.0,
              90.0
            ],
            [
              33.07692307692308,
              38.46153846153847,
              28.46153846153846
            ],
            [
              0.7692307692307693,
              5.384615384615385,
              93.84615384615384
            ]
          ]
        },
        {
          "participant": "3247",
          "train_size": 1,
          "n_seeds": 10,
          "n_train_samples_mean": 3.0,
          "n_test_samples_mean": 39.0,
          "test_acc_mean": 0.4282051282051282,
          "test_acc_std": 0.06735346429007023,
          "test_bal_acc_mean": 0.4282051282051281,
          "test_bal_acc_std": 0.06735346429007025,
          "test_f1_mean": 0.4099696313673425,
          "test_f1_std": 0.054569233241781,
          "test_kappa_mean": 0.1423076923076923,
          "test_kappa_std": 0.10103019643510537,
          "confusion_matrix": [
            [
              20.0,
              34.61538461538461,
              45.38461538461539
            ],
            [
              36.153846153846146,
              63.84615384615385,
              0.0
            ],
            [
              23.846153846153847,
              31.538461538461537,
              44.61538461538462
            ]
          ]
        },
        {
          "participant": "3248",
          "train_size": 1,
          "n_seeds": 10,
          "n_train_samples_mean": 3.0,
          "n_test_samples_mean": 39.0,
          "test_acc_mean": 0.5358974358974359,
          "test_acc_std": 0.0329918958386646,
          "test_bal_acc_mean": 0.535897435897436,
          "test_bal_acc_std": 0.032991895838664596,
          "test_f1_mean": 0.5006551408074446,
          "test_f1_std": 0.045206041740923075,
          "test_kappa_mean": 0.3038461538461538,
          "test_kappa_std": 0.04948784375799686,
          "confusion_matrix": [
            [
              81.53846153846155,
              0.0,
              18.46153846153846
            ],
            [
              45.38461538461539,
              23.076923076923077,
              31.538461538461537
            ],
            [
              25.384615384615383,
              18.46153846153846,
              56.15384615384615
            ]
          ]
        },
        {
          "participant": "3250",
          "train_size": 1,
          "n_seeds": 10,
          "n_train_samples_mean": 3.0,
          "n_test_samples_mean": 39.0,
          "test_acc_mean": 0.4384615384615385,
          "test_acc_std": 0.025498177590044958,
          "test_bal_acc_mean": 0.4384615384615385,
          "test_bal_acc_std": 0.02549817759004494,
          "test_f1_mean": 0.35935274679090906,
          "test_f1_std": 0.04172827932255244,
          "test_kappa_mean": 0.15769230769230771,
          "test_kappa_std": 0.03824726638506742,
          "confusion_matrix": [
            [
              4.615384615384615,
              23.076923076923073,
              72.3076923076923
            ],
            [
              0.0,
              88.46153846153845,
              11.538461538461538
            ],
            [
              0.7692307692307693,
              60.769230769230774,
              38.46153846153847
            ]
          ]
        }
      ]
    },
    {
      "aggregated": {
        "train_size": 2,
        "n_participants": 37,
        "n_seeds": 10,
        "test_acc_mean": 0.47357357357357355,
        "test_acc_std": 0.13446124911177154,
        "test_bal_acc_mean": 0.4735735735735735,
        "test_bal_acc_std": 0.13446124911177154,
        "test_f1_mean": 0.43889787197726937,
        "test_f1_std": 0.15072654616489056,
        "test_kappa_mean": 0.21036036036036038,
        "test_kappa_std": 0.2016918736676573,
        "confusion_matrix": [
          [
            52.04954954954957,
            21.801801801801805,
            26.14864864864865
          ],
          [
            22.905405405405403,
            44.9099099099099,
            32.18468468468468
          ],
          [
            20.653153153153152,
            34.23423423423423,
            45.11261261261261
          ]
        ]
      },
      "per_participant": [
        {
          "participant": "3208",
          "train_size": 2,
          "n_seeds": 10,
          "n_train_samples_mean": 6.0,
          "n_test_samples_mean": 36.0,
          "test_acc_mean": 0.6277777777777777,
          "test_acc_std": 0.05270462766947296,
          "test_bal_acc_mean": 0.6277777777777777,
          "test_bal_acc_std": 0.05270462766947297,
          "test_f1_mean": 0.6202022691987972,
          "test_f1_std": 0.051846710838216396,
          "test_kappa_mean": 0.4416666666666667,
          "test_kappa_std": 0.07905694150420946,
          "confusion_matrix": [
            [
              39.99999999999999,
              45.00000000000001,
              14.999999999999996
            ],
            [
              0.0,
              75.83333333333334,
              24.166666666666664
            ],
            [
              0.0,
              27.5,
              72.49999999999999
            ]
          ]
        },
        {
          "participant": "3209",
          "train_size": 2,
          "n_seeds": 10,
          "n_train_samples_mean": 6.0,
          "n_test_samples_mean": 36.0,
          "test_acc_mean": 0.31388888888888894,
          "test_acc_std": 0.039392680344782674,
          "test_bal_acc_mean": 0.3138888888888889,
          "test_bal_acc_std": 0.039392680344782674,
