{
  "name": "eye_gsr_ecg",
  "config": {
    "n_seeds": 10,
    "feature_selection": "backward",
    "use_pca": false,
    "pca_variance": 0.95,
    "write_cm": true,
    "tune_hyperparameters": false,
    "tune_n_iter": 30,
    "tune_cv_folds": 5,
    "use_pose_derivatives": true,
    "use_time_features": false,
    "class_config": "all",
    "include_order": false,
    "name": "eye_gsr_ecg",
    "feature_groups": [
      "eye_tracking",
      "gsr",
      "ecg"
    ],
    "split_strategy": "participant_specific",
    "sampling_strategy": "temporal_stratified"
  },
  "sampling_strategy": "temporal_stratified",
  "n_seeds": 10,
  "learning_curve": [
    {
      "aggregated": {
        "train_size": 1,
        "n_participants": 36,
        "n_seeds": 10,
        "test_acc_mean": 0.5254345346568217,
        "test_acc_std": 0.126559390730423,
        "test_bal_acc_mean": 0.5180274432357765,
        "test_bal_acc_std": 0.12300755576060302,
        "test_f1_mean": 0.4958125626675715,
        "test_f1_std": 0.13985457390635958,
        "test_kappa_mean": 0.28101992094760175,
        "test_kappa_std": 0.19025144569545896,
        "confusion_matrix": [
          [
            53.93340455840456,
            14.973290598290598,
            31.093304843304843
          ],
          [
            18.178774928774928,
            46.72257834757834,
            35.09864672364674
          ],
          [
            18.04929098679099,
            27.198458948458956,
            54.75225006475008
          ]
        ]
      },
      "per_participant": [
        {
          "participant": "3208",
          "train_size": 1,
          "n_seeds": 10,
          "n_train_samples_mean": 3.0,
          "n_test_samples_mean": 39.0,
          "test_acc_mean": 0.49230769230769234,
          "test_acc_std": 0.07130479868244173,
          "test_bal_acc_mean": 0.49230769230769234,
          "test_bal_acc_std": 0.07130479868244176,
          "test_f1_mean": 0.4413629188904286,
          "test_f1_std": 0.1129403720462355,
          "test_kappa_mean": 0.23846153846153842,
          "test_kappa_std": 0.10695719802366262,
          "confusion_matrix": [
            [
              23.846153846153847,
              70.0,
              6.153846153846154
            ],
            [
              0.0,
              94.61538461538461,
              5.384615384615385
            ],
            [
              0.0,
              70.76923076923077,
              29.230769230769226
            ]
          ]
        },
        {
          "participant": "3209",
          "train_size": 1,
          "n_seeds": 10,
          "n_train_samples_mean": 3.0,
          "n_test_samples_mean": 38.0,
          "test_acc_mean": 0.6578947368421053,
          "test_acc_std": 0.046416689667799826,
          "test_bal_acc_mean": 0.6446581196581198,
          "test_bal_acc_std": 0.04582878123306935,
          "test_f1_mean": 0.5996160404213544,
          "test_f1_std": 0.052676218516680404,
          "test_kappa_mean": 0.4817714226904952,
          "test_kappa_std": 0.07010028788437674,
          "confusion_matrix": [
            [
              90.76923076923076,
              3.846153846153846,
              5.384615384615385
            ],
            [
              5.384615384615385,
              88.46153846153847,
              6.153846153846154
            ],
            [
              74.99999999999999,
              10.833333333333332,
              14.166666666666663
            ]
          ]
        },
        {
          "participant": "3214",
          "train_size": 1,
          "n_seeds": 10,
          "n_train_samples_mean": 3.0,
          "n_test_samples_mean": 39.0,
          "test_acc_mean": 0.40512820512820513,
          "test_acc_std": 0.07027283689263064,
          "test_bal_acc_mean": 0.40512820512820513,
          "test_bal_acc_std": 0.07027283689263064,
          "test_f1_mean": 0.3554406902022329,
          "test_f1_std": 0.052291455227829575,
          "test_kappa_mean": 0.10769230769230775,
          "test_kappa_std": 0.10540925533894598,
          "confusion_matrix": [
            [
              76.15384615384616,
              20.0,
              3.846153846153846
            ],
            [
              81.53846153846153,
              10.76923076923077,
              7.692307692307692
            ],
            [
              53.84615384615385,
              11.538461538461538,
              34.61538461538461
            ]
          ]
        },
        {
          "participant": "3215",
          "train_size": 1,
          "n_seeds": 10,
          "n_train_samples_mean": 3.0,
          "n_test_samples_mean": 39.0,
          "test_acc_mean": 0.3,
          "test_acc_std": 0.02716281808900975,
          "test_bal_acc_mean": 0.29999999999999993,
          "test_bal_acc_std": 0.027162818089009742,
          "test_f1_mean": 0.31034188331991386,
          "test_f1_std": 0.02127822132508995,
          "test_kappa_mean": -0.04999999999999999,
          "test_kappa_std": 0.04074422713351459,
          "confusion_matrix": [
            [
              57.69230769230769,
              0.0,
              42.30769230769231
            ],
            [
              9.23076923076923,
              3.846153846153846,
              86.92307692307692
            ],
            [
              3.846153846153846,
              67.6923076923077,
              28.46153846153846
            ]
          ]
        },
        {
          "participant": "3216",
          "train_size": 1,
          "n_seeds": 10,
          "n_train_samples_mean": 3.0,
          "n_test_samples_mean": 37.0,
          "test_acc_mean": 0.6486486486486486,
          "test_acc_std": 0.09362436797669607,
          "test_bal_acc_mean": 0.6554778554778555,
          "test_bal_acc_std": 0.0952566193292518,
          "test_f1_mean": 0.6254710114964431,
          "test_f1_std": 0.11172401197180187,
          "test_kappa_mean": 0.475535921392913,
          "test_kappa_std": 0.14006694836409422,
          "confusion_matrix": [
            [
              42.30769230769231,
              33.07692307692307,
              24.61538461538461
            ],
            [
              2.3076923076923075,
              76.15384615384616,
              21.53846153846154
            ],
            [
              0.9090909090909092,
              20.909090909090914,
              78.18181818181817
            ]
          ]
        },
        {
          "participant": "3217",
          "train_size": 1,
          "n_seeds": 10,
          "n_train_samples_mean": 3.0,
          "n_test_samples_mean": 39.0,
          "test_acc_mean": 0.49743589743589733,
          "test_acc_std": 0.05946163121684131,
          "test_bal_acc_mean": 0.49743589743589733,
          "test_bal_acc_std": 0.0594616312168413,
          "test_f1_mean": 0.45869746331123895,
          "test_f1_std": 0.052385977373986294,
          "test_kappa_mean": 0.2461538461538461,
          "test_kappa_std": 0.08919244682526199,
          "confusion_matrix": [
            [
              66.15384615384616,
              23.076923076923077,
              10.76923076923077
            ],
            [
              23.076923076923077,
              16.923076923076923,
              59.999999999999986
            ],
            [
              26.923076923076923,
              6.9230769230769225,
              66.15384615384615
            ]
          ]
        },
        {
          "participant": "3218",
          "train_size": 1,
          "n_seeds": 10,
          "n_train_samples_mean": 3.0,
          "n_test_samples_mean": 39.0,
          "test_acc_mean": 0.5128205128205129,
          "test_acc_std": 0.07352414758156091,
          "test_bal_acc_mean": 0.5128205128205128,
          "test_bal_acc_std": 0.07352414758156091,
          "test_f1_mean": 0.5077964899787675,
          "test_f1_std": 0.09056523805792423,
          "test_kappa_mean": 0.2692307692307692,
          "test_kappa_std": 0.1102862213723414,
          "confusion_matrix": [
            [
              43.84615384615384,
              0.0,
              56.15384615384615
            ],
            [
              1.5384615384615385,
              43.84615384615385,
              54.61538461538462
            ],
            [
              10.76923076923077,
              23.076923076923077,
              66.15384615384616
            ]
          ]
        },
        {
          "participant": "3219",
          "train_size": 1,
          "n_seeds": 10,
          "n_train_samples_mean": 3.0,
          "n_test_samples_mean": 32.0,
          "test_acc_mean": 0.490625,
          "test_acc_std": 0.06917482381618331,
          "test_bal_acc_mean": 0.4625,
          "test_bal_acc_std": 0.07495140172156511,
          "test_f1_mean": 0.4048402990621682,
          "test_f1_std": 0.09334946190643899,
          "test_kappa_mean": 0.22644222497795496,
          "test_kappa_std": 0.10518995913999733,
          "confusion_matrix": [
            [
              100.0,
              0.0,
              0.0
            ],
            [
              29.166666666666668,
              15.0,
              55.83333333333333
            ],
            [
              66.25,
              10.0,
              23.75
            ]
          ]
        },
        {
          "participant": "3220",
          "train_size": 1,
          "n_seeds": 10,
          "n_train_samples_mean": 3.0,
          "n_test_samples_mean": 39.0,
          "test_acc_mean": 0.46153846153846156,
          "test_acc_std": 0.04008902358823442,
          "test_bal_acc_mean": 0.46153846153846156,
          "test_bal_acc_std": 0.040089023588234456,
          "test_f1_mean": 0.44138843440883446,
          "test_f1_std": 0.0481213958525451,
          "test_kappa_mean": 0.1923076923076923,
          "test_kappa_std": 0.06013353538235167,
          "confusion_matrix": [
            [
              50.000000000000014,
              8.461538461538462,
              41.53846153846153
            ],
            [
              12.30769230769231,
              21.538461538461533,
              66.15384615384616
            ],
            [
              6.9230769230769225,
              26.15384615384615,
              66.92307692307693
            ]
          ]
        },
        {
          "participant": "3221",
          "train_size": 1,
          "n_seeds": 10,
          "n_train_samples_mean": 3.0,
          "n_test_samples_mean": 39.0,
          "test_acc_mean": 0.4128205128205128,
          "test_acc_std": 0.04902437743487174,
          "test_bal_acc_mean": 0.4128205128205128,
          "test_bal_acc_std": 0.04902437743487174,
          "test_f1_mean": 0.37201031413038127,
          "test_f1_std": 0.04705310268527314,
          "test_kappa_mean": 0.11923076923076922,
          "test_kappa_std": 0.07353656615230764,
          "confusion_matrix": [
            [
              13.076923076923077,
              23.076923076923073,
              63.84615384615385
            ],
            [
              0.0,
              69.23076923076924,
              30.769230769230774
            ],
            [
              4.615384615384615,
              53.84615384615385,
              41.53846153846154
            ]
          ]
        },
        {
          "participant": "3223",
          "train_size": 1,
          "n_seeds": 10,
          "n_train_samples_mean": 3.0,
          "n_test_samples_mean": 39.0,
          "test_acc_mean": 0.576923076923077,
          "test_acc_std": 0.09145698529501153,
          "test_bal_acc_mean": 0.576923076923077,
          "test_bal_acc_std": 0.09145698529501153,
          "test_f1_mean": 0.5677508770520017,
          "test_f1_std": 0.10618184761633949,
          "test_kappa_mean": 0.3653846153846154,
          "test_kappa_std": 0.1371854779425173,
          "confusion_matrix": [
            [
              43.07692307692308,
              5.384615384615385,
              51.53846153846153
            ],
            [
              0.0,
              80.0,
              20.0
            ],
            [
              0.7692307692307693,
              49.230769230769226,
              50.0
            ]
          ]
        },
        {
          "participant": "3224",
          "train_size": 1,
          "n_seeds": 10,
          "n_train_samples_mean": 3.0,
          "n_test_samples_mean": 24.0,
          "test_acc_mean": 0.7041666666666666,
          "test_acc_std": 0.08205030826523294,
          "test_bal_acc_mean": 0.6555555555555557,
          "test_bal_acc_std": 0.05543196128553988,
          "test_f1_mean": 0.6998830198906252,
          "test_f1_std": 0.08523962579793772,
          "test_kappa_mean": 0.4891075169203347,
          "test_kappa_std": 0.12451621411641031,
          "confusion_matrix": [
            [
              50.0,
              0.0,
              50.0
            ],
            [
              2.4999999999999996,
              61.666666666666664,
              35.83333333333333
            ],
            [
              3.0,
              12.0,
              85.0
            ]
          ]
        },
        {
          "participant": "3225",
          "train_size": 1,
          "n_seeds": 10,
          "n_train_samples_mean": 3.0,
          "n_test_samples_mean": 39.0,
          "test_acc_mean": 0.6794871794871795,
          "test_acc_std": 0.05303279335893529,
          "test_bal_acc_mean": 0.6794871794871795,
          "test_bal_acc_std": 0.05303279335893529,
          "test_f1_mean": 0.6468796797756908,
          "test_f1_std": 0.06474826499927323,
          "test_kappa_mean": 0.5192307692307692,
          "test_kappa_std": 0.07954919003840295,
          "confusion_matrix": [
            [
              93.84615384615384,
              4.615384615384615,
              1.5384615384615385
            ],
            [
              21.53846153846154,
              35.38461538461538,
              43.07692307692308
            ],
            [
              13.846153846153845,
              11.538461538461538,
              74.61538461538461
            ]
          ]
        },
        {
          "participant": "3226",
          "train_size": 1,
          "n_seeds": 10,
          "n_train_samples_mean": 3.0,
          "n_test_samples_mean": 39.0,
          "test_acc_mean": 0.5435897435897437,
          "test_acc_std": 0.0337579789027889,
          "test_bal_acc_mean": 0.5435897435897437,
          "test_bal_acc_std": 0.033757978902788886,
          "test_f1_mean": 0.5135945578123234,
          "test_f1_std": 0.03438391948230843,
          "test_kappa_mean": 0.31538461538461543,
          "test_kappa_std": 0.05063696835418332,
          "confusion_matrix": [
            [
              96.92307692307693,
              0.0,
              3.076923076923077
            ],
            [
              6.9230769230769225,
              15.384615384615383,
              77.6923076923077
            ],
            [
              5.384615384615385,
              43.84615384615385,
              50.76923076923076
            ]
          ]
        },
        {
          "participant": "3227",
          "train_size": 1,
          "n_seeds": 10,
          "n_train_samples_mean": 3.0,
          "n_test_samples_mean": 39.0,
          "test_acc_mean": 0.6179487179487179,
          "test_acc_std": 0.05976797858819517,
          "test_bal_acc_mean": 0.6179487179487179,
          "test_bal_acc_std": 0.05976797858819516,
          "test_f1_mean": 0.6158214964423551,
          "test_f1_std": 0.06850230779012417,
          "test_kappa_mean": 0.426923076923077,
          "test_kappa_std": 0.08965196788229274,
          "confusion_matrix": [
            [
              66.92307692307692,
              33.07692307692308,
              0.0
            ],
            [
              30.769230769230774,
              67.69230769230771,
              1.5384615384615385
            ],
            [
              14.615384615384617,
              34.61538461538461,
              50.769230769230774
            ]
          ]
        },
        {
          "participant": "3228",
          "train_size": 1,
          "n_seeds": 10,
          "n_train_samples_mean": 3.0,
          "n_test_samples_mean": 30.0,
          "test_acc_mean": 0.42333333333333334,
          "test_acc_std": 0.06095940766375646,
          "test_bal_acc_mean": 0.3256410256410257,
          "test_bal_acc_std": 0.046891852049043434,
          "test_f1_mean": 0.38220615983978656,
          "test_f1_std": 0.05194454396657581,
          "test_kappa_mean": -0.008568514110846682,
          "test_kappa_std": 0.1047892886080495,
          "confusion_matrix": [
            [
              0.0,
              70.0,
              30.0
            ],
            [
              0.0,
              53.84615384615385,
              46.153846153846146
            ],
            [
              3.846153846153846,
              52.30769230769231,
              43.84615384615385
            ]
          ]
        },
        {
          "participant": "3229",
          "train_size": 1,
          "n_seeds": 10,
          "n_train_samples_mean": 3.0,
          "n_test_samples_mean": 39.0,
          "test_acc_mean": 0.5282051282051282,
          "test_acc_std": 0.0664251597529075,
          "test_bal_acc_mean": 0.5282051282051281,
          "test_bal_acc_std": 0.06642515975290748,
          "test_f1_mean": 0.521574790716574,
          "test_f1_std": 0.06655949926291639,
          "test_kappa_mean": 0.29230769230769227,
          "test_kappa_std": 0.09963773962936127,
          "confusion_matrix": [
            [
              62.30769230769231,
              2.3076923076923075,
              35.38461538461539
            ],
            [
              20.769230769230766,
              43.07692307692308,
              36.15384615384615
            ],
            [
              10.76923076923077,
              36.15384615384615,
              53.07692307692308
            ]
          ]
        },
        {
          "participant": "3230",
          "train_size": 1,
          "n_seeds": 10,
          "n_train_samples_mean": 3.0,
          "n_test_samples_mean": 39.0,
          "test_acc_mean": 0.4923076923076922,
          "test_acc_std": 0.04324482270315732,
          "test_bal_acc_mean": 0.49230769230769234,
          "test_bal_acc_std": 0.04324482270315733,
          "test_f1_mean": 0.42786863487165105,
          "test_f1_std": 0.05618759130586293,
          "test_kappa_mean": 0.2384615384615385,
          "test_kappa_std": 0.06486723405473599,
          "confusion_matrix": [
            [
              27.69230769230769,
              4.615384615384615,
              67.6923076923077
            ],
            [
              13.846153846153848,
              20.000000000000004,
              66.15384615384616
            ],
            [
              0.0,
              0.0,
              100.0
            ]
          ]
        },
        {
          "participant": "3232",
          "train_size": 1,
          "n_seeds": 10,
          "n_train_samples_mean": 3.0,
          "n_test_samples_mean": 39.0,
          "test_acc_mean": 0.5641025641025641,
          "test_acc_std": 0.07252377242938948,
          "test_bal_acc_mean": 0.5641025641025641,
          "test_bal_acc_std": 0.07252377242938945,
          "test_f1_mean": 0.5439830248810674,
          "test_f1_std": 0.06966230788103461,
          "test_kappa_mean": 0.34615384615384615,
          "test_kappa_std": 0.10878565864408422,
          "confusion_matrix": [
            [
              33.07692307692308,
              27.69230769230769,
              39.23076923076924
            ],
            [
              28.46153846153846,
              61.53846153846155,
              10.0
            ],
            [
              0.0,
              25.38461538461538,
              74.61538461538461
            ]
          ]
        },
        {
          "participant": "3233",
          "train_size": 1,
          "n_seeds": 10,
          "n_train_samples_mean": 3.0,
          "n_test_samples_mean": 39.0,
          "test_acc_mean": 0.582051282051282,
          "test_acc_std": 0.04018003170442109,
          "test_bal_acc_mean": 0.582051282051282,
          "test_bal_acc_std": 0.040180031704421075,
          "test_f1_mean": 0.5434539970193618,
          "test_f1_std": 0.042500331523783595,
          "test_kappa_mean": 0.3730769230769231,
          "test_kappa_std": 0.06027004755663159,
          "confusion_matrix": [
            [
              22.307692307692307,
              11.538461538461538,
              66.15384615384616
            ],
            [
              8.461538461538462,
              55.38461538461538,
              36.153846153846146
            ],
            [
              0.0,
              3.076923076923077,
              96.92307692307692
            ]
          ]
        },
        {
          "participant": "3234",
          "train_size": 1,
          "n_seeds": 10,
          "n_train_samples_mean": 3.0,
          "n_test_samples_mean": 39.0,
          "test_acc_mean": 0.3538461538461538,
          "test_acc_std": 0.01621680851368401,
          "test_bal_acc_mean": 0.3538461538461538,
          "test_bal_acc_std": 0.016216808513683997,
          "test_f1_mean": 0.20738935574229692,
          "test_f1_std": 0.032211350951525566,
          "test_kappa_mean": 0.030769230769230726,
          "test_kappa_std": 0.024325212770525968,
          "confusion_matrix": [
            [
              3.846153846153846,
              0.0,
              96.15384615384615
            ],
            [
              0.0,
              2.3076923076923075,
              97.6923076923077
            ],
            [
              0.0,
              0.0,
              100.0
            ]
          ]
        },
        {
          "participant": "3235",
          "train_size": 1,
          "n_seeds": 10,
          "n_train_samples_mean": 3.0,
          "n_test_samples_mean": 38.0,
          "test_acc_mean": 0.368421052631579,
          "test_acc_std": 0.04114399789318798,
          "test_bal_acc_mean": 0.3715811965811966,
          "test_bal_acc_std": 0.04137741419071943,
          "test_f1_mean": 0.3781565636081935,
          "test_f1_std": 0.036188594500677,
          "test_kappa_mean": 0.04688487939339468,
          "test_kappa_std": 0.06265387136657896,
          "confusion_matrix": [
            [
              49.16666666666667,
              31.666666666666664,
              19.166666666666664
            ],
            [
              7.692307692307692,
              36.92307692307692,
              55.384615384615394
            ],
            [
              0.0,
              74.61538461538461,
              25.384615384615383
            ]
          ]
        },
        {
          "participant": "3236",
          "train_size": 1,
          "n_seeds": 10,
          "n_train_samples_mean": 3.0,
          "n_test_samples_mean": 31.0,
          "test_acc_mean": 0.7935483870967742,
          "test_acc_std": 0.06120537406777507,
          "test_bal_acc_mean": 0.7087179487179488,
          "test_bal_acc_std": 0.06672362239398519,
          "test_f1_mean": 0.7811954588210737,
          "test_f1_std": 0.06584116559139092,
          "test_kappa_mean": 0.6533567508377613,
          "test_kappa_std": 0.10417245501692884,
          "confusion_matrix": [
            [
              74.61538461538461,
              0.0,
              25.384615384615387
            ],
            [
              0.0,
              38.0,
              62.0
            ],
            [
              0.0,
              0.0,
              100.0
            ]
          ]
        },
        {
          "participant": "3237",
          "train_size": 1,
          "n_seeds": 10,
          "n_train_samples_mean": 3.0,
          "n_test_samples_mean": 36.0,
          "test_acc_mean": 0.5972222222222222,
          "test_acc_std": 0.04943091783347827,
          "test_bal_acc_mean": 0.5866666666666666,
          "test_bal_acc_std": 0.045561247860397044,
          "test_f1_mean": 0.592626347989243,
          "test_f1_std": 0.040875801741998265,
          "test_kappa_mean": 0.3944224190021939,
          "test_kappa_std": 0.06950426867513505,
          "confusion_matrix": [
            [
              65.38461538461539,
              23.076923076923077,
              11.538461538461538
            ],
            [
              22.0,
              46.0,
              32.0
            ],
            [
              8.461538461538462,
              26.923076923076923,
              64.61538461538461
            ]
          ]
        },
        {
          "participant": "3238",
          "train_size": 1,
          "n_seeds": 10,
          "n_train_samples_mean": 3.0,
          "n_test_samples_mean": 39.0,
          "test_acc_mean": 0.4461538461538462,
          "test_acc_std": 0.02756327435315744,
          "test_bal_acc_mean": 0.4461538461538462,
          "test_bal_acc_std": 0.027563274353157433,
          "test_f1_mean": 0.4338735848504582,
          "test_f1_std": 0.029206963879087198,
          "test_kappa_mean": 0.1692307692307692,
          "test_kappa_std": 0.04134491152973613,
          "confusion_matrix": [
            [
              29.230769230769226,
              60.769230769230774,
              10.000000000000002
            ],
            [
              0.0,
              62.30769230769231,
              37.69230769230769
            ],
            [
              1.5384615384615385,
              56.15384615384615,
              42.30769230769231
            ]
          ]
        },
        {
          "participant": "3239",
          "train_size": 1,
          "n_seeds": 10,
          "n_train_samples_mean": 3.0,
          "n_test_samples_mean": 38.0,
          "test_acc_mean": 0.6842105263157895,
          "test_acc_std": 0.11095711088310103,
          "test_bal_acc_mean": 0.6865384615384615,
          "test_bal_acc_std": 0.1057208969920857,
          "test_f1_mean": 0.6744185746568256,
          "test_f1_std": 0.12320038185045173,
          "test_kappa_mean": 0.529957123225345,
          "test_kappa_std": 0.1613669139650898,
          "confusion_matrix": [
            [
              66.92307692307692,
              30.769230769230774,
              2.3076923076923075
            ],
            [
              9.999999999999998,
              77.5,
              12.5
            ],
            [
              1.5384615384615385,
              36.92307692307693,
              61.53846153846155
            ]
          ]
        },
        {
          "participant": "3240",
          "train_size": 1,
          "n_seeds": 10,
          "n_train_samples_mean": 3.0,
          "n_test_samples_mean": 37.0,
          "test_acc_mean": 0.727027027027027,
          "test_acc_std": 0.046725414341945735,
          "test_bal_acc_mean": 0.7275641025641026,
          "test_bal_acc_std": 0.04423128535146254,
          "test_f1_mean": 0.7275600032545004,
          "test_f1_std": 0.04775937588777064,
          "test_kappa_mean": 0.5915795991387008,
          "test_kappa_std": 0.06875373401928142,
          "confusion_matrix": [
            [
              64.99999999999999,
              2.4999999999999996,
              32.49999999999999
            ],
            [
              10.76923076923077,
              70.76923076923076,
              18.46153846153846
            ],
            [
              9.999999999999996,
              7.5,
              82.5
            ]
          ]
        },
        {
          "participant": "3241",
          "train_size": 1,
          "n_seeds": 10,
          "n_train_samples_mean": 3.0,
          "n_test_samples_mean": 39.0,
          "test_acc_mean": 0.31538461538461543,
          "test_acc_std": 0.06049688331345774,
          "test_bal_acc_mean": 0.31538461538461543,
          "test_bal_acc_std": 0.06049688331345775,
          "test_f1_mean": 0.25343339666517195,
          "test_f1_std": 0.06659997685279341,
          "test_kappa_mean": -0.02692307692307694,
          "test_kappa_std": 0.09074532497018661,
          "confusion_matrix": [
            [
              54.615384615384606,
              3.076923076923077,
              42.30769230769231
            ],
            [
              53.07692307692308,
              4.615384615384615,
              42.30769230769231
            ],
            [
              60.76923076923076,
              3.846153846153846,
              35.38461538461539
            ]
          ]
        },
        {
          "participant": "3242",
          "train_size": 1,
          "n_seeds": 10,
          "n_train_samples_mean": 3.0,
          "n_test_samples_mean": 39.0,
          "test_acc_mean": 0.47948717948717956,
          "test_acc_std": 0.04689185204904342,
          "test_bal_acc_mean": 0.47948717948717945,
          "test_bal_acc_std": 0.046891852049043434,
          "test_f1_mean": 0.4035933688202104,
          "test_f1_std": 0.04955226667402411,
          "test_kappa_mean": 0.21923076923076917,
          "test_kappa_std": 0.07033777807356514,
          "confusion_matrix": [
            [
              90.0,
              0.7692307692307693,
              9.23076923076923
            ],
            [
              48.46153846153847,
              51.53846153846153,
              0.0
            ],
            [
              81.53846153846155,
              16.153846153846153,
              2.3076923076923075
            ]
          ]
        },
        {
          "participant": "3243",
          "train_size": 1,
          "n_seeds": 10,
          "n_train_samples_mean": 3.0,
          "n_test_samples_mean": 38.0,
          "test_acc_mean": 0.47368421052631576,
          "test_acc_std": 0.06794707624925295,
          "test_bal_acc_mean": 0.48440170940170935,
          "test_bal_acc_std": 0.06622054998695154,
          "test_f1_mean": 0.4301331078121854,
          "test_f1_std": 0.0894551221039961,
          "test_kappa_mean": 0.22252167467491857,
          "test_kappa_std": 0.09741531499881657,
          "confusion_matrix": [
            [
              89.16666666666666,
              10.83333333333333,
              0.0
            ],
            [
              63.07692307692307,
              36.92307692307692,
              0.0
            ],
            [
              63.07692307692308,
              17.69230769230769,
              19.230769230769234
            ]
          ]
        },
        {
          "participant": "3244",
          "train_size": 1,
          "n_seeds": 10,
          "n_train_samples_mean": 3.0,
          "n_test_samples_mean": 39.0,
          "test_acc_mean": 0.5307692307692307,
          "test_acc_std": 0.06735346429007023,
          "test_bal_acc_mean": 0.5307692307692308,
          "test_bal_acc_std": 0.06735346429007022,
          "test_f1_mean": 0.5158232926281199,
          "test_f1_std": 0.07517623820383969,
          "test_kappa_mean": 0.2961538461538461,
          "test_kappa_std": 0.10103019643510536,
          "confusion_matrix": [
            [
              66.15384615384616,
              6.153846153846154,
              27.692307692307697
            ],
            [
              26.923076923076923,
              53.07692307692308,
              19.999999999999996
            ],
            [
              43.07692307692308,
              16.923076923076923,
              40.0
            ]
          ]
        },
        {
          "participant": "3245",
          "train_size": 1,
          "n_seeds": 10,
          "n_train_samples_mean": 3.0,
          "n_test_samples_mean": 37.0,
          "test_acc_mean": 0.7243243243243244,
          "test_acc_std": 0.05524219717749873,
          "test_bal_acc_mean": 0.7146853146853147,
          "test_bal_acc_std": 0.051119329318458855,
          "test_f1_mean": 0.7208080374708518,
          "test_f1_std": 0.05709041992380605,
          "test_kappa_mean": 0.5844525963735101,
          "test_kappa_std": 0.08204280384800132,
          "confusion_matrix": [
            [
              77.6923076923077,
              0.7692307692307693,
              21.538461538461537
            ],
            [
              7.692307692307692,
              83.07692307692307,
              9.23076923076923
            ],
            [
              0.0,
              46.36363636363636,
              53.63636363636364
            ]
          ]
        },
        {
          "participant": "3246",
          "train_size": 1,
          "n_seeds": 10,
          "n_train_samples_mean": 3.0,
          "n_test_samples_mean": 39.0,
          "test_acc_mean": 0.27692307692307694,
          "test_acc_std": 0.09268678093487835,
          "test_bal_acc_mean": 0.27692307692307694,
          "test_bal_acc_std": 0.09268678093487834,
          "test_f1_mean": 0.24848223374008233,
          "test_f1_std": 0.07347213967765559,
          "test_kappa_mean": -0.08461538461538462,
          "test_kappa_std": 0.13903017140231755,
          "confusion_matrix": [
            [
              3.076923076923077,
              6.9230769230769225,
              90.0
            ],
            [
              60.76923076923079,
              26.15384615384615,
              13.076923076923077
            ],
            [
              28.46153846153846,
              17.692307692307693,
              53.84615384615385
            ]
          ]
        },
        {
          "participant": "3247",
          "train_size": 1,
          "n_seeds": 10,
          "n_train_samples_mean": 3.0,
          "n_test_samples_mean": 39.0,
          "test_acc_mean": 0.49743589743589745,
          "test_acc_std": 0.050129498456804034,
          "test_bal_acc_mean": 0.49743589743589745,
          "test_bal_acc_std": 0.050129498456804034,
          "test_f1_mean": 0.494901566964048,
          "test_f1_std": 0.057715751256702294,
          "test_kappa_mean": 0.24615384615384617,
          "test_kappa_std": 0.07519424768520606,
          "confusion_matrix": [
            [
              46.153846153846146,
              13.076923076923077,
              40.76923076923077
            ],
            [
              42.30769230769231,
              43.84615384615385,
              13.846153846153845
            ],
            [
              33.07692307692307,
              7.692307692307692,
              59.23076923076924
            ]
          ]
        },
        {
          "participant": "3248",
          "train_size": 1,
          "n_seeds": 10,
          "n_train_samples_mean": 3.0,
          "n_test_samples_mean": 38.0,
          "test_acc_mean": 0.4789473684210527,
          "test_acc_std": 0.05520046569316587,
          "test_bal_acc_mean": 0.48141025641025637,
          "test_bal_acc_std": 0.0574857368948841,
          "test_f1_mean": 0.4614300846632268,
          "test_f1_std": 0.0670077490477887,
          "test_kappa_mean": 0.2138689242123743,
          "test_kappa_std": 0.08506110712921476,
          "confusion_matrix": [
            [
              57.5,
              2.4999999999999996,
              40.00000000000001
            ],
            [
              2.3076923076923075,
              16.92307692307692,
              80.76923076923076
            ],
            [
              0.7692307692307693,
              29.230769230769234,
              70.0
            ]
          ]
        },
        {
          "participant": "3250",
          "train_size": 1,
          "n_seeds": 10,
          "n_train_samples_mean": 3.0,
          "n_test_samples_mean": 39.0,
          "test_acc_mean": 0.5769230769230769,
          "test_acc_std": 0.06424485631783297,
          "test_bal_acc_mean": 0.576923076923077,
          "test_bal_acc_std": 0.06424485631783294,
          "test_f1_mean": 0.545445494822883,
          "test_f1_std": 0.06741454129922782,
          "test_kappa_mean": 0.3653846153846153,
          "test_kappa_std": 0.09636728447674939,
          "confusion_matrix": [
            [
              43.07692307692308,
              5.384615384615385,
              51.53846153846153
            ],
            [
              1.5384615384615385,
              97.69230769230771,
              0.7692307692307693
            ],
            [
              16.153846153846153,
              51.53846153846153,
              32.30769230769231
            ]
          ]
        }
      ]
    },
    {
      "aggregated": {
        "train_size": 2,
        "n_participants": 36,
        "n_seeds": 10,
        "test_acc_mean": 0.602081988954876,
        "test_acc_std": 0.13027535184789757,
        "test_bal_acc_mean": 0.5898369274758164,
        "test_bal_acc_std": 0.13385613904107893,
        "test_f1_mean": 0.5810491965908624,
        "test_f1_std": 0.14514677791073702,
        "test_kappa_mean": 0.3945927079046525,
        "test_kappa_std": 0.19841453519754934,
        "confusion_matrix": [
          [
            60.22516835016833,
            14.665404040404038,
            25.10942760942761
          ],
          [
            17.35409652076319,
            56.960578002244674,
            25.685325476992144
          ],
          [
            15.717492384159051,
            24.517175725509063,
            59.765331890331886
          ]
        ]
      },
      "per_participant": [
        {
          "participant": "3208",
          "train_size": 2,
          "n_seeds": 10,
          "n_train_samples_mean": 6.0,
          "n_test_samples_mean": 36.0,
          "test_acc_mean": 0.6611111111111112,
          "test_acc_std": 0.05204988637983404,
          "test_bal_acc_mean": 0.6611111111111112,
          "test_bal_acc_std": 0.05204988637983404,
          "test_f1_mean": 0.6629950871101398,
          "test_f1_std": 0.05325630661163963,
          "test_kappa_mean": 0.4916666666666666,
          "test_kappa_std": 0.07807482956975109,
          "confusion_matrix": [
            [
              56.666666666666664,
              27.5,
              15.833333333333332
            ],
            [
              0.0,
              82.5,
              17.499999999999996
            ],
            [
              0.0,
              40.833333333333336,
              59.166666666666664
            ]
          ]
        },
        {
          "participant": "3209",
          "train_size": 2,
          "n_seeds": 10,
          "n_train_samples_mean": 6.0,
          "n_test_samples_mean": 35.0,
          "test_acc_mean": 0.6828571428571429,
          "test_acc_std": 0.04557518519621106,
          "test_bal_acc_mean": 0.6664141414141413,
          "test_bal_acc_std": 0.04679786460896823,
          "test_f1_mean": 0.6024502303701447,
          "test_f1_std": 0.07020061030975407,
          "test_kappa_mean": 0.5182146347395148,
          "test_kappa_std": 0.06976692621346577,
          "confusion_matrix": [
            [
              97.5,
              0.0,
              2.4999999999999996
            ],
            [
              4.999999999999998,
              93.33333333333333,
              1.6666666666666665
            ],
            [
              77.27272727272728,
              13.636363636363637,
              9.090909090909092
            ]
          ]
        },
        {
          "participant": "3214",
          "train_size": 2,
          "n_seeds": 10,
          "n_train_samples_mean": 6.0,
          "n_test_samples_mean": 36.0,
          "test_acc_mean": 0.3888888888888889,
          "test_acc_std": 0.018518518518518528,
          "test_bal_acc_mean": 0.3888888888888889,
          "test_bal_acc_std": 0.018518518518518528,
          "test_f1_mean": 0.2725149744899976,
          "test_f1_std": 0.03155994755450967,
          "test_kappa_mean": 0.08333333333333334,
          "test_kappa_std": 0.02777777777777779,
          "confusion_matrix": [
            [
