{
  "name": "eye_gsr",
  "config": {
    "n_seeds": 10,
    "feature_selection": "backward",
    "use_pca": false,
    "pca_variance": 0.95,
    "write_cm": true,
    "tune_hyperparameters": false,
    "tune_n_iter": 30,
    "tune_cv_folds": 5,
    "use_pose_derivatives": true,
    "use_time_features": false,
    "class_config": "all",
    "include_order": false,
    "name": "eye_gsr",
    "feature_groups": [
      "eye_tracking",
      "gsr"
    ],
    "split_strategy": "participant_specific",
    "sampling_strategy": "temporal_stratified"
  },
  "sampling_strategy": "temporal_stratified",
  "n_seeds": 10,
  "learning_curve": [
    {
      "aggregated": {
        "train_size": 1,
        "n_participants": 39,
        "n_seeds": 10,
        "test_acc_mean": 0.4532782890401737,
        "test_acc_std": 0.15392150881763805,
        "test_bal_acc_mean": 0.44905141155141165,
        "test_bal_acc_std": 0.14697456891602884,
        "test_f1_mean": 0.4144795561865473,
        "test_f1_std": 0.17544380540150908,
        "test_kappa_mean": 0.1786280194101817,
        "test_kappa_std": 0.22961841377176784,
        "confusion_matrix": [
          [
            38.834648257725185,
            24.237343852728465,
            36.92800788954636
          ],
          [
            20.07834757834758,
            42.85765943458251,
            37.06399298706991
          ],
          [
            19.744052955591417,
            27.2328312712928,
            53.023115773115784
          ]
        ]
      },
      "per_participant": [
        {
          "participant": "3208",
          "train_size": 1,
          "n_seeds": 10,
          "n_train_samples_mean": 3.0,
          "n_test_samples_mean": 39.0,
          "test_acc_mean": 0.3282051282051282,
          "test_acc_std": 0.010811205675789316,
          "test_bal_acc_mean": 0.3282051282051282,
          "test_bal_acc_std": 0.010811205675789316,
          "test_f1_mean": 0.17223476057089504,
          "test_f1_std": 0.012449831976909248,
          "test_kappa_mean": -0.007692307692307709,
          "test_kappa_std": 0.016216808513684032,
          "confusion_matrix": [
            [
              0.0,
              90.0,
              10.0
            ],
            [
              0.0,
              97.6923076923077,
              2.3076923076923075
            ],
            [
              0.0,
              99.23076923076924,
              0.7692307692307693
            ]
          ]
        },
        {
          "participant": "3209",
          "train_size": 1,
          "n_seeds": 10,
          "n_train_samples_mean": 3.0,
          "n_test_samples_mean": 38.0,
          "test_acc_mean": 0.7789473684210526,
          "test_acc_std": 0.048365083340667435,
          "test_bal_acc_mean": 0.7745726495726496,
          "test_bal_acc_std": 0.050996852567208456,
          "test_f1_mean": 0.7747310473223591,
          "test_f1_std": 0.05919657360308496,
          "test_kappa_mean": 0.6677261727145369,
          "test_kappa_std": 0.0734432322060289,
          "confusion_matrix": [
            [
              90.0,
              0.0,
              10.0
            ],
            [
              0.0,
              81.53846153846153,
              18.46153846153846
            ],
            [
              37.50000000000001,
              1.6666666666666665,
              60.833333333333336
            ]
          ]
        },
        {
          "participant": "3214",
          "train_size": 1,
          "n_seeds": 10,
          "n_train_samples_mean": 3.0,
          "n_test_samples_mean": 39.0,
          "test_acc_mean": 0.3076923076923077,
          "test_acc_std": 0.055390946140238116,
          "test_bal_acc_mean": 0.3076923076923077,
          "test_bal_acc_std": 0.05539094614023814,
          "test_f1_mean": 0.2742843122890188,
          "test_f1_std": 0.0538736424662008,
          "test_kappa_mean": -0.038461538461538436,
          "test_kappa_std": 0.08308641921035717,
          "confusion_matrix": [
            [
              4.615384615384615,
              40.0,
              55.384615384615394
            ],
            [
              20.0,
              49.23076923076923,
              30.769230769230766
            ],
            [
              17.69230769230769,
              43.84615384615385,
              38.46153846153846
            ]
          ]
        },
        {
          "participant": "3215",
          "train_size": 1,
          "n_seeds": 10,
          "n_train_samples_mean": 3.0,
          "n_test_samples_mean": 39.0,
          "test_acc_mean": 0.258974358974359,
          "test_acc_std": 0.06885515918332591,
          "test_bal_acc_mean": 0.258974358974359,
          "test_bal_acc_std": 0.06885515918332591,
          "test_f1_mean": 0.2160031823360311,
          "test_f1_std": 0.05258354770696362,
          "test_kappa_mean": -0.11153846153846154,
          "test_kappa_std": 0.10328273877498885,
          "confusion_matrix": [
            [
              53.07692307692308,
              5.384615384615385,
              41.53846153846153
            ],
            [
              53.84615384615385,
              2.3076923076923075,
              43.84615384615385
            ],
            [
              45.38461538461538,
              32.30769230769231,
              22.307692307692303
            ]
          ]
        },
        {
          "participant": "3216",
          "train_size": 1,
          "n_seeds": 10,
          "n_train_samples_mean": 3.0,
          "n_test_samples_mean": 37.0,
          "test_acc_mean": 0.3891891891891892,
          "test_acc_std": 0.029053181074949735,
          "test_bal_acc_mean": 0.3934731934731935,
          "test_bal_acc_std": 0.026978827589677564,
          "test_f1_mean": 0.30209104539380716,
          "test_f1_std": 0.01997613962513318,
          "test_kappa_mean": 0.0851539427654239,
          "test_kappa_std": 0.04206695613630791,
          "confusion_matrix": [
            [
              0.0,
              66.15384615384616,
              33.84615384615385
            ],
            [
              3.076923076923077,
              70.76923076923076,
              26.153846153846153
            ],
            [
              0.0,
              52.72727272727273,
              47.27272727272728
            ]
          ]
        },
        {
          "participant": "3217",
          "train_size": 1,
          "n_seeds": 10,
          "n_train_samples_mean": 3.0,
          "n_test_samples_mean": 39.0,
          "test_acc_mean": 0.35641025641025637,
          "test_acc_std": 0.06097797942474178,
          "test_bal_acc_mean": 0.3564102564102564,
          "test_bal_acc_std": 0.06097797942474177,
          "test_f1_mean": 0.327311835049631,
          "test_f1_std": 0.056853320065326694,
          "test_kappa_mean": 0.03461538461538459,
          "test_kappa_std": 0.09146696913711266,
          "confusion_matrix": [
            [
              21.53846153846154,
              67.6923076923077,
              10.76923076923077
            ],
            [
              21.53846153846154,
              16.153846153846153,
              62.30769230769231
            ],
            [
              27.69230769230769,
              3.076923076923077,
              69.23076923076924
            ]
          ]
        },
        {
          "participant": "3218",
          "train_size": 1,
          "n_seeds": 10,
          "n_train_samples_mean": 3.0,
          "n_test_samples_mean": 39.0,
          "test_acc_mean": 0.4641025641025641,
          "test_acc_std": 0.053307576511154434,
          "test_bal_acc_mean": 0.4641025641025641,
          "test_bal_acc_std": 0.053307576511154454,
          "test_f1_mean": 0.4014590896436026,
          "test_f1_std": 0.07532158863483843,
          "test_kappa_mean": 0.19615384615384612,
          "test_kappa_std": 0.07996136476673166,
          "confusion_matrix": [
            [
              71.53846153846153,
              0.7692307692307693,
              27.69230769230769
            ],
            [
              19.23076923076923,
              9.23076923076923,
              71.53846153846153
            ],
            [
              36.153846153846146,
              5.384615384615385,
              58.46153846153847
            ]
          ]
        },
        {
          "participant": "3219",
          "train_size": 1,
          "n_seeds": 10,
          "n_train_samples_mean": 3.0,
          "n_test_samples_mean": 32.0,
          "test_acc_mean": 0.46875,
          "test_acc_std": 0.04885849749816073,
          "test_bal_acc_mean": 0.45972222222222225,
          "test_bal_acc_std": 0.07477962593794102,
          "test_f1_mean": 0.39176844295452834,
          "test_f1_std": 0.06409364255896804,
          "test_kappa_mean": 0.20107329871136698,
          "test_kappa_std": 0.09160486602168337,
          "confusion_matrix": [
            [
              89.16666666666667,
              0.8333333333333333,
              10.0
            ],
            [
              36.666666666666664,
              9.999999999999996,
              53.33333333333333
            ],
            [
              53.75,
              7.5,
              38.75
            ]
          ]
        },
        {
          "participant": "3220",
          "train_size": 1,
          "n_seeds": 10,
          "n_train_samples_mean": 3.0,
          "n_test_samples_mean": 39.0,
          "test_acc_mean": 0.42564102564102574,
          "test_acc_std": 0.0439153250552654,
          "test_bal_acc_mean": 0.42564102564102574,
          "test_bal_acc_std": 0.04391532505526538,
          "test_f1_mean": 0.4058809237291536,
          "test_f1_std": 0.05236046306743478,
          "test_kappa_mean": 0.13846153846153844,
          "test_kappa_std": 0.06587298758289813,
          "confusion_matrix": [
            [
              26.923076923076923,
              37.69230769230769,
              35.38461538461538
            ],
            [
              4.615384615384615,
              30.769230769230766,
              64.61538461538461
            ],
            [
              0.0,
              30.0,
              70.0
            ]
          ]
        },
        {
          "participant": "3221",
          "train_size": 1,
          "n_seeds": 10,
          "n_train_samples_mean": 3.0,
          "n_test_samples_mean": 39.0,
          "test_acc_mean": 0.3487179487179487,
          "test_acc_std": 0.05296387481993049,
          "test_bal_acc_mean": 0.3487179487179487,
          "test_bal_acc_std": 0.052963874819930486,
          "test_f1_mean": 0.319977936139913,
          "test_f1_std": 0.0660319302399305,
          "test_kappa_mean": 0.02307692307692304,
          "test_kappa_std": 0.07944581222989576,
          "confusion_matrix": [
            [
              11.538461538461538,
              11.538461538461538,
              76.92307692307693
            ],
            [
              0.7692307692307693,
              44.61538461538461,
              54.61538461538462
            ],
            [
              7.692307692307692,
              43.846153846153854,
              48.46153846153847
            ]
          ]
        },
        {
          "participant": "3222",
          "train_size": 1,
          "n_seeds": 10,
          "n_train_samples_mean": 3.0,
          "n_test_samples_mean": 35.0,
          "test_acc_mean": 0.4371428571428571,
          "test_acc_std": 0.01380131118684709,
          "test_bal_acc_mean": 0.40256410256410247,
          "test_bal_acc_std": 0.013633602409122949,
          "test_f1_mean": 0.3293222534716616,
          "test_f1_std": 0.024155209017197615,
          "test_kappa_mean": 0.10870331219168428,
          "test_kappa_std": 0.022214728014458732,
          "confusion_matrix": [
            [
              10.76923076923077,
              0.0,
              89.23076923076923
            ],
            [
              8.88888888888889,
              10.000000000000002,
              81.11111111111111
            ],
            [
              0.0,
              0.0,
              100.0
            ]
          ]
        },
        {
          "participant": "3223",
          "train_size": 1,
          "n_seeds": 10,
          "n_train_samples_mean": 3.0,
          "n_test_samples_mean": 39.0,
          "test_acc_mean": 0.4,
          "test_acc_std": 0.04865042554105199,
          "test_bal_acc_mean": 0.4,
          "test_bal_acc_std": 0.048650425541052006,
          "test_f1_mean": 0.3675492096926233,
          "test_f1_std": 0.04852788726020447,
          "test_kappa_mean": 0.1,
          "test_kappa_std": 0.07297563831157798,
          "confusion_matrix": [
            [
              12.307692307692308,
              18.461538461538463,
              69.23076923076924
            ],
            [
              0.0,
              57.69230769230769,
              42.30769230769231
            ],
            [
              2.3076923076923075,
              47.69230769230769,
              50.00000000000001
            ]
          ]
        },
        {
          "participant": "3224",
          "train_size": 1,
          "n_seeds": 10,
          "n_train_samples_mean": 3.0,
          "n_test_samples_mean": 24.0,
          "test_acc_mean": 0.6166666666666666,
          "test_acc_std": 0.09170874455121766,
          "test_bal_acc_mean": 0.6411111111111112,
          "test_bal_acc_std": 0.07573145827389574,
          "test_f1_mean": 0.6704066702941046,
          "test_f1_std": 0.0788468639714655,
          "test_kappa_mean": 0.43596023828616703,
          "test_kappa_std": 0.11307869232656391,
          "confusion_matrix": [
            [
              70.0,
              0.0,
              30.0
            ],
            [
              37.50000000000001,
              58.33333333333333,
              4.166666666666666
            ],
            [
              26.0,
              10.0,
              64.0
            ]
          ]
        },
        {
          "participant": "3225",
          "train_size": 1,
          "n_seeds": 10,
          "n_train_samples_mean": 3.0,
          "n_test_samples_mean": 39.0,
          "test_acc_mean": 0.7230769230769232,
          "test_acc_std": 0.0670817670781148,
          "test_bal_acc_mean": 0.7230769230769232,
          "test_bal_acc_std": 0.06708176707811482,
          "test_f1_mean": 0.7068232515487417,
          "test_f1_std": 0.08141176783412776,
          "test_kappa_mean": 0.5846153846153846,
          "test_kappa_std": 0.10062265061717225,
          "confusion_matrix": [
            [
              78.46153846153848,
              20.0,
              1.5384615384615385
            ],
            [
              6.9230769230769225,
              46.153846153846146,
              46.92307692307692
            ],
            [
              0.0,
              7.692307692307692,
              92.30769230769229
            ]
          ]
        },
        {
          "participant": "3226",
          "train_size": 1,
          "n_seeds": 10,
          "n_train_samples_mean": 3.0,
          "n_test_samples_mean": 39.0,
          "test_acc_mean": 0.4282051282051282,
          "test_acc_std": 0.02110955390637346,
          "test_bal_acc_mean": 0.4282051282051283,
          "test_bal_acc_std": 0.02110955390637344,
          "test_f1_mean": 0.4120272263683387,
          "test_f1_std": 0.03166476446442716,
          "test_kappa_mean": 0.1423076923076923,
          "test_kappa_std": 0.031664330859560184,
          "confusion_matrix": [
            [
              59.230769230769226,
              3.846153846153846,
              36.92307692307692
            ],
            [
              33.846153846153854,
              43.07692307692308,
              23.076923076923077
            ],
            [
              44.61538461538461,
              29.230769230769226,
              26.15384615384615
            ]
          ]
        },
        {
          "participant": "3227",
          "train_size": 1,
          "n_seeds": 10,
          "n_train_samples_mean": 3.0,
          "n_test_samples_mean": 39.0,
          "test_acc_mean": 0.6820512820512821,
          "test_acc_std": 0.0422191078127469,
          "test_bal_acc_mean": 0.6820512820512821,
          "test_bal_acc_std": 0.04221910781274692,
          "test_f1_mean": 0.6641343943176402,
          "test_f1_std": 0.04534481200631837,
          "test_kappa_mean": 0.5230769230769231,
          "test_kappa_std": 0.06332866171912035,
          "confusion_matrix": [
            [
              76.9230769230769,
              23.076923076923073,
              0.0
            ],
            [
              56.92307692307693,
              43.07692307692308,
              0.0
            ],
            [
              8.461538461538462,
              6.9230769230769225,
              84.6153846153846
            ]
          ]
        },
        {
          "participant": "3228",
          "train_size": 1,
          "n_seeds": 10,
          "n_train_samples_mean": 3.0,
          "n_test_samples_mean": 30.0,
          "test_acc_mean": 0.5999999999999999,
          "test_acc_std": 0.09428090415820631,
          "test_bal_acc_mean": 0.5307692307692308,
          "test_bal_acc_std": 0.08751819572244107,
          "test_f1_mean": 0.6181425928218924,
          "test_f1_std": 0.10216680577758201,
          "test_kappa_mean": 0.3879834615226479,
          "test_kappa_std": 0.13240651899965974,
          "confusion_matrix": [
            [
              30.0,
              60.0,
              10.0
            ],
            [
              17.69230769230769,
              82.30769230769229,
              0.0
            ],
            [
              38.46153846153847,
              14.615384615384617,
              46.92307692307692
            ]
          ]
        },
        {
          "participant": "3229",
          "train_size": 1,
          "n_seeds": 10,
          "n_train_samples_mean": 3.0,
          "n_test_samples_mean": 39.0,
          "test_acc_mean": 0.34102564102564104,
          "test_acc_std": 0.04366509324596513,
          "test_bal_acc_mean": 0.34102564102564104,
          "test_bal_acc_std": 0.04366509324596514,
          "test_f1_mean": 0.28453217001961767,
          "test_f1_std": 0.06796403284107226,
          "test_kappa_mean": 0.011538461538461508,
          "test_kappa_std": 0.06549763986894772,
          "confusion_matrix": [
            [
              10.76923076923077,
              10.76923076923077,
              78.46153846153845
            ],
            [
              3.076923076923077,
              24.615384615384613,
              72.30769230769229
            ],
            [
              1.5384615384615385,
              31.53846153846154,
              66.92307692307693
            ]
          ]
        },
        {
          "participant": "3230",
          "train_size": 1,
          "n_seeds": 10,
          "n_train_samples_mean": 3.0,
          "n_test_samples_mean": 39.0,
          "test_acc_mean": 0.5358974358974359,
          "test_acc_std": 0.07396990264416685,
          "test_bal_acc_mean": 0.535897435897436,
          "test_bal_acc_std": 0.07396990264416685,
          "test_f1_mean": 0.5022891710319339,
          "test_f1_std": 0.08996903714223332,
          "test_kappa_mean": 0.3038461538461538,
          "test_kappa_std": 0.11095485396625028,
          "confusion_matrix": [
            [
              50.00000000000001,
              1.5384615384615385,
              48.46153846153846
            ],
            [
              27.69230769230769,
              27.69230769230769,
              44.61538461538462
            ],
            [
              12.307692307692308,
              4.615384615384615,
              83.07692307692308
            ]
          ]
        },
        {
          "participant": "3231",
          "train_size": 1,
          "n_seeds": 10,
          "n_train_samples_mean": 3.0,
          "n_test_samples_mean": 39.0,
          "test_acc_mean": 0.3820512820512821,
          "test_acc_std": 0.07297563831157797,
          "test_bal_acc_mean": 0.3820512820512821,
          "test_bal_acc_std": 0.07297563831157797,
          "test_f1_mean": 0.3821552940999498,
          "test_f1_std": 0.06864486233632483,
          "test_kappa_mean": 0.07307692307692307,
          "test_kappa_std": 0.109463457467367,
          "confusion_matrix": [
            [
              34.61538461538461,
              26.923076923076923,
              38.46153846153847
            ],
            [
              0.7692307692307693,
              41.53846153846154,
              57.69230769230769
            ],
            [
              16.923076923076927,
              44.61538461538461,
              38.46153846153847
            ]
          ]
        },
        {
          "participant": "3232",
          "train_size": 1,
          "n_seeds": 10,
          "n_train_samples_mean": 3.0,
          "n_test_samples_mean": 39.0,
          "test_acc_mean": 0.7769230769230769,
          "test_acc_std": 0.05412355623585491,
          "test_bal_acc_mean": 0.776923076923077,
          "test_bal_acc_std": 0.054123556235854964,
          "test_f1_mean": 0.7742453150266664,
          "test_f1_std": 0.0542017744940753,
          "test_kappa_mean": 0.6653846153846155,
          "test_kappa_std": 0.0811853343537824,
          "confusion_matrix": [
            [
              71.53846153846155,
              8.461538461538462,
              20.0
            ],
            [
              9.23076923076923,
              85.38461538461539,
              5.384615384615385
            ],
            [
              3.846153846153846,
              20.0,
              76.15384615384616
            ]
          ]
        },
        {
          "participant": "3233",
          "train_size": 1,
          "n_seeds": 10,
          "n_train_samples_mean": 3.0,
          "n_test_samples_mean": 39.0,
          "test_acc_mean": 0.35641025641025637,
          "test_acc_std": 0.022451154763356764,
          "test_bal_acc_mean": 0.35641025641025637,
          "test_bal_acc_std": 0.02245115476335674,
          "test_f1_mean": 0.23488011510411727,
          "test_f1_std": 0.041770418937699554,
          "test_kappa_mean": 0.03461538461538459,
          "test_kappa_std": 0.033676732145035096,
          "confusion_matrix": [
            [
              3.846153846153846,
              0.0,
              96.15384615384615
            ],
            [
              48.46153846153847,
              4.615384615384615,
              46.92307692307692
            ],
            [
              1.5384615384615385,
              0.0,
              98.46153846153847
            ]
          ]
        },
        {
          "participant": "3234",
          "train_size": 1,
          "n_seeds": 10,
          "n_train_samples_mean": 3.0,
          "n_test_samples_mean": 39.0,
          "test_acc_mean": 0.36153846153846153,
          "test_acc_std": 0.02549817759004496,
          "test_bal_acc_mean": 0.36153846153846153,
          "test_bal_acc_std": 0.02549817759004494,
          "test_f1_mean": 0.2360592236894758,
          "test_f1_std": 0.03735810066831962,
          "test_kappa_mean": 0.04230769230769231,
          "test_kappa_std": 0.03824726638506747,
          "confusion_matrix": [
            [
              0.0,
              0.0,
              100.0
            ],
            [
              0.0,
              12.307692307692308,
              87.69230769230771
            ],
            [
              0.0,
              3.846153846153846,
              96.15384615384616
            ]
          ]
        },
        {
          "participant": "3235",
          "train_size": 1,
          "n_seeds": 10,
          "n_train_samples_mean": 3.0,
          "n_test_samples_mean": 38.0,
          "test_acc_mean": 0.32368421052631574,
          "test_acc_std": 0.03932721363414016,
          "test_bal_acc_mean": 0.3232905982905983,
          "test_bal_acc_std": 0.040266424878856254,
          "test_f1_mean": 0.3259850099289861,
          "test_f1_std": 0.04393873582340107,
          "test_kappa_mean": -0.021506316590347352,
          "test_kappa_std": 0.0606085803379674,
          "confusion_matrix": [
            [
              30.833333333333332,
              30.833333333333332,
              38.333333333333336
            ],
            [
              13.076923076923077,
              36.15384615384615,
              50.76923076923077
            ],
            [
              5.384615384615385,
              64.61538461538461,
              30.0
            ]
          ]
        },
        {
          "participant": "3236",
          "train_size": 1,
          "n_seeds": 10,
          "n_train_samples_mean": 3.0,
          "n_test_samples_mean": 31.0,
          "test_acc_mean": 0.864516129032258,
          "test_acc_std": 0.020401791355925007,
          "test_bal_acc_mean": 0.7692307692307692,
          "test_bal_acc_std": 0.016216808513683987,
          "test_f1_mean": 0.8493482705651783,
          "test_f1_std": 0.01925888848327934,
          "test_kappa_mean": 0.7742842774524947,
          "test_kappa_std": 0.032603706100173706,
          "confusion_matrix": [
            [
              100.0,
              0.0,
              0.0
            ],
            [
              12.0,
              40.0,
              48.0
            ],
            [
              6.9230769230769225,
              2.3076923076923075,
              90.76923076923077
            ]
          ]
        },
        {
          "participant": "3237",
          "train_size": 1,
          "n_seeds": 10,
          "n_train_samples_mean": 3.0,
          "n_test_samples_mean": 36.0,
          "test_acc_mean": 0.3666666666666667,
          "test_acc_std": 0.04684855792842044,
          "test_bal_acc_mean": 0.37384615384615383,
          "test_bal_acc_std": 0.05403980913718168,
          "test_f1_mean": 0.32193474797056887,
          "test_f1_std": 0.06297026109033574,
          "test_kappa_mean": 0.06993223258306766,
          "test_kappa_std": 0.07326885329830439,
          "confusion_matrix": [
            [
              8.461538461538462,
              63.07692307692308,
              28.461538461538463
            ],
            [
              3.0,
              46.0,
              51.0
            ],
            [
              0.0,
              42.30769230769231,
              57.69230769230769
            ]
          ]
        },
        {
          "participant": "3238",
          "train_size": 1,
          "n_seeds": 10,
          "n_train_samples_mean": 3.0,
          "n_test_samples_mean": 39.0,
          "test_acc_mean": 0.32564102564102565,
          "test_acc_std": 0.029730815608420655,
          "test_bal_acc_mean": 0.32564102564102565,
          "test_bal_acc_std": 0.029730815608420672,
          "test_f1_mean": 0.21941641258437788,
          "test_f1_std": 0.04761434080328349,
          "test_kappa_mean": -0.011538461538461553,
          "test_kappa_std": 0.044596223412630975,
          "confusion_matrix": [
            [
              0.7692307692307693,
              93.84615384615384,
              5.384615384615385
            ],
            [
              0.0,
              84.61538461538461,
              15.384615384615381
            ],
            [
              9.23076923076923,
              78.46153846153845,
              12.307692307692308
            ]
          ]
        },
        {
          "participant": "3239",
          "train_size": 1,
          "n_seeds": 10,
          "n_train_samples_mean": 3.0,
          "n_test_samples_mean": 38.0,
          "test_acc_mean": 0.36052631578947364,
          "test_acc_std": 0.06208890655854873,
          "test_bal_acc_mean": 0.36730769230769234,
          "test_bal_acc_std": 0.06152997000082058,
          "test_f1_mean": 0.3203268103015918,
          "test_f1_std": 0.07557356444322469,
          "test_kappa_mean": 0.05073687886012198,
          "test_kappa_std": 0.09182984016412354,
          "confusion_matrix": [
            [
              15.384615384615383,
              58.46153846153847,
              26.153846153846153
            ],
            [
              14.999999999999996,
              62.5,
              22.5
            ],
            [
              9.23076923076923,
              58.46153846153847,
              32.30769230769231
            ]
          ]
        },
        {
          "participant": "3240",
          "train_size": 1,
          "n_seeds": 10,
          "n_train_samples_mean": 3.0,
          "n_test_samples_mean": 37.0,
          "test_acc_mean": 0.5351351351351352,
          "test_acc_std": 0.039884583101222795,
          "test_bal_acc_mean": 0.536965811965812,
          "test_bal_acc_std": 0.040990631825678955,
          "test_f1_mean": 0.5352098861254637,
          "test_f1_std": 0.0446575193930273,
          "test_kappa_mean": 0.30664688873270013,
          "test_kappa_std": 0.05986863652568558,
          "confusion_matrix": [
            [
              71.66666666666666,
              4.999999999999998,
              23.333333333333332
            ],
            [
              38.46153846153846,
              46.92307692307692,
              14.615384615384617
            ],
            [
              54.16666666666665,
              3.333333333333333,
              42.5
            ]
          ]
        },
        {
          "participant": "3241",
          "train_size": 1,
          "n_seeds": 10,
          "n_train_samples_mean": 3.0,
          "n_test_samples_mean": 39.0,
          "test_acc_mean": 0.46153846153846156,
          "test_acc_std": 0.038223384230765614,
          "test_bal_acc_mean": 0.46153846153846156,
          "test_bal_acc_std": 0.03822338423076564,
          "test_f1_mean": 0.3686134193475928,
          "test_f1_std": 0.03658426137895675,
          "test_kappa_mean": 0.19230769230769232,
          "test_kappa_std": 0.05733507634614847,
          "confusion_matrix": [
            [
              46.92307692307692,
              0.7692307692307693,
              52.30769230769231
            ],
            [
              11.538461538461538,
              0.0,
              88.46153846153847
            ],
            [
              8.461538461538462,
              0.0,
              91.53846153846152
            ]
          ]
        },
        {
          "participant": "3242",
          "train_size": 1,
          "n_seeds": 10,
          "n_train_samples_mean": 3.0,
          "n_test_samples_mean": 39.0,
          "test_acc_mean": 0.4128205128205128,
          "test_acc_std": 0.05466077591562217,
          "test_bal_acc_mean": 0.4128205128205128,
          "test_bal_acc_std": 0.05466077591562216,
          "test_f1_mean": 0.4075249276972249,
          "test_f1_std": 0.04991410662305633,
          "test_kappa_mean": 0.11923076923076921,
          "test_kappa_std": 0.08199116387343322,
          "confusion_matrix": [
            [
              45.38461538461539,
              2.3076923076923075,
              52.30769230769231
            ],
            [
              31.538461538461537,
              49.230769230769226,
              19.23076923076923
            ],
            [
              36.92307692307692,
              33.84615384615385,
              29.230769230769226
            ]
          ]
        },
        {
          "participant": "3243",
          "train_size": 1,
          "n_seeds": 10,
          "n_train_samples_mean": 3.0,
          "n_test_samples_mean": 38.0,
          "test_acc_mean": 0.536842105263158,
          "test_acc_std": 0.04993069989739548,
          "test_bal_acc_mean": 0.5384615384615384,
          "test_bal_acc_std": 0.04827567864054286,
          "test_f1_mean": 0.5250729538310569,
          "test_f1_std": 0.046663087961697367,
          "test_kappa_mean": 0.31059831479242833,
          "test_kappa_std": 0.072448989054194,
          "confusion_matrix": [
            [
              59.999999999999986,
              39.16666666666667,
              0.8333333333333333
            ],
            [
              26.153846153846153,
              73.84615384615384,
              0.0
            ],
            [
              71.53846153846155,
              0.7692307692307693,
              27.69230769230769
            ]
          ]
        },
        {
          "participant": "3244",
          "train_size": 1,
          "n_seeds": 10,
          "n_train_samples_mean": 3.0,
          "n_test_samples_mean": 39.0,
          "test_acc_mean": 0.48461538461538456,
          "test_acc_std": 0.04902437743487174,
          "test_bal_acc_mean": 0.48461538461538456,
          "test_bal_acc_std": 0.049024377434871744,
          "test_f1_mean": 0.42196169917082604,
          "test_f1_std": 0.061490410226595,
          "test_kappa_mean": 0.22692307692307692,
          "test_kappa_std": 0.07353656615230762,
          "confusion_matrix": [
            [
              34.61538461538461,
              39.99999999999999,
              25.384615384615383
            ],
            [
              0.7692307692307693,
              95.38461538461539,
              3.846153846153846
            ],
            [
              29.230769230769234,
              55.38461538461538,
              15.384615384615383
            ]
          ]
        },
        {
          "participant": "3245",
          "train_size": 1,
          "n_seeds": 10,
          "n_train_samples_mean": 3.0,
          "n_test_samples_mean": 37.0,
          "test_acc_mean": 0.49189189189189186,
          "test_acc_std": 0.06215563355192916,
          "test_bal_acc_mean": 0.4946386946386946,
          "test_bal_acc_std": 0.06165098453458784,
          "test_f1_mean": 0.4807193309168934,
          "test_f1_std": 0.0611237217238774,
          "test_kappa_mean": 0.23612273196831782,
          "test_kappa_std": 0.09117724204725228,
          "confusion_matrix": [
            [
              58.46153846153845,
              6.153846153846154,
              35.38461538461538
            ],
            [
              60.0,
              35.38461538461538,
              4.615384615384615
            ],
            [
              20.909090909090914,
              24.54545454545455,
              54.54545454545455
            ]
          ]
        },
        {
          "participant": "3246",
          "train_size": 1,
          "n_seeds": 10,
          "n_train_samples_mean": 3.0,
          "n_test_samples_mean": 39.0,
          "test_acc_mean": 0.14615384615384616,
          "test_acc_std": 0.05135322695999933,
          "test_bal_acc_mean": 0.14615384615384616,
          "test_bal_acc_std": 0.051353226959999325,
          "test_f1_mean": 0.1355213660136891,
          "test_f1_std": 0.04456796055797103,
          "test_kappa_mean": -0.28076923076923077,
          "test_kappa_std": 0.077029840439999,
          "confusion_matrix": [
            [
              10.76923076923077,
              32.30769230769231,
              56.92307692307693
            ],
            [
              79.23076923076924,
              20.0,
              0.7692307692307693
            ],
            [
              43.07692307692308,
              43.84615384615385,
              13.076923076923077
            ]
          ]
        },
        {
          "participant": "3247",
          "train_size": 1,
          "n_seeds": 10,
          "n_train_samples_mean": 3.0,
          "n_test_samples_mean": 39.0,
          "test_acc_mean": 0.41794871794871796,
          "test_acc_std": 0.06286555743054116,
          "test_bal_acc_mean": 0.41794871794871796,
          "test_bal_acc_std": 0.06286555743054117,
          "test_f1_mean": 0.3979347192613623,
          "test_f1_std": 0.05859792990812802,
          "test_kappa_mean": 0.1269230769230769,
          "test_kappa_std": 0.09429833614581179,
          "confusion_matrix": [
            [
              49.23076923076924,
              15.384615384615383,
              35.38461538461538
            ],
            [
              36.92307692307692,
              33.07692307692307,
              30.0
            ],
            [
              31.53846153846154,
              25.384615384615383,
              43.07692307692308
            ]
          ]
        },
        {
          "participant": "3248",
          "train_size": 1,
          "n_seeds": 10,
          "n_train_samples_mean": 3.0,
          "n_test_samples_mean": 38.0,
          "test_acc_mean": 0.30789473684210533,
          "test_acc_std": 0.02166506848285696,
          "test_bal_acc_mean": 0.307051282051282,
          "test_bal_acc_std": 0.02169852828322782,
          "test_f1_mean": 0.27644077936992434,
          "test_f1_std": 0.030126597829423868,
          "test_kappa_mean": -0.046922676993523225,
          "test_kappa_std": 0.03242996592146228,
          "confusion_matrix": [
            [
              27.5,
              12.499999999999998,
              60.0
            ],
            [
              4.615384615384615,
              3.846153846153846,
              91.53846153846153
            ],
            [
              5.384615384615385,
              33.846153846153854,
              60.769230769230774
            ]
          ]
        },
        {
          "participant": "3249",
          "train_size": 1,
          "n_seeds": 10,
          "n_train_samples_mean": 3.0,
          "n_test_samples_mean": 39.0,
          "test_acc_mean": 0.34615384615384615,
          "test_acc_std": 0.05828282776489682,
          "test_bal_acc_mean": 0.34615384615384615,
          "test_bal_acc_std": 0.05828282776489681,
          "test_f1_mean": 0.2918452887834624,
          "test_f1_std": 0.057769976404056934,
          "test_kappa_mean": 0.019230769230769218,
          "test_kappa_std": 0.08742424164734523,
          "confusion_matrix": [
            [
              6.153846153846154,
              49.23076923076923,
              44.61538461538462
            ],
            [
              0.0,
              37.69230769230769,
              62.30769230769232
            ],
            [
              0.0,
              40.0,
              60.0
            ]
          ]
        },
        {
          "participant": "3250",
          "train_size": 1,
          "n_seeds": 10,
          "n_train_samples_mean": 3.0,
          "n_test_samples_mean": 39.0,
          "test_acc_mean": 0.5282051282051283,
          "test_acc_std": 0.05565408750803318,
          "test_bal_acc_mean": 0.5282051282051283,
          "test_bal_acc_std": 0.05565408750803319,
          "test_f1_mean": 0.5185376064914469,
          "test_f1_std": 0.043663617757169586,
          "test_kappa_mean": 0.29230769230769227,
          "test_kappa_std": 0.08348113126204977,
          "confusion_matrix": [
            [
              71.53846153846155,
              3.076923076923077,
              25.384615384615387
            ],
            [
              40.0,
              57.69230769230769,
              2.3076923076923075
            ],
            [
              56.15384615384615,
              14.615384615384617,
              29.230769230769234
            ]
          ]
        }
      ]
    },
    {
      "aggregated": {
        "train_size": 2,
        "n_participants": 39,
        "n_seeds": 10,
        "test_acc_mean": 0.5621223023745844,
        "test_acc_std": 0.17673015270524586,
        "test_bal_acc_mean": 0.5552576127576129,
        "test_bal_acc_std": 0.17149341592010406,
        "test_f1_mean": 0.5457742808811271,
        "test_f1_std": 0.19076595260120677,
        "test_kappa_mean": 0.34041589363210245,
        "test_kappa_std": 0.26238964968300277,
        "confusion_matrix": [
          [
            51.8978243978244,
            18.47319347319347,
