{
  "name": "eye",
  "config": {
    "n_seeds": 10,
    "feature_selection": "backward",
    "use_pca": false,
    "pca_variance": 0.95,
    "write_cm": true,
    "tune_hyperparameters": false,
    "tune_n_iter": 30,
    "tune_cv_folds": 5,
    "use_pose_derivatives": true,
    "use_time_features": false,
    "class_config": "all",
    "include_order": false,
    "name": "eye",
    "feature_groups": [
      "eye_tracking"
    ],
    "split_strategy": "participant_specific",
    "sampling_strategy": "temporal_stratified"
  },
  "sampling_strategy": "temporal_stratified",
  "n_seeds": 10,
  "learning_curve": [
    {
      "aggregated": {
        "train_size": 1,
        "n_participants": 42,
        "n_seeds": 10,
        "test_acc_mean": 0.44068464240881167,
        "test_acc_std": 0.1511646815061905,
        "test_bal_acc_mean": 0.4401845685179019,
        "test_bal_acc_std": 0.14530917889486333,
        "test_f1_mean": 0.3954075631099798,
        "test_f1_std": 0.17059390140337533,
        "test_kappa_mean": 0.16210623501116012,
        "test_kappa_std": 0.22506715748027817,
        "confusion_matrix": [
          [
            35.24725274725275,
            26.698717948717952,
            38.0540293040293
          ],
          [
            19.81471306471306,
            44.285307285307276,
            35.89997964997965
          ],
          [
            18.863053613053612,
            28.614135864135864,
            52.522810522810516
          ]
        ]
      },
      "per_participant": [
        {
          "participant": "3105",
          "train_size": 1,
          "n_seeds": 10,
          "n_train_samples_mean": 3.0,
          "n_test_samples_mean": 39.0,
          "test_acc_mean": 0.3897435897435897,
          "test_acc_std": 0.06373111754634957,
          "test_bal_acc_mean": 0.3897435897435898,
          "test_bal_acc_std": 0.06373111754634957,
          "test_f1_mean": 0.29114513182839347,
          "test_f1_std": 0.052571084496199856,
          "test_kappa_mean": 0.08461538461538462,
          "test_kappa_std": 0.09559667631952436,
          "confusion_matrix": [
            [
              24.615384615384613,
              70.76923076923079,
              4.615384615384615
            ],
            [
              0.0,
              91.53846153846155,
              8.461538461538462
            ],
            [
              53.07692307692307,
              46.15384615384616,
              0.7692307692307693
            ]
          ]
        },
        {
          "participant": "3206",
          "train_size": 1,
          "n_seeds": 10,
          "n_train_samples_mean": 3.0,
          "n_test_samples_mean": 35.0,
          "test_acc_mean": 0.4257142857142856,
          "test_acc_std": 0.06926893922273591,
          "test_bal_acc_mean": 0.43789173789173785,
          "test_bal_acc_std": 0.06033267590492579,
          "test_f1_mean": 0.4180850218638598,
          "test_f1_std": 0.06739634078584225,
          "test_kappa_mean": 0.15850251104557228,
          "test_kappa_std": 0.08832709802713352,
          "confusion_matrix": [
            [
              50.769230769230774,
              36.92307692307693,
              12.307692307692308
            ],
            [
              33.33333333333333,
              54.444444444444436,
              12.222222222222223
            ],
            [
              23.846153846153847,
              50.0,
              26.153846153846153
            ]
          ]
        },
        {
          "participant": "3207",
          "train_size": 1,
          "n_seeds": 10,
          "n_train_samples_mean": 3.0,
          "n_test_samples_mean": 37.0,
          "test_acc_mean": 0.4621621621621622,
          "test_acc_std": 0.09138706056155502,
          "test_bal_acc_mean": 0.4715811965811965,
          "test_bal_acc_std": 0.09286094140531585,
          "test_f1_mean": 0.3750284634852263,
          "test_f1_std": 0.11603485557245537,
          "test_kappa_mean": 0.20268680103414755,
          "test_kappa_std": 0.1351195535895361,
          "confusion_matrix": [
            [
              12.307692307692308,
              17.692307692307693,
              69.99999999999999
            ],
            [
              0.0,
              29.166666666666664,
              70.83333333333334
            ],
            [
              0.0,
              0.0,
              100.0
            ]
          ]
        },
        {
          "participant": "3208",
          "train_size": 1,
          "n_seeds": 10,
          "n_train_samples_mean": 3.0,
          "n_test_samples_mean": 39.0,
          "test_acc_mean": 0.3076923076923077,
          "test_acc_std": 0.02417459080979649,
          "test_bal_acc_mean": 0.3076923076923077,
          "test_bal_acc_std": 0.02417459080979649,
          "test_f1_mean": 0.16015226090436174,
          "test_f1_std": 0.014452415959427032,
          "test_kappa_mean": -0.03846153846153846,
          "test_kappa_std": 0.03626188621469472,
          "confusion_matrix": [
            [
              0.0,
              100.0,
              0.0
            ],
            [
              0.0,
              91.53846153846155,
              8.461538461538462
            ],
            [
              0.0,
              99.23076923076923,
              0.7692307692307693
            ]
          ]
        },
        {
          "participant": "3209",
          "train_size": 1,
          "n_seeds": 10,
          "n_train_samples_mean": 3.0,
          "n_test_samples_mean": 38.0,
          "test_acc_mean": 0.7289473684210527,
          "test_acc_std": 0.0329385672903835,
          "test_bal_acc_mean": 0.7309829059829059,
          "test_bal_acc_std": 0.031378665690984735,
          "test_f1_mean": 0.7333589745188458,
          "test_f1_std": 0.030393859738262086,
          "test_kappa_mean": 0.5952413316259193,
          "test_kappa_std": 0.04851549968599336,
          "confusion_matrix": [
            [
              72.3076923076923,
              0.7692307692307693,
              26.923076923076927
            ],
            [
              6.153846153846154,
              66.15384615384616,
              27.69230769230769
            ],
            [
              12.499999999999996,
              6.666666666666666,
              80.83333333333334
            ]
          ]
        },
        {
          "participant": "3214",
          "train_size": 1,
          "n_seeds": 10,
          "n_train_samples_mean": 3.0,
          "n_test_samples_mean": 39.0,
          "test_acc_mean": 0.32820512820512815,
          "test_acc_std": 0.05378506913693085,
          "test_bal_acc_mean": 0.32820512820512826,
          "test_bal_acc_std": 0.05378506913693084,
          "test_f1_mean": 0.27302230462956495,
          "test_f1_std": 0.046883155032184556,
          "test_kappa_mean": -0.007692307692307698,
          "test_kappa_std": 0.08067760370539628,
          "confusion_matrix": [
            [
              0.7692307692307693,
              48.46153846153846,
              50.76923076923077
            ],
            [
              10.76923076923077,
              54.61538461538462,
              34.61538461538461
            ],
            [
              8.461538461538462,
              48.46153846153845,
              43.07692307692307
            ]
          ]
        },
        {
          "participant": "3215",
          "train_size": 1,
          "n_seeds": 10,
          "n_train_samples_mean": 3.0,
          "n_test_samples_mean": 39.0,
          "test_acc_mean": 0.20769230769230768,
          "test_acc_std": 0.03715737627228061,
          "test_bal_acc_mean": 0.2076923076923077,
          "test_bal_acc_std": 0.03715737627228061,
          "test_f1_mean": 0.1808622624975768,
          "test_f1_std": 0.020226090378389263,
          "test_kappa_mean": -0.18846153846153846,
          "test_kappa_std": 0.05573606440842088,
          "confusion_matrix": [
            [
              46.15384615384615,
              19.230769230769234,
              34.61538461538461
            ],
            [
              51.53846153846153,
              0.0,
              48.46153846153847
            ],
            [
              39.23076923076923,
              44.61538461538462,
              16.153846153846153
            ]
          ]
        },
        {
          "participant": "3216",
          "train_size": 1,
          "n_seeds": 10,
          "n_train_samples_mean": 3.0,
          "n_test_samples_mean": 37.0,
          "test_acc_mean": 0.3810810810810811,
          "test_acc_std": 0.060367083127030464,
          "test_bal_acc_mean": 0.37972027972027966,
          "test_bal_acc_std": 0.05452807440868257,
          "test_f1_mean": 0.303685408134511,
          "test_f1_std": 0.04507238321856713,
          "test_kappa_mean": 0.07145014290977961,
          "test_kappa_std": 0.08377541221343686,
          "confusion_matrix": [
            [
              3.846153846153846,
              59.230769230769226,
              36.92307692307692
            ],
            [
              0.0,
              74.61538461538461,
              25.384615384615383
            ],
            [
              0.0,
              64.54545454545455,
              35.45454545454545
            ]
          ]
        },
        {
          "participant": "3217",
          "train_size": 1,
          "n_seeds": 10,
          "n_train_samples_mean": 3.0,
          "n_test_samples_mean": 39.0,
          "test_acc_mean": 0.3769230769230769,
          "test_acc_std": 0.05545684853849003,
          "test_bal_acc_mean": 0.3769230769230769,
          "test_bal_acc_std": 0.055456848538490026,
          "test_f1_mean": 0.3581241031205546,
          "test_f1_std": 0.05004644278382043,
          "test_kappa_mean": 0.06538461538461535,
          "test_kappa_std": 0.08318527280773509,
          "confusion_matrix": [
            [
              36.15384615384615,
              62.30769230769231,
              1.5384615384615385
            ],
            [
              36.15384615384615,
              11.538461538461538,
              52.3076923076923
            ],
            [
              26.923076923076923,
              7.692307692307692,
              65.38461538461539
            ]
          ]
        },
        {
          "participant": "3218",
          "train_size": 1,
          "n_seeds": 10,
          "n_train_samples_mean": 3.0,
          "n_test_samples_mean": 39.0,
          "test_acc_mean": 0.46153846153846156,
          "test_acc_std": 0.04358136336404089,
          "test_bal_acc_mean": 0.4615384615384615,
          "test_bal_acc_std": 0.04358136336404089,
          "test_f1_mean": 0.4263339263552613,
          "test_f1_std": 0.03940210316351151,
          "test_kappa_mean": 0.1923076923076923,
          "test_kappa_std": 0.06537204504606135,
          "confusion_matrix": [
            [
              64.61538461538461,
              2.3076923076923075,
              33.07692307692308
            ],
            [
              45.38461538461539,
              18.46153846153846,
              36.153846153846146
            ],
            [
              37.69230769230769,
              6.9230769230769225,
              55.384615384615394
            ]
          ]
        },
        {
          "participant": "3219",
          "train_size": 1,
          "n_seeds": 10,
          "n_train_samples_mean": 3.0,
          "n_test_samples_mean": 37.0,
          "test_acc_mean": 0.5027027027027027,
          "test_acc_std": 0.06521427412920308,
          "test_bal_acc_mean": 0.5006410256410256,
          "test_bal_acc_std": 0.062264320130541013,
          "test_f1_mean": 0.4550811775672491,
          "test_f1_std": 0.0679275062189159,
          "test_kappa_mean": 0.2528057396873534,
          "test_kappa_std": 0.09564139992027307,
          "confusion_matrix": [
            [
              78.33333333333333,
              10.833333333333332,
              10.83333333333333
            ],
            [
              40.83333333333333,
              14.166666666666666,
              45.0
            ],
            [
              34.61538461538461,
              7.692307692307692,
              57.69230769230769
            ]
          ]
        },
        {
          "participant": "3220",
          "train_size": 1,
          "n_seeds": 10,
          "n_train_samples_mean": 3.0,
          "n_test_samples_mean": 39.0,
          "test_acc_mean": 0.41794871794871796,
          "test_acc_std": 0.05412355623585491,
          "test_bal_acc_mean": 0.41794871794871796,
          "test_bal_acc_std": 0.05412355623585491,
          "test_f1_mean": 0.3496211258669077,
          "test_f1_std": 0.07024272128334651,
          "test_kappa_mean": 0.12692307692307692,
          "test_kappa_std": 0.08118533435378239,
          "confusion_matrix": [
            [
              10.76923076923077,
              61.53846153846155,
              27.69230769230769
            ],
            [
              6.153846153846154,
              29.230769230769226,
              64.61538461538461
            ],
            [
              0.0,
              14.615384615384617,
              85.38461538461539
            ]
          ]
        },
        {
          "participant": "3221",
          "train_size": 1,
          "n_seeds": 10,
          "n_train_samples_mean": 3.0,
          "n_test_samples_mean": 39.0,
          "test_acc_mean": 0.3256410256410257,
          "test_acc_std": 0.045307207797260086,
          "test_bal_acc_mean": 0.3256410256410257,
          "test_bal_acc_std": 0.04530720779726006,
          "test_f1_mean": 0.29634323631678594,
          "test_f1_std": 0.040266018125031784,
          "test_kappa_mean": -0.011538461538461576,
          "test_kappa_std": 0.06796081169589009,
          "confusion_matrix": [
            [
              14.615384615384617,
              10.76923076923077,
              74.61538461538461
            ],
            [
              2.3076923076923075,
              23.076923076923077,
              74.61538461538461
            ],
            [
              1.5384615384615385,
              38.46153846153846,
              60.0
            ]
          ]
        },
        {
          "participant": "3222",
          "train_size": 1,
          "n_seeds": 10,
          "n_train_samples_mean": 3.0,
          "n_test_samples_mean": 39.0,
          "test_acc_mean": 0.3435897435897436,
          "test_acc_std": 0.02477158418152041,
          "test_bal_acc_mean": 0.3435897435897436,
          "test_bal_acc_std": 0.024771584181520406,
          "test_f1_mean": 0.24359761604302527,
          "test_f1_std": 0.0416701465464013,
          "test_kappa_mean": 0.015384615384615363,
          "test_kappa_std": 0.03715737627228063,
          "confusion_matrix": [
            [
              12.307692307692308,
              0.0,
              87.6923076923077
            ],
            [
              0.0,
              3.846153846153846,
              96.15384615384616
            ],
            [
              13.076923076923077,
              0.0,
              86.92307692307693
            ]
          ]
        },
        {
          "participant": "3223",
          "train_size": 1,
          "n_seeds": 10,
          "n_train_samples_mean": 3.0,
          "n_test_samples_mean": 39.0,
          "test_acc_mean": 0.4641025641025641,
          "test_acc_std": 0.0371573762722806,
          "test_bal_acc_mean": 0.4641025641025641,
          "test_bal_acc_std": 0.03715737627228061,
          "test_f1_mean": 0.4058395353274739,
          "test_f1_std": 0.047842924007402365,
          "test_kappa_mean": 0.19615384615384618,
          "test_kappa_std": 0.05573606440842093,
          "confusion_matrix": [
            [
              9.23076923076923,
              19.230769230769234,
              71.53846153846153
            ],
            [
              0.0,
              79.23076923076923,
              20.769230769230766
            ],
            [
              0.7692307692307693,
              48.46153846153847,
              50.76923076923077
            ]
          ]
        },
        {
          "participant": "3224",
          "train_size": 1,
          "n_seeds": 10,
          "n_train_samples_mean": 3.0,
          "n_test_samples_mean": 24.0,
          "test_acc_mean": 0.4875000000000001,
          "test_acc_std": 0.08795077888326425,
          "test_bal_acc_mean": 0.505,
          "test_bal_acc_std": 0.06008966779391437,
          "test_f1_mean": 0.48028337258903286,
          "test_f1_std": 0.11223074430164948,
          "test_kappa_mean": 0.2302880317749884,
          "test_kappa_std": 0.10720923650969172,
          "confusion_matrix": [
            [
              50.0,
              0.0,
              50.0
            ],
            [
              38.333333333333336,
              27.5,
              34.16666666666667
            ],
            [
              13.0,
              13.0,
              74.0
            ]
          ]
        },
        {
          "participant": "3225",
          "train_size": 1,
          "n_seeds": 10,
          "n_train_samples_mean": 3.0,
          "n_test_samples_mean": 39.0,
          "test_acc_mean": 0.6435897435897436,
          "test_acc_std": 0.062164432635788656,
          "test_bal_acc_mean": 0.6435897435897436,
          "test_bal_acc_std": 0.062164432635788656,
          "test_f1_mean": 0.6359691013789439,
          "test_f1_std": 0.06846756953521159,
          "test_kappa_mean": 0.46538461538461534,
          "test_kappa_std": 0.09324664895368297,
          "confusion_matrix": [
            [
              73.84615384615385,
              20.0,
              6.153846153846154
            ],
            [
              9.23076923076923,
              47.6923076923077,
              43.07692307692308
            ],
            [
              12.307692307692308,
              16.153846153846153,
              71.53846153846155
            ]
          ]
        },
        {
          "participant": "3226",
          "train_size": 1,
          "n_seeds": 10,
          "n_train_samples_mean": 3.0,
          "n_test_samples_mean": 39.0,
          "test_acc_mean": 0.4076923076923077,
          "test_acc_std": 0.03299189583866458,
          "test_bal_acc_mean": 0.4076923076923077,
          "test_bal_acc_std": 0.032991895838664596,
          "test_f1_mean": 0.3880674639771944,
          "test_f1_std": 0.020671839295441585,
          "test_kappa_mean": 0.1115384615384615,
          "test_kappa_std": 0.04948784375799689,
          "confusion_matrix": [
            [
              30.0,
              10.0,
              60.0
            ],
            [
              19.999999999999996,
              30.0,
              50.0
            ],
            [
              14.615384615384613,
              23.076923076923077,
              62.30769230769231
            ]
          ]
        },
        {
          "participant": "3227",
          "train_size": 1,
          "n_seeds": 10,
          "n_train_samples_mean": 3.0,
          "n_test_samples_mean": 39.0,
          "test_acc_mean": 0.6743589743589744,
          "test_acc_std": 0.09444347758332493,
          "test_bal_acc_mean": 0.6743589743589744,
          "test_bal_acc_std": 0.09444347758332493,
          "test_f1_mean": 0.6657847032776906,
          "test_f1_std": 0.10078385539156018,
          "test_kappa_mean": 0.5115384615384615,
          "test_kappa_std": 0.14166521637498736,
          "confusion_matrix": [
            [
              50.0,
              50.0,
              0.0
            ],
            [
              30.769230769230766,
              68.46153846153847,
              0.7692307692307693
            ],
            [
              1.5384615384615385,
              14.61538461538461,
              83.84615384615384
            ]
          ]
        },
        {
          "participant": "3228",
          "train_size": 1,
          "n_seeds": 10,
          "n_train_samples_mean": 3.0,
          "n_test_samples_mean": 39.0,
          "test_acc_mean": 0.45897435897435895,
          "test_acc_std": 0.10637506712288596,
          "test_bal_acc_mean": 0.45897435897435895,
          "test_bal_acc_std": 0.10637506712288594,
          "test_f1_mean": 0.3945023850125359,
          "test_f1_std": 0.11952501168197222,
          "test_kappa_mean": 0.18846153846153846,
          "test_kappa_std": 0.15956260068432895,
          "confusion_matrix": [
            [
              39.23076923076923,
              60.76923076923076,
              0.0
            ],
            [
              16.153846153846153,
              83.84615384615384,
              0.0
            ],
            [
              51.53846153846153,
              33.84615384615384,
              14.615384615384617
            ]
          ]
        },
        {
          "participant": "3229",
          "train_size": 1,
          "n_seeds": 10,
          "n_train_samples_mean": 3.0,
          "n_test_samples_mean": 39.0,
          "test_acc_mean": 0.27179487179487183,
          "test_acc_std": 0.05156616454358413,
          "test_bal_acc_mean": 0.27179487179487183,
          "test_bal_acc_std": 0.05156616454358412,
          "test_f1_mean": 0.2201107241078754,
          "test_f1_std": 0.04686165941350962,
          "test_kappa_mean": -0.0923076923076923,
          "test_kappa_std": 0.07734924681537618,
          "confusion_matrix": [
            [
              3.846153846153846,
              26.15384615384615,
              70.0
            ],
            [
              13.846153846153845,
              22.307692307692303,
              63.84615384615385
            ],
            [
              0.0,
              44.61538461538462,
              55.38461538461538
            ]
          ]
        },
        {
          "participant": "3230",
          "train_size": 1,
          "n_seeds": 10,
          "n_train_samples_mean": 3.0,
          "n_test_samples_mean": 39.0,
          "test_acc_mean": 0.5641025641025641,
          "test_acc_std": 0.04358136336404093,
          "test_bal_acc_mean": 0.5641025641025641,
          "test_bal_acc_std": 0.04358136336404091,
          "test_f1_mean": 0.5599058026901995,
          "test_f1_std": 0.04605077793932132,
          "test_kappa_mean": 0.34615384615384615,
          "test_kappa_std": 0.06537204504606133,
          "confusion_matrix": [
            [
              43.07692307692308,
              17.69230769230769,
              39.23076923076923
            ],
            [
              6.9230769230769225,
              58.46153846153845,
              34.61538461538461
            ],
            [
              21.53846153846154,
              10.76923076923077,
              67.6923076923077
            ]
          ]
        },
        {
          "participant": "3231",
          "train_size": 1,
          "n_seeds": 10,
          "n_train_samples_mean": 3.0,
          "n_test_samples_mean": 39.0,
          "test_acc_mean": 0.36410256410256414,
          "test_acc_std": 0.05896816516465073,
          "test_bal_acc_mean": 0.36410256410256414,
          "test_bal_acc_std": 0.05896816516465073,
          "test_f1_mean": 0.36463281888528004,
          "test_f1_std": 0.0535559657553306,
          "test_kappa_mean": 0.04615384615384612,
          "test_kappa_std": 0.0884522477469761,
          "confusion_matrix": [
            [
              34.61538461538462,
              35.38461538461538,
              30.000000000000007
            ],
            [
              0.0,
              40.76923076923076,
              59.23076923076924
            ],
            [
              10.0,
              56.153846153846146,
              33.846153846153854
            ]
          ]
        },
        {
          "participant": "3232",
          "train_size": 1,
          "n_seeds": 10,
          "n_train_samples_mean": 3.0,
          "n_test_samples_mean": 39.0,
          "test_acc_mean": 0.8717948717948719,
          "test_acc_std": 0.03822338423076564,
          "test_bal_acc_mean": 0.8717948717948719,
          "test_bal_acc_std": 0.03822338423076563,
          "test_f1_mean": 0.8703961852323919,
          "test_f1_std": 0.039427672569754914,
          "test_kappa_mean": 0.8076923076923077,
          "test_kappa_std": 0.05733507634614849,
          "confusion_matrix": [
            [
              92.30769230769229,
              3.846153846153846,
              3.846153846153846
            ],
            [
              6.9230769230769225,
              85.38461538461539,
              7.692307692307692
            ],
            [
              10.76923076923077,
              5.384615384615385,
              83.84615384615384
            ]
          ]
        },
        {
          "participant": "3233",
          "train_size": 1,
          "n_seeds": 10,
          "n_train_samples_mean": 3.0,
          "n_test_samples_mean": 39.0,
          "test_acc_mean": 0.3076923076923077,
          "test_acc_std": 0.027028014189473325,
          "test_bal_acc_mean": 0.3076923076923077,
          "test_bal_acc_std": 0.027028014189473336,
          "test_f1_mean": 0.21708314065760873,
          "test_f1_std": 0.03095344358701803,
          "test_kappa_mean": -0.03846153846153849,
          "test_kappa_std": 0.040542021284209986,
          "confusion_matrix": [
            [
              0.7692307692307693,
              0.0,
              99.23076923076924
            ],
            [
              43.07692307692308,
              7.692307692307692,
              49.230769230769226
            ],
            [
              16.153846153846153,
              0.0,
              83.84615384615384
            ]
          ]
        },
        {
          "participant": "3234",
          "train_size": 1,
          "n_seeds": 10,
          "n_train_samples_mean": 3.0,
          "n_test_samples_mean": 39.0,
          "test_acc_mean": 0.38974358974358975,
          "test_acc_std": 0.055126548706314865,
          "test_bal_acc_mean": 0.38974358974358975,
          "test_bal_acc_std": 0.05512654870631485,
          "test_f1_mean": 0.2774113881959403,
          "test_f1_std": 0.06815330174294812,
          "test_kappa_mean": 0.08461538461538458,
          "test_kappa_std": 0.08268982305947234,
          "confusion_matrix": [
            [
              0.0,
              0.0,
              100.0
            ],
            [
              0.0,
              23.076923076923073,
              76.92307692307693
            ],
            [
              0.0,
              6.153846153846154,
              93.84615384615384
            ]
          ]
        },
        {
          "participant": "3235",
          "train_size": 1,
          "n_seeds": 10,
          "n_train_samples_mean": 3.0,
          "n_test_samples_mean": 38.0,
          "test_acc_mean": 0.3052631578947368,
          "test_acc_std": 0.039619613300477946,
          "test_bal_acc_mean": 0.3123931623931624,
          "test_bal_acc_std": 0.039384308719920366,
          "test_f1_mean": 0.2742815409304177,
          "test_f1_std": 0.05020951919663996,
          "test_kappa_mean": -0.03503704900529977,
          "test_kappa_std": 0.05800010250989571,
          "confusion_matrix": [
            [
              58.333333333333336,
              14.999999999999996,
              26.666666666666664
            ],
            [
              36.92307692307692,
              16.153846153846153,
              46.92307692307693
            ],
            [
              56.92307692307694,
              23.846153846153847,
              19.23076923076923
            ]
          ]
        },
        {
          "participant": "3236",
          "train_size": 1,
          "n_seeds": 10,
          "n_train_samples_mean": 3.0,
          "n_test_samples_mean": 31.0,
          "test_acc_mean": 0.8709677419354838,
          "test_acc_std": 0.015206597444871977,
          "test_bal_acc_mean": 0.7784615384615384,
          "test_bal_acc_std": 0.023413187922412215,
          "test_f1_mean": 0.855957972114813,
          "test_f1_std": 0.017730638039276717,
          "test_kappa_mean": 0.7841948345845756,
          "test_kappa_std": 0.025988301186455988,
          "confusion_matrix": [
            [
              100.0,
              0.0,
              0.0
            ],
            [
              10.0,
              42.0,
              48.0
            ],
            [
              8.461538461538462,
              0.0,
              91.53846153846152
            ]
          ]
        },
        {
          "participant": "3237",
          "train_size": 1,
          "n_seeds": 10,
          "n_train_samples_mean": 3.0,
          "n_test_samples_mean": 36.0,
          "test_acc_mean": 0.3555555555555555,
          "test_acc_std": 0.028688765527462346,
          "test_bal_acc_mean": 0.35282051282051285,
          "test_bal_acc_std": 0.03266254720500092,
          "test_f1_mean": 0.27998486060678085,
          "test_f1_std": 0.031146867160139025,
          "test_kappa_mean": 0.04315624882527456,
          "test_kappa_std": 0.044787295892210144,
          "confusion_matrix": [
            [
              1.5384615384615385,
              63.07692307692308,
              35.38461538461539
            ],
            [
              1.0,
              32.0,
              67.0
            ],
            [
              0.0,
              27.69230769230769,
              72.3076923076923
            ]
          ]
        },
        {
          "participant": "3238",
          "train_size": 1,
          "n_seeds": 10,
          "n_train_samples_mean": 3.0,
          "n_test_samples_mean": 39.0,
          "test_acc_mean": 0.32564102564102565,
          "test_acc_std": 0.02973081560842066,
          "test_bal_acc_mean": 0.32564102564102565,
          "test_bal_acc_std": 0.029730815608420648,
          "test_f1_mean": 0.21287015046727958,
          "test_f1_std": 0.04399448033707629,
          "test_kappa_mean": -0.011538461538461576,
          "test_kappa_std": 0.04459622341263099,
          "confusion_matrix": [
            [
              0.0,
              87.6923076923077,
              12.307692307692308
            ],
            [
              0.7692307692307693,
              86.15384615384616,
              13.076923076923077
            ],
            [
              6.153846153846154,
              82.3076923076923,
              11.538461538461538
            ]
          ]
        },
        {
          "participant": "3239",
          "train_size": 1,
          "n_seeds": 10,
          "n_train_samples_mean": 3.0,
          "n_test_samples_mean": 38.0,
          "test_acc_mean": 0.4921052631578947,
          "test_acc_std": 0.03731938137926782,
          "test_bal_acc_mean": 0.4997863247863248,
          "test_bal_acc_std": 0.03637990901652291,
          "test_f1_mean": 0.4431934953618587,
          "test_f1_std": 0.051782862603657366,
          "test_kappa_mean": 0.24261584337675018,
          "test_kappa_std": 0.053854133235625386,
          "confusion_matrix": [
            [
              15.384615384615383,
              30.769230769230766,
              53.84615384615385
            ],
            [
              3.333333333333333,
              79.16666666666666,
              17.499999999999996
            ],
            [
              8.461538461538462,
              36.15384615384615,
              55.38461538461538
            ]
          ]
        },
        {
          "participant": "3240",
          "train_size": 1,
          "n_seeds": 10,
          "n_train_samples_mean": 3.0,
          "n_test_samples_mean": 37.0,
          "test_acc_mean": 0.5486486486486487,
          "test_acc_std": 0.0598268746518342,
          "test_bal_acc_mean": 0.5497863247863247,
          "test_bal_acc_std": 0.05861308407036831,
          "test_f1_mean": 0.5501475903091937,
          "test_f1_std": 0.05759997125330698,
          "test_kappa_mean": 0.3255871099334918,
          "test_kappa_std": 0.08825284060924479,
          "confusion_matrix": [
            [
              64.99999999999999,
              4.166666666666666,
              30.833333333333332
            ],
            [
              12.307692307692308,
              50.769230769230774,
              36.92307692307692
            ],
            [
              34.99999999999999,
              15.833333333333329,
              49.16666666666667
            ]
          ]
        },
        {
          "participant": "3241",
          "train_size": 1,
          "n_seeds": 10,
          "n_train_samples_mean": 3.0,
          "n_test_samples_mean": 39.0,
          "test_acc_mean": 0.4461538461538462,
          "test_acc_std": 0.04221910781274689,
          "test_bal_acc_mean": 0.4461538461538462,
          "test_bal_acc_std": 0.04221910781274692,
          "test_f1_mean": 0.3517551341986511,
          "test_f1_std": 0.051144335741626266,
          "test_kappa_mean": 0.1692307692307692,
          "test_kappa_std": 0.06332866171912035,
          "confusion_matrix": [
            [
              39.230769230769226,
              0.7692307692307693,
              60.000000000000014
            ],
            [
              8.461538461538462,
              0.7692307692307693,
              90.76923076923075
            ],
            [
              6.153846153846154,
              0.0,
              93.84615384615384
            ]
          ]
        },
        {
          "participant": "3242",
          "train_size": 1,
          "n_seeds": 10,
          "n_train_samples_mean": 3.0,
          "n_test_samples_mean": 39.0,
          "test_acc_mean": 0.48974358974358967,
          "test_acc_std": 0.04594762412210464,
          "test_bal_acc_mean": 0.48974358974358967,
          "test_bal_acc_std": 0.04594762412210465,
          "test_f1_mean": 0.44500487217705775,
          "test_f1_std": 0.05113134563645296,
          "test_kappa_mean": 0.23461538461538461,
          "test_kappa_std": 0.06892143618315699,
          "confusion_matrix": [
            [
              61.53846153846155,
              13.846153846153845,
              24.615384615384613
            ],
            [
              25.38461538461538,
              74.61538461538461,
              0.0
            ],
            [
              16.153846153846153,
              73.07692307692307,
              10.76923076923077
            ]
          ]
        },
        {
          "participant": "3243",
          "train_size": 1,
          "n_seeds": 10,
          "n_train_samples_mean": 3.0,
          "n_test_samples_mean": 38.0,
          "test_acc_mean": 0.5842105263157895,
          "test_acc_std": 0.07826213341472092,
          "test_bal_acc_mean": 0.5886752136752136,
          "test_bal_acc_std": 0.07526471601923135,
          "test_f1_mean": 0.5801733576749114,
          "test_f1_std": 0.08103622084524251,
          "test_kappa_mean": 0.3827176955764788,
          "test_kappa_std": 0.11412321106448339,
          "confusion_matrix": [
            [
              75.83333333333333,
              13.333333333333332,
              10.833333333333332
            ],
            [
              35.38461538461538,
              64.61538461538461,
              0.0
            ],
            [
              63.84615384615383,
              0.0,
              36.15384615384615
            ]
          ]
        },
        {
          "participant": "3244",
          "train_size": 1,
          "n_seeds": 10,
          "n_train_samples_mean": 3.0,
          "n_test_samples_mean": 39.0,
          "test_acc_mean": 0.4538461538461539,
          "test_acc_std": 0.059277062852648554,
          "test_bal_acc_mean": 0.45384615384615384,
          "test_bal_acc_std": 0.05927706285264856,
          "test_f1_mean": 0.3720536062802057,
          "test_f1_std": 0.07981999909582782,
          "test_kappa_mean": 0.18076923076923077,
          "test_kappa_std": 0.08891559427897283,
          "confusion_matrix": [
            [
              23.07692307692308,
              43.07692307692308,
              33.84615384615385
            ],
            [
              0.0,
              99.23076923076923,
              0.7692307692307693
            ],
            [
              31.538461538461537,
              54.61538461538462,
              13.846153846153845
            ]
          ]
        },
        {
          "participant": "3245",
          "train_size": 1,
          "n_seeds": 10,
          "n_train_samples_mean": 3.0,
          "n_test_samples_mean": 37.0,
          "test_acc_mean": 0.2972972972972973,
          "test_acc_std": 0.022067475160208815,
          "test_bal_acc_mean": 0.3114219114219114,
          "test_bal_acc_std": 0.01987664578749899,
          "test_f1_mean": 0.28915368409230097,
          "test_f1_std": 0.02792793435776394,
          "test_kappa_mean": -0.04036615059839752,
          "test_kappa_std": 0.029049517101369698,
          "confusion_matrix": [
            [
              8.461538461538462,
              4.615384615384615,
              86.92307692307692
            ],
            [
              66.92307692307692,
              27.69230769230769,
              5.384615384615385
            ],
            [
              26.363636363636367,
              16.363636363636367,
              57.27272727272727
            ]
          ]
        },
        {
          "participant": "3246",
          "train_size": 1,
          "n_seeds": 10,
          "n_train_samples_mean": 3.0,
          "n_test_samples_mean": 39.0,
          "test_acc_mean": 0.17435897435897435,
          "test_acc_std": 0.0449023095267135,
          "test_bal_acc_mean": 0.17435897435897438,
          "test_bal_acc_std": 0.044902309526713494,
          "test_f1_mean": 0.15089836345420754,
          "test_f1_std": 0.04568658360827425,
          "test_kappa_mean": -0.2384615384615385,
          "test_kappa_std": 0.06735346429007028,
          "confusion_matrix": [
            [
              30.769230769230766,
              26.923076923076923,
              42.30769230769231
            ],
            [
              83.84615384615384,
              16.153846153846153,
              0.0
            ],
            [
              51.53846153846153,
              43.07692307692308,
              5.384615384615385
            ]
          ]
        },
        {
          "participant": "3247",
          "train_size": 1,
          "n_seeds": 10,
          "n_train_samples_mean": 3.0,
          "n_test_samples_mean": 39.0,
          "test_acc_mean": 0.4384615384615385,
          "test_acc_std": 0.05727133527436223,
          "test_bal_acc_mean": 0.4384615384615385,
          "test_bal_acc_std": 0.05727133527436224,
          "test_f1_mean": 0.4015191544245429,
          "test_f1_std": 0.06364399424759087,
          "test_kappa_mean": 0.1576923076923077,
          "test_kappa_std": 0.08590700291154338,
          "confusion_matrix": [
            [
              60.76923076923076,
              6.9230769230769225,
              32.30769230769231
            ],
            [
              76.15384615384616,
              11.538461538461538,
              12.307692307692308
            ],
            [
              26.923076923076923,
              13.846153846153845,
              59.23076923076924
            ]
          ]
        },
        {
          "participant": "3248",
          "train_size": 1,
          "n_seeds": 10,
          "n_train_samples_mean": 3.0,
          "n_test_samples_mean": 38.0,
          "test_acc_mean": 0.2973684210526316,
          "test_acc_std": 0.030513205492852788,
          "test_bal_acc_mean": 0.29935897435897435,
          "test_bal_acc_std": 0.031491631834917815,
          "test_f1_mean": 0.26667902163967655,
