{
  "name": "eye_ecg",
  "config": {
    "n_seeds": 10,
    "feature_selection": "backward",
    "use_pca": false,
    "pca_variance": 0.95,
    "write_cm": true,
    "tune_hyperparameters": false,
    "tune_n_iter": 30,
    "tune_cv_folds": 5,
    "use_pose_derivatives": true,
    "use_time_features": false,
    "class_config": "all",
    "include_order": false,
    "name": "eye_ecg",
    "feature_groups": [
      "eye_tracking",
      "ecg"
    ],
    "split_strategy": "participant_specific",
    "sampling_strategy": "temporal_stratified"
  },
  "sampling_strategy": "temporal_stratified",
  "n_seeds": 10,
  "learning_curve": [
    {
      "aggregated": {
        "train_size": 1,
        "n_participants": 36,
        "n_seeds": 10,
        "test_acc_mean": 0.501904808197253,
        "test_acc_std": 0.11419189902154055,
        "test_bal_acc_mean": 0.49643270309936977,
        "test_bal_acc_std": 0.1068628637482892,
        "test_f1_mean": 0.46986836259114384,
        "test_f1_std": 0.12425666491250634,
        "test_kappa_mean": 0.24905009470363593,
        "test_kappa_std": 0.1655694710606245,
        "confusion_matrix": [
          [
            49.57621082621084,
            16.613247863247867,
            33.81054131054131
          ],
          [
            21.9747150997151,
            44.36965811965812,
            33.65562678062679
          ],
          [
            17.243589743589745,
            27.772468272468274,
            54.98394198394198
          ]
        ]
      },
      "per_participant": [
        {
          "participant": "3208",
          "train_size": 1,
          "n_seeds": 10,
          "n_train_samples_mean": 3.0,
          "n_test_samples_mean": 39.0,
          "test_acc_mean": 0.5153846153846153,
          "test_acc_std": 0.06669953167564673,
          "test_bal_acc_mean": 0.5153846153846153,
          "test_bal_acc_std": 0.06669953167564675,
          "test_f1_mean": 0.4715900706994092,
          "test_f1_std": 0.0977384439854937,
          "test_kappa_mean": 0.2730769230769231,
          "test_kappa_std": 0.1000492975134701,
          "confusion_matrix": [
            [
              24.615384615384613,
              73.84615384615384,
              1.5384615384615385
            ],
            [
              0.0,
              93.84615384615385,
              6.153846153846154
            ],
            [
              0.0,
              63.84615384615385,
              36.15384615384615
            ]
          ]
        },
        {
          "participant": "3209",
          "train_size": 1,
          "n_seeds": 10,
          "n_train_samples_mean": 3.0,
          "n_test_samples_mean": 38.0,
          "test_acc_mean": 0.48684210526315785,
          "test_acc_std": 0.06475799587821668,
          "test_bal_acc_mean": 0.4754273504273504,
          "test_bal_acc_std": 0.06344430940803926,
          "test_f1_mean": 0.42795939850298464,
          "test_f1_std": 0.07135628523881399,
          "test_kappa_mean": 0.22218600669170904,
          "test_kappa_std": 0.09839313774537004,
          "confusion_matrix": [
            [
              82.3076923076923,
              2.3076923076923075,
              15.384615384615383
            ],
            [
              42.30769230769231,
              56.15384615384615,
              1.5384615384615385
            ],
            [
              84.16666666666666,
              11.666666666666666,
              4.166666666666666
            ]
          ]
        },
        {
          "participant": "3214",
          "train_size": 1,
          "n_seeds": 10,
          "n_train_samples_mean": 3.0,
          "n_test_samples_mean": 39.0,
          "test_acc_mean": 0.3435897435897436,
          "test_acc_std": 0.03860372577995287,
          "test_bal_acc_mean": 0.3435897435897436,
          "test_bal_acc_std": 0.038603725779952865,
          "test_f1_mean": 0.30850123781260713,
          "test_f1_std": 0.041790947367609604,
          "test_kappa_mean": 0.015384615384615363,
          "test_kappa_std": 0.05790558866992931,
          "confusion_matrix": [
            [
              49.23076923076924,
              26.923076923076923,
              23.846153846153847
            ],
            [
              63.84615384615385,
              15.384615384615387,
              20.76923076923077
            ],
            [
              35.38461538461538,
              26.153846153846153,
              38.46153846153846
            ]
          ]
        },
        {
          "participant": "3215",
          "train_size": 1,
          "n_seeds": 10,
          "n_train_samples_mean": 3.0,
          "n_test_samples_mean": 39.0,
          "test_acc_mean": 0.2897435897435897,
          "test_acc_std": 0.07744363275264475,
          "test_bal_acc_mean": 0.2897435897435897,
          "test_bal_acc_std": 0.07744363275264474,
          "test_f1_mean": 0.31041288966652975,
          "test_f1_std": 0.06861834237495232,
          "test_kappa_mean": -0.0653846153846154,
          "test_kappa_std": 0.11616544912896708,
          "confusion_matrix": [
            [
              49.230769230769226,
              9.23076923076923,
              41.53846153846153
            ],
            [
              0.7692307692307693,
              14.615384615384617,
              84.61538461538461
            ],
            [
              0.0,
              76.92307692307692,
              23.076923076923077
            ]
          ]
        },
        {
          "participant": "3216",
          "train_size": 1,
          "n_seeds": 10,
          "n_train_samples_mean": 3.0,
          "n_test_samples_mean": 37.0,
          "test_acc_mean": 0.6108108108108109,
          "test_acc_std": 0.06884675017853262,
          "test_bal_acc_mean": 0.6223776223776223,
          "test_bal_acc_std": 0.07275648740152059,
          "test_f1_mean": 0.5929688606390217,
          "test_f1_std": 0.093592353844326,
          "test_kappa_mean": 0.41816485137068193,
          "test_kappa_std": 0.1062167412075496,
          "confusion_matrix": [
            [
              37.69230769230769,
              57.69230769230769,
              4.615384615384615
            ],
            [
              0.7692307692307693,
              65.38461538461539,
              33.84615384615384
            ],
            [
              0.0,
              16.363636363636363,
              83.63636363636363
            ]
          ]
        },
        {
          "participant": "3217",
          "train_size": 1,
          "n_seeds": 10,
          "n_train_samples_mean": 3.0,
          "n_test_samples_mean": 39.0,
          "test_acc_mean": 0.4641025641025641,
          "test_acc_std": 0.04751091319551211,
          "test_bal_acc_mean": 0.4641025641025641,
          "test_bal_acc_std": 0.04751091319551214,
          "test_f1_mean": 0.41493726085252663,
          "test_f1_std": 0.039193266162628464,
          "test_kappa_mean": 0.19615384615384618,
          "test_kappa_std": 0.07126636979326818,
          "confusion_matrix": [
            [
              71.53846153846153,
              16.923076923076927,
              11.538461538461538
            ],
            [
              35.38461538461538,
              10.0,
              54.61538461538462
            ],
            [
              36.153846153846146,
              6.153846153846154,
              57.6923076923077
            ]
          ]
        },
        {
          "participant": "3218",
          "train_size": 1,
          "n_seeds": 10,
          "n_train_samples_mean": 3.0,
          "n_test_samples_mean": 39.0,
          "test_acc_mean": 0.43076923076923085,
          "test_acc_std": 0.05240926398890902,
          "test_bal_acc_mean": 0.43076923076923085,
          "test_bal_acc_std": 0.05240926398890904,
          "test_f1_mean": 0.3973756428555958,
          "test_f1_std": 0.07381672063150804,
          "test_kappa_mean": 0.14615384615384613,
          "test_kappa_std": 0.07861389598336362,
          "confusion_matrix": [
            [
              16.153846153846153,
              3.076923076923077,
              80.76923076923076
            ],
            [
              4.615384615384615,
              46.92307692307692,
              48.46153846153846
            ],
            [
              0.7692307692307693,
              33.07692307692308,
              66.15384615384616
            ]
          ]
        },
        {
          "participant": "3219",
          "train_size": 1,
          "n_seeds": 10,
          "n_train_samples_mean": 3.0,
          "n_test_samples_mean": 37.0,
          "test_acc_mean": 0.5621621621621622,
          "test_acc_std": 0.07515911212473587,
          "test_bal_acc_mean": 0.5623931623931624,
          "test_bal_acc_std": 0.07255034841801823,
          "test_f1_mean": 0.49036116920127676,
          "test_f1_std": 0.08076230687128627,
          "test_kappa_mean": 0.34129464846932855,
          "test_kappa_std": 0.11115462377436632,
          "confusion_matrix": [
            [
              99.16666666666666,
              0.0,
              0.8333333333333333
            ],
            [
              18.333333333333332,
              14.166666666666666,
              67.50000000000001
            ],
            [
              37.69230769230769,
              6.9230769230769225,
              55.38461538461538
            ]
          ]
        },
        {
          "participant": "3220",
          "train_size": 1,
          "n_seeds": 10,
          "n_train_samples_mean": 3.0,
          "n_test_samples_mean": 39.0,
          "test_acc_mean": 0.3820512820512821,
          "test_acc_std": 0.04751091319551213,
          "test_bal_acc_mean": 0.38205128205128214,
          "test_bal_acc_std": 0.04751091319551212,
          "test_f1_mean": 0.33657041556388695,
          "test_f1_std": 0.07149416440481701,
          "test_kappa_mean": 0.0730769230769231,
          "test_kappa_std": 0.07126636979326817,
          "confusion_matrix": [
            [
              23.846153846153843,
              16.153846153846153,
              59.999999999999986
            ],
            [
              7.692307692307692,
              22.307692307692307,
              70.0
            ],
            [
              8.461538461538462,
              23.076923076923077,
              68.46153846153847
            ]
          ]
        },
        {
          "participant": "3221",
          "train_size": 1,
          "n_seeds": 10,
          "n_train_samples_mean": 3.0,
          "n_test_samples_mean": 39.0,
          "test_acc_mean": 0.4666666666666666,
          "test_acc_std": 0.06373111754634955,
          "test_bal_acc_mean": 0.4666666666666667,
          "test_bal_acc_std": 0.06373111754634957,
          "test_f1_mean": 0.3772935230878177,
          "test_f1_std": 0.06810913361025661,
          "test_kappa_mean": 0.2,
          "test_kappa_std": 0.09559667631952434,
          "confusion_matrix": [
            [
              2.3076923076923075,
              17.692307692307693,
              80.0
            ],
            [
              0.0,
              60.0,
              40.0
            ],
            [
              0.0,
              22.30769230769231,
              77.69230769230771
            ]
          ]
        },
        {
          "participant": "3223",
          "train_size": 1,
          "n_seeds": 10,
          "n_train_samples_mean": 3.0,
          "n_test_samples_mean": 39.0,
          "test_acc_mean": 0.6615384615384616,
          "test_acc_std": 0.04954316836304081,
          "test_bal_acc_mean": 0.6615384615384615,
          "test_bal_acc_std": 0.0495431683630408,
          "test_f1_mean": 0.6569055789711349,
          "test_f1_std": 0.05110262881573924,
          "test_kappa_mean": 0.49230769230769234,
          "test_kappa_std": 0.0743147525445612,
          "confusion_matrix": [
            [
              50.0,
              1.5384615384615385,
              48.46153846153847
            ],
            [
              0.0,
              84.61538461538461,
              15.384615384615383
            ],
            [
              0.0,
              36.15384615384615,
              63.846153846153854
            ]
          ]
        },
        {
          "participant": "3224",
          "train_size": 1,
          "n_seeds": 10,
          "n_train_samples_mean": 3.0,
          "n_test_samples_mean": 24.0,
          "test_acc_mean": 0.6833333333333333,
          "test_acc_std": 0.08379501738332422,
          "test_bal_acc_mean": 0.5488888888888889,
          "test_bal_acc_std": 0.08448991628212663,
          "test_f1_mean": 0.6537094972064181,
          "test_f1_std": 0.09317560864232582,
          "test_kappa_mean": 0.4379882948952122,
          "test_kappa_std": 0.14180119726039797,
          "confusion_matrix": [
            [
              15.0,
              0.0,
              85.0
            ],
            [
              0.0,
              56.66666666666667,
              43.33333333333333
            ],
            [
              0.0,
              7.0,
              93.0
            ]
          ]
        },
        {
          "participant": "3225",
          "train_size": 1,
          "n_seeds": 10,
          "n_train_samples_mean": 3.0,
          "n_test_samples_mean": 39.0,
          "test_acc_mean": 0.5102564102564102,
          "test_acc_std": 0.03907394683987165,
          "test_bal_acc_mean": 0.5102564102564102,
          "test_bal_acc_std": 0.03907394683987166,
          "test_f1_mean": 0.4386960873467488,
          "test_f1_std": 0.0513114472456169,
          "test_kappa_mean": 0.26538461538461544,
          "test_kappa_std": 0.05861092025980749,
          "confusion_matrix": [
            [
              80.76923076923076,
              3.846153846153846,
              15.384615384615383
            ],
            [
              43.07692307692308,
              9.230769230769232,
              47.69230769230769
            ],
            [
              22.307692307692307,
              14.615384615384617,
              63.07692307692308
            ]
          ]
        },
        {
          "participant": "3226",
          "train_size": 1,
          "n_seeds": 10,
          "n_train_samples_mean": 3.0,
          "n_test_samples_mean": 39.0,
          "test_acc_mean": 0.5692307692307692,
          "test_acc_std": 0.055126548706314886,
          "test_bal_acc_mean": 0.5692307692307692,
          "test_bal_acc_std": 0.055126548706314886,
          "test_f1_mean": 0.500347622804895,
          "test_f1_std": 0.05896612510717425,
          "test_kappa_mean": 0.3538461538461538,
          "test_kappa_std": 0.0826898230594723,
          "confusion_matrix": [
            [
              100.0,
              0.0,
              0.0
            ],
            [
              5.384615384615385,
              2.3076923076923075,
              92.30769230769232
            ],
            [
              6.153846153846154,
              25.384615384615383,
              68.46153846153845
            ]
          ]
        },
        {
          "participant": "3227",
          "train_size": 1,
          "n_seeds": 10,
          "n_train_samples_mean": 3.0,
          "n_test_samples_mean": 39.0,
          "test_acc_mean": 0.5641025641025641,
          "test_acc_std": 0.101849361434299,
          "test_bal_acc_mean": 0.5641025641025641,
          "test_bal_acc_std": 0.101849361434299,
          "test_f1_mean": 0.5465607458453122,
          "test_f1_std": 0.12563300425796958,
          "test_kappa_mean": 0.34615384615384615,
          "test_kappa_std": 0.15277404215144852,
          "confusion_matrix": [
            [
              76.92307692307692,
              23.076923076923077,
              0.0
            ],
            [
              47.69230769230769,
              49.23076923076924,
              3.076923076923077
            ],
            [
              13.076923076923077,
              43.84615384615385,
              43.07692307692307
            ]
          ]
        },
        {
          "participant": "3228",
          "train_size": 1,
          "n_seeds": 10,
          "n_train_samples_mean": 3.0,
          "n_test_samples_mean": 39.0,
          "test_acc_mean": 0.3384615384615385,
          "test_acc_std": 0.03972290611494787,
          "test_bal_acc_mean": 0.3384615384615385,
          "test_bal_acc_std": 0.039722906114947845,
          "test_f1_mean": 0.3064397339186414,
          "test_f1_std": 0.05932408393440246,
          "test_kappa_mean": 0.007692307692307676,
          "test_kappa_std": 0.059584359172421775,
          "confusion_matrix": [
            [
              16.153846153846153,
              62.30769230769231,
              21.538461538461537
            ],
            [
              0.0,
              61.53846153846155,
              38.46153846153847
            ],
            [
              3.076923076923077,
              73.07692307692308,
              23.846153846153847
            ]
          ]
        },
        {
          "participant": "3229",
          "train_size": 1,
          "n_seeds": 10,
          "n_train_samples_mean": 3.0,
          "n_test_samples_mean": 39.0,
          "test_acc_mean": 0.5076923076923077,
          "test_acc_std": 0.06816205824744236,
          "test_bal_acc_mean": 0.5076923076923077,
          "test_bal_acc_std": 0.06816205824744236,
          "test_f1_mean": 0.4961786498235517,
          "test_f1_std": 0.06690198005794604,
          "test_kappa_mean": 0.2615384615384615,
          "test_kappa_std": 0.10224308737116353,
          "confusion_matrix": [
            [
              53.84615384615385,
              22.307692307692307,
              23.846153846153847
            ],
            [
              40.00000000000001,
              42.30769230769231,
              17.692307692307693
            ],
            [
              1.5384615384615385,
              42.30769230769231,
              56.15384615384615
            ]
          ]
        },
        {
          "participant": "3230",
          "train_size": 1,
          "n_seeds": 10,
          "n_train_samples_mean": 3.0,
          "n_test_samples_mean": 39.0,
          "test_acc_mean": 0.5743589743589743,
          "test_acc_std": 0.09221267664452089,
          "test_bal_acc_mean": 0.5743589743589743,
          "test_bal_acc_std": 0.09221267664452089,
          "test_f1_mean": 0.5413090119169433,
          "test_f1_std": 0.11129224203908146,
          "test_kappa_mean": 0.3615384615384615,
          "test_kappa_std": 0.1383190149667813,
          "confusion_matrix": [
            [
              36.153846153846146,
              3.076923076923077,
              60.769230769230774
            ],
            [
              18.46153846153846,
              42.30769230769231,
              39.23076923076923
            ],
            [
              6.153846153846154,
              0.0,
              93.84615384615384
            ]
          ]
        },
        {
          "participant": "3232",
          "train_size": 1,
          "n_seeds": 10,
          "n_train_samples_mean": 3.0,
          "n_test_samples_mean": 39.0,
          "test_acc_mean": 0.47435897435897434,
          "test_acc_std": 0.05439282932204211,
          "test_bal_acc_mean": 0.4743589743589743,
          "test_bal_acc_std": 0.05439282932204212,
          "test_f1_mean": 0.46787749487274083,
          "test_f1_std": 0.048491578673516465,
          "test_kappa_mean": 0.21153846153846154,
          "test_kappa_std": 0.08158924398306319,
          "confusion_matrix": [
            [
              30.769230769230774,
              36.92307692307692,
              32.30769230769231
            ],
            [
              39.99999999999999,
              56.15384615384615,
              3.846153846153846
            ],
            [
              0.7692307692307693,
              43.846153846153854,
              55.38461538461538
            ]
          ]
        },
        {
          "participant": "3233",
          "train_size": 1,
          "n_seeds": 10,
          "n_train_samples_mean": 3.0,
          "n_test_samples_mean": 39.0,
          "test_acc_mean": 0.5358974358974359,
          "test_acc_std": 0.050492497393989505,
          "test_bal_acc_mean": 0.5358974358974359,
          "test_bal_acc_std": 0.05049249739398951,
          "test_f1_mean": 0.5069561994019385,
          "test_f1_std": 0.07578499594166581,
          "test_kappa_mean": 0.3038461538461538,
          "test_kappa_std": 0.07573874609098423,
          "confusion_matrix": [
            [
              23.846153846153847,
              9.23076923076923,
              66.92307692307693
            ],
            [
              4.615384615384615,
              56.153846153846146,
              39.23076923076923
            ],
            [
              4.615384615384615,
              14.615384615384617,
              80.76923076923076
            ]
          ]
        },
        {
          "participant": "3234",
          "train_size": 1,
          "n_seeds": 10,
          "n_train_samples_mean": 3.0,
          "n_test_samples_mean": 39.0,
          "test_acc_mean": 0.3717948717948718,
          "test_acc_std": 0.03471811284032462,
          "test_bal_acc_mean": 0.3717948717948718,
          "test_bal_acc_std": 0.03471811284032461,
          "test_f1_mean": 0.27098677894290646,
          "test_f1_std": 0.022010500462063338,
          "test_kappa_mean": 0.05769230769230778,
          "test_kappa_std": 0.052077169260486944,
          "confusion_matrix": [
            [
              3.076923076923077,
              0.0,
              96.92307692307692
            ],
            [
              1.5384615384615385,
              15.384615384615383,
              83.0769230769231
            ],
            [
              6.923076923076924,
              0.0,
              93.07692307692307
            ]
          ]
        },
        {
          "participant": "3235",
          "train_size": 1,
          "n_seeds": 10,
          "n_train_samples_mean": 3.0,
          "n_test_samples_mean": 38.0,
          "test_acc_mean": 0.3894736842105263,
          "test_acc_std": 0.0617783047777509,
          "test_bal_acc_mean": 0.39252136752136757,
          "test_bal_acc_std": 0.06281590967107234,
          "test_f1_mean": 0.3771889832944993,
          "test_f1_std": 0.05731579693879214,
          "test_kappa_mean": 0.08044578495058279,
          "test_kappa_std": 0.09374574129022185,
          "confusion_matrix": [
            [
              50.83333333333333,
              33.33333333333333,
              15.833333333333332
            ],
            [
              20.769230769230766,
              50.00000000000001,
              29.230769230769234
            ],
            [
              0.0,
              83.07692307692308,
              16.923076923076923
            ]
          ]
        },
        {
          "participant": "3236",
          "train_size": 1,
          "n_seeds": 10,
          "n_train_samples_mean": 3.0,
          "n_test_samples_mean": 31.0,
          "test_acc_mean": 0.7225806451612904,
          "test_acc_std": 0.0272023884745667,
          "test_bal_acc_mean": 0.6564102564102563,
          "test_bal_acc_std": 0.02162241135157868,
          "test_f1_mean": 0.7108811647311597,
          "test_f1_std": 0.029659864739107103,
          "test_kappa_mean": 0.5355400696864111,
          "test_kappa_std": 0.0455426747805899,
          "confusion_matrix": [
            [
              56.92307692307692,
              0.0,
              43.07692307692308
            ],
            [
              0.0,
              40.0,
              60.0
            ],
            [
              0.0,
              0.0,
              100.0
            ]
          ]
        },
        {
          "participant": "3237",
          "train_size": 1,
          "n_seeds": 10,
          "n_train_samples_mean": 3.0,
          "n_test_samples_mean": 36.0,
          "test_acc_mean": 0.5916666666666667,
          "test_acc_std": 0.08491301124526203,
          "test_bal_acc_mean": 0.5807692307692307,
          "test_bal_acc_std": 0.0865339768807364,
          "test_f1_mean": 0.5741820435405015,
          "test_f1_std": 0.0935990821300521,
          "test_kappa_mean": 0.38326602675880866,
          "test_kappa_std": 0.12486756269685935,
          "confusion_matrix": [
            [
              57.6923076923077,
              23.076923076923077,
              19.230769230769234
            ],
            [
              25.0,
              45.0,
              30.0
            ],
            [
              10.0,
              18.46153846153846,
              71.53846153846153
            ]
          ]
        },
        {
          "participant": "3238",
          "train_size": 1,
          "n_seeds": 10,
          "n_train_samples_mean": 3.0,
          "n_test_samples_mean": 39.0,
          "test_acc_mean": 0.5256410256410255,
          "test_acc_std": 0.08396103719824145,
          "test_bal_acc_mean": 0.5256410256410257,
          "test_bal_acc_std": 0.08396103719824144,
          "test_f1_mean": 0.5117666353508465,
          "test_f1_std": 0.10176346277738602,
          "test_kappa_mean": 0.2884615384615385,
          "test_kappa_std": 0.1259415557973622,
          "confusion_matrix": [
            [
              34.61538461538461,
              62.30769230769231,
              3.076923076923077
            ],
            [
              0.0,
              70.76923076923077,
              29.230769230769226
            ],
            [
              3.076923076923077,
              44.61538461538462,
              52.30769230769231
            ]
          ]
        },
        {
          "participant": "3239",
          "train_size": 1,
          "n_seeds": 10,
          "n_train_samples_mean": 3.0,
          "n_test_samples_mean": 38.0,
          "test_acc_mean": 0.6868421052631579,
          "test_acc_std": 0.07386152433340663,
          "test_bal_acc_mean": 0.6920940170940171,
          "test_bal_acc_std": 0.07185229524208497,
          "test_f1_mean": 0.686374172001776,
          "test_f1_std": 0.08163085407641374,
          "test_kappa_mean": 0.5346468823068504,
          "test_kappa_std": 0.1084016268639755,
          "confusion_matrix": [
            [
              69.23076923076924,
              30.769230769230766,
              0.0
            ],
            [
              10.83333333333333,
              89.16666666666666,
              0.0
            ],
            [
              1.5384615384615385,
              49.23076923076924,
              49.23076923076923
            ]
          ]
        },
        {
          "participant": "3240",
          "train_size": 1,
          "n_seeds": 10,
          "n_train_samples_mean": 3.0,
          "n_test_samples_mean": 37.0,
          "test_acc_mean": 0.6513513513513514,
          "test_acc_std": 0.032357270263185516,
          "test_bal_acc_mean": 0.6497863247863247,
          "test_bal_acc_std": 0.03297113098031545,
          "test_f1_mean": 0.6516640860920037,
          "test_f1_std": 0.032451259806216305,
          "test_kappa_mean": 0.4770683201507425,
          "test_kappa_std": 0.04892060639717402,
          "confusion_matrix": [
            [
              56.66666666666667,
              8.333333333333332,
              34.99999999999999
            ],
            [
              12.307692307692308,
              70.76923076923076,
              16.923076923076923
            ],
            [
              15.833333333333332,
              16.666666666666664,
              67.5
            ]
          ]
        },
        {
          "participant": "3241",
          "train_size": 1,
          "n_seeds": 10,
          "n_train_samples_mean": 3.0,
          "n_test_samples_mean": 39.0,
          "test_acc_mean": 0.3743589743589744,
          "test_acc_std": 0.03860372577995287,
          "test_bal_acc_mean": 0.3743589743589744,
          "test_bal_acc_std": 0.038603725779952885,
          "test_f1_mean": 0.3262028536913493,
          "test_f1_std": 0.055944935619506704,
          "test_kappa_mean": 0.06153846153846154,
          "test_kappa_std": 0.05790558866992933,
          "confusion_matrix": [
            [
              52.30769230769231,
              1.5384615384615385,
              46.15384615384615
            ],
            [
              28.46153846153846,
              10.76923076923077,
              60.76923076923076
            ],
            [
              45.384615384615394,
              5.384615384615385,
              49.230769230769226
            ]
          ]
        },
        {
          "participant": "3242",
          "train_size": 1,
          "n_seeds": 10,
          "n_train_samples_mean": 3.0,
          "n_test_samples_mean": 39.0,
          "test_acc_mean": 0.4025641025641026,
          "test_acc_std": 0.06735346429007023,
          "test_bal_acc_mean": 0.4025641025641026,
          "test_bal_acc_std": 0.06735346429007025,
          "test_f1_mean": 0.31255600713207193,
          "test_f1_std": 0.07542183162180652,
          "test_kappa_mean": 0.10384615384615381,
          "test_kappa_std": 0.10103019643510534,
          "confusion_matrix": [
            [
              82.3076923076923,
              11.538461538461538,
              6.153846153846154
            ],
            [
              61.53846153846153,
              38.46153846153846,
              0.0
            ],
            [
              85.38461538461539,
              14.615384615384617,
              0.0
            ]
          ]
        },
        {
          "participant": "3243",
          "train_size": 1,
          "n_seeds": 10,
          "n_train_samples_mean": 3.0,
          "n_test_samples_mean": 38.0,
          "test_acc_mean": 0.47894736842105257,
          "test_acc_std": 0.05520046569316588,
          "test_bal_acc_mean": 0.48910256410256403,
          "test_bal_acc_std": 0.05304666195506673,
          "test_f1_mean": 0.4472428514694428,
          "test_f1_std": 0.07614899627904971,
          "test_kappa_mean": 0.2302330260076339,
          "test_kappa_std": 0.07960667795012746,
          "confusion_matrix": [
            [
              87.5,
              12.499999999999996,
              0.0
            ],
            [
              68.46153846153848,
              31.538461538461537,
              0.0
            ],
            [
              60.0,
              12.307692307692308,
              27.69230769230769
            ]
          ]
        },
        {
          "participant": "3244",
          "train_size": 1,
          "n_seeds": 10,
          "n_train_samples_mean": 3.0,
          "n_test_samples_mean": 39.0,
          "test_acc_mean": 0.47179487179487173,
          "test_acc_std": 0.03666258220432002,
          "test_bal_acc_mean": 0.4717948717948718,
          "test_bal_acc_std": 0.036662582204320025,
          "test_f1_mean": 0.46068978153228957,
          "test_f1_std": 0.0453534405575509,
          "test_kappa_mean": 0.2076923076923077,
          "test_kappa_std": 0.05499387330648006,
          "confusion_matrix": [
            [
              62.30769230769231,
              1.5384615384615385,
              36.153846153846146
            ],
            [
              34.61538461538461,
              43.07692307692308,
              22.307692307692303
            ],
            [
              51.53846153846153,
              12.307692307692308,
              36.15384615384615
            ]
          ]
        },
        {
          "participant": "3245",
          "train_size": 1,
          "n_seeds": 10,
          "n_train_samples_mean": 3.0,
          "n_test_samples_mean": 37.0,
          "test_acc_mean": 0.6810810810810811,
          "test_acc_std": 0.035582734519155876,
          "test_bal_acc_mean": 0.6755244755244755,
          "test_bal_acc_std": 0.031017808733177048,
          "test_f1_mean": 0.6836955891464767,
          "test_f1_std": 0.03668847507042279,
          "test_kappa_mean": 0.5215124259091377,
          "test_kappa_std": 0.051924147814402986,
          "confusion_matrix": [
            [
              69.23076923076924,
              1.5384615384615385,
              29.230769230769234
            ],
            [
              8.461538461538462,
              76.15384615384616,
              15.384615384615383
            ],
            [
              0.0,
              42.727272727272734,
              57.272727272727266
            ]
          ]
        },
        {
          "participant": "3246",
          "train_size": 1,
          "n_seeds": 10,
          "n_train_samples_mean": 3.0,
          "n_test_samples_mean": 39.0,
          "test_acc_mean": 0.3230769230769231,
          "test_acc_std": 0.05156616454358413,
          "test_bal_acc_mean": 0.3230769230769231,
          "test_bal_acc_std": 0.051566164543584106,
          "test_f1_mean": 0.3198135150131704,
          "test_f1_std": 0.05127775275094804,
          "test_kappa_mean": -0.01538461538461543,
          "test_kappa_std": 0.0773492468153762,
          "confusion_matrix": [
            [
              19.23076923076923,
              3.846153846153846,
              76.92307692307693
            ],
            [
              50.76923076923076,
              40.769230769230774,
              8.461538461538462
            ],
            [
              23.07692307692308,
              40.0,
              36.923076923076934
            ]
          ]
        },
        {
          "participant": "3247",
          "train_size": 1,
          "n_seeds": 10,
          "n_train_samples_mean": 3.0,
          "n_test_samples_mean": 39.0,
          "test_acc_mean": 0.39230769230769236,
          "test_acc_std": 0.04018003170442106,
          "test_bal_acc_mean": 0.39230769230769236,
          "test_bal_acc_std": 0.04018003170442106,
          "test_f1_mean": 0.3582753272457719,
          "test_f1_std": 0.044915079839197514,
          "test_kappa_mean": 0.08846153846153845,
          "test_kappa_std": 0.06027004755663159,
          "confusion_matrix": [
            [
              45.38461538461539,
              13.076923076923077,
              41.53846153846153
            ],
            [
              73.07692307692307,
              16.153846153846153,
              10.76923076923077
            ],
            [
              29.230769230769234,
              14.615384615384617,
              56.15384615384615
            ]
          ]
        },
        {
          "participant": "3248",
          "train_size": 1,
          "n_seeds": 10,
          "n_train_samples_mean": 3.0,
          "n_test_samples_mean": 38.0,
          "test_acc_mean": 0.5157894736842105,
          "test_acc_std": 0.06349810902053986,
          "test_bal_acc_mean": 0.5185897435897435,
          "test_bal_acc_std": 0.06510026058484611,
          "test_f1_mean": 0.47980593288494733,
          "test_f1_std": 0.06432116698211235,
          "test_kappa_mean": 0.27191861059533184,
          "test_kappa_std": 0.09659679966304513,
          "confusion_matrix": [
            [
              62.499999999999986,
              0.8333333333333333,
              36.66666666666667
            ],
            [
              13.076923076923077,
              19.23076923076923,
              67.6923076923077
            ],
            [
              10.0,
              16.153846153846153,
              73.84615384615385
            ]
          ]
        },
        {
          "participant": "3250",
          "train_size": 1,
          "n_seeds": 10,
          "n_train_samples_mean": 3.0,
          "n_test_samples_mean": 39.0,
          "test_acc_mean": 0.5179487179487179,
          "test_acc_std": 0.035856712757953886,
          "test_bal_acc_mean": 0.5179487179487179,
          "test_bal_acc_std": 0.0358567127579539,
          "test_f1_mean": 0.5009842402219822,
          "test_f1_std": 0.036451507181018916,
          "test_kappa_mean": 0.27692307692307694,
          "test_kappa_std": 0.05378506913693086,
          "confusion_matrix": [
            [
              35.38461538461539,
              7.692307692307692,
              56.92307692307692
            ],
            [
              9.23076923076923,
              80.76923076923077,
              10.0
            ],
            [
              18.46153846153846,
              42.30769230769231,
              39.23076923076923
            ]
          ]
        }
      ]
    },
    {
      "aggregated": {
        "train_size": 2,
        "n_participants": 36,
        "n_seeds": 10,
        "test_acc_mean": 0.5569888426751172,
        "test_acc_std": 0.1329545600298732,
        "test_bal_acc_mean": 0.5493018144407034,
        "test_bal_acc_std": 0.13291810800882237,
        "test_f1_mean": 0.5399104882852668,
        "test_f1_std": 0.14228694176014178,
        "test_kappa_mean": 0.32915567859272926,
        "test_kappa_std": 0.19736686236841167,
        "confusion_matrix": [
          [
            56.70664983164983,
            17.596801346801342,
            25.69654882154882
          ],
          [
            21.58529741863075,
            50.95258136924804,
            27.46212121212121
          ],
          [
            14.840488215488213,
            28.028198653198654,
            57.13131313131313
          ]
        ]
      },
      "per_participant": [
        {
          "participant": "3208",
          "train_size": 2,
          "n_seeds": 10,
          "n_train_samples_mean": 6.0,
          "n_test_samples_mean": 36.0,
          "test_acc_mean": 0.5888888888888888,
          "test_acc_std": 0.05524605144509739,
          "test_bal_acc_mean": 0.5888888888888888,
          "test_bal_acc_std": 0.055246051445097394,
          "test_f1_mean": 0.5807139841307208,
          "test_f1_std": 0.05843366401304902,
          "test_kappa_mean": 0.3833333333333333,
          "test_kappa_std": 0.08286907716764612,
          "confusion_matrix": [
            [
              39.16666666666666,
              40.833333333333336,
              19.999999999999996
            ],
            [
              0.0,
              61.666666666666664,
              38.33333333333333
            ],
            [
              0.0,
              24.166666666666664,
              75.83333333333334
            ]
          ]
        },
        {
          "participant": "3209",
          "train_size": 2,
          "n_seeds": 10,
          "n_train_samples_mean": 6.0,
          "n_test_samples_mean": 35.0,
          "test_acc_mean": 0.5342857142857141,
          "test_acc_std": 0.0713332697564724,
          "test_bal_acc_mean": 0.5199494949494949,
          "test_bal_acc_std": 0.06953952271005208,
          "test_f1_mean": 0.47094276584071404,
          "test_f1_std": 0.06339684678695644,
          "test_kappa_mean": 0.29318815759242745,
          "test_kappa_std": 0.10796358483519072,
          "confusion_matrix": [
            [
              86.66666666666669,
              0.0,
              13.333333333333329
            ],
            [
              30.0,
              67.5,
              2.4999999999999996
            ],
            [
              93.63636363636364,
              4.545454545454546,
              1.8181818181818183
            ]
          ]
        },
        {
          "participant": "3214",
          "train_size": 2,
          "n_seeds": 10,
          "n_train_samples_mean": 6.0,
          "n_test_samples_mean": 36.0,
          "test_acc_mean": 0.41111111111111115,
          "test_acc_std": 0.02552601620757448,
          "test_bal_acc_mean": 0.4111111111111111,
          "test_bal_acc_std": 0.025526016207574498,
          "test_f1_mean": 0.343119257504758,
          "test_f1_std": 0.03243209707010731,
