{
  "name": "gsr",
  "config": {
    "n_seeds": 10,
    "feature_selection": "backward",
    "use_pca": false,
    "pca_variance": 0.95,
    "write_cm": true,
    "tune_hyperparameters": false,
    "tune_n_iter": 30,
    "tune_cv_folds": 5,
    "use_pose_derivatives": true,
    "use_time_features": false,
    "class_config": "all",
    "include_order": false,
    "name": "gsr",
    "feature_groups": [
      "gsr"
    ],
    "split_strategy": "participant_specific",
    "sampling_strategy": "temporal_stratified"
  },
  "sampling_strategy": "temporal_stratified",
  "n_seeds": 10,
  "learning_curve": [
    {
      "aggregated": {
        "train_size": 1,
        "n_participants": 40,
        "n_seeds": 10,
        "test_acc_mean": 0.378988256841198,
        "test_acc_std": 0.08873365505800725,
        "test_bal_acc_mean": 0.37602742165242165,
        "test_bal_acc_std": 0.08784862448359831,
        "test_f1_mean": 0.34058827082496385,
        "test_f1_std": 0.09867255623158,
        "test_kappa_mean": 0.06743254645351945,
        "test_kappa_std": 0.13061975713059995,
        "confusion_matrix": [
          [
            37.153846153846175,
            30.53846153846153,
            32.3076923076923
          ],
          [
            28.976495726495735,
            39.630341880341874,
            31.393162393162402
          ],
          [
            30.4375,
            33.53846153846154,
            36.02403846153847
          ]
        ]
      },
      "per_participant": [
        {
          "participant": "3208",
          "train_size": 1,
          "n_seeds": 10,
          "n_train_samples_mean": 3.0,
          "n_test_samples_mean": 39.0,
          "test_acc_mean": 0.31794871794871793,
          "test_acc_std": 0.04221910781274691,
          "test_bal_acc_mean": 0.31794871794871793,
          "test_bal_acc_std": 0.0422191078127469,
          "test_f1_mean": 0.29618030423944103,
          "test_f1_std": 0.033721672785846084,
          "test_kappa_mean": -0.023076923076923106,
          "test_kappa_std": 0.06332866171912035,
          "confusion_matrix": [
            [
              7.692307692307692,
              32.30769230769231,
              60.0
            ],
            [
              33.07692307692308,
              50.0,
              16.923076923076923
            ],
            [
              21.538461538461537,
              40.76923076923077,
              37.69230769230769
            ]
          ]
        },
        {
          "participant": "3209",
          "train_size": 1,
          "n_seeds": 10,
          "n_train_samples_mean": 3.0,
          "n_test_samples_mean": 39.0,
          "test_acc_mean": 0.5,
          "test_acc_std": 0.02179068168202044,
          "test_bal_acc_mean": 0.5,
          "test_bal_acc_std": 0.021790681682020422,
          "test_f1_mean": 0.49406939064833805,
          "test_f1_std": 0.031515669322765796,
          "test_kappa_mean": 0.25,
          "test_kappa_std": 0.032686022523030746,
          "confusion_matrix": [
            [
              29.230769230769234,
              0.0,
              70.76923076923076
            ],
            [
              0.0,
              47.692307692307686,
              52.30769230769231
            ],
            [
              3.846153846153846,
              23.076923076923073,
              73.07692307692307
            ]
          ]
        },
        {
          "participant": "3210",
          "train_size": 1,
          "n_seeds": 10,
          "n_train_samples_mean": 3.0,
          "n_test_samples_mean": 39.0,
          "test_acc_mean": 0.5128205128205128,
          "test_acc_std": 0.06280742930213276,
          "test_bal_acc_mean": 0.5128205128205128,
          "test_bal_acc_std": 0.06280742930213278,
          "test_f1_mean": 0.5009213667840927,
          "test_f1_std": 0.0655630717793339,
          "test_kappa_mean": 0.26923076923076916,
          "test_kappa_std": 0.09421114395319917,
          "confusion_matrix": [
            [
              60.76923076923076,
              22.307692307692307,
              16.923076923076923
            ],
            [
              34.61538461538461,
              56.15384615384615,
              9.23076923076923
            ],
            [
              20.769230769230766,
              42.30769230769231,
              36.92307692307692
            ]
          ]
        },
        {
          "participant": "3214",
          "train_size": 1,
          "n_seeds": 10,
          "n_train_samples_mean": 3.0,
          "n_test_samples_mean": 39.0,
          "test_acc_mean": 0.35641025641025637,
          "test_acc_std": 0.02549817759004496,
          "test_bal_acc_mean": 0.35641025641025637,
          "test_bal_acc_std": 0.025498177590044975,
          "test_f1_mean": 0.21886340475135474,
          "test_f1_std": 0.05098953270489809,
          "test_kappa_mean": 0.03461538461538458,
          "test_kappa_std": 0.03824726638506758,
          "confusion_matrix": [
            [
              98.46153846153845,
              0.0,
              1.5384615384615385
            ],
            [
              93.84615384615384,
              1.5384615384615385,
              4.615384615384615
            ],
            [
              84.61538461538461,
              8.461538461538462,
              6.9230769230769225
            ]
          ]
        },
        {
          "participant": "3215",
          "train_size": 1,
          "n_seeds": 10,
          "n_train_samples_mean": 3.0,
          "n_test_samples_mean": 39.0,
          "test_acc_mean": 0.2666666666666667,
          "test_acc_std": 0.050129498456804034,
          "test_bal_acc_mean": 0.2666666666666667,
          "test_bal_acc_std": 0.05012949845680404,
          "test_f1_mean": 0.24249195669027274,
          "test_f1_std": 0.04122951782115388,
          "test_kappa_mean": -0.09999999999999995,
          "test_kappa_std": 0.075194247685206,
          "confusion_matrix": [
            [
              34.61538461538461,
              14.615384615384613,
              50.76923076923076
            ],
            [
              39.23076923076923,
              7.692307692307692,
              53.07692307692307
            ],
            [
              46.92307692307693,
              15.384615384615383,
              37.69230769230769
            ]
          ]
        },
        {
          "participant": "3216",
          "train_size": 1,
          "n_seeds": 10,
          "n_train_samples_mean": 3.0,
          "n_test_samples_mean": 39.0,
          "test_acc_mean": 0.25641025641025633,
          "test_acc_std": 0.03418803418803419,
          "test_bal_acc_mean": 0.2564102564102565,
          "test_bal_acc_std": 0.034188034188034185,
          "test_f1_mean": 0.23341977225180782,
          "test_f1_std": 0.02890616147436062,
          "test_kappa_mean": -0.11538461538461539,
          "test_kappa_std": 0.05128205128205128,
          "confusion_matrix": [
            [
              28.46153846153846,
              35.38461538461538,
              36.15384615384615
            ],
            [
              64.61538461538461,
              0.7692307692307693,
              34.61538461538462
            ],
            [
              29.230769230769226,
              23.076923076923077,
              47.69230769230769
            ]
          ]
        },
        {
          "participant": "3217",
          "train_size": 1,
          "n_seeds": 10,
          "n_train_samples_mean": 3.0,
          "n_test_samples_mean": 39.0,
          "test_acc_mean": 0.3358974358974359,
          "test_acc_std": 0.04090080722736888,
          "test_bal_acc_mean": 0.3358974358974359,
          "test_bal_acc_std": 0.04090080722736889,
          "test_f1_mean": 0.3176349434970125,
          "test_f1_std": 0.04154118203897645,
          "test_kappa_mean": 0.00384615384615391,
          "test_kappa_std": 0.06135121084105327,
          "confusion_matrix": [
            [
              25.384615384615383,
              37.69230769230769,
              36.92307692307692
            ],
            [
              0.0,
              19.23076923076923,
              80.76923076923079
            ],
            [
              30.769230769230766,
              13.076923076923077,
              56.15384615384615
            ]
          ]
        },
        {
          "participant": "3218",
          "train_size": 1,
          "n_seeds": 10,
          "n_train_samples_mean": 3.0,
          "n_test_samples_mean": 39.0,
          "test_acc_mean": 0.33333333333333337,
          "test_acc_std": 0.01709401709401709,
          "test_bal_acc_mean": 0.33333333333333337,
          "test_bal_acc_std": 0.0170940170940171,
          "test_f1_mean": 0.24263002407378348,
          "test_f1_std": 0.023081262456846174,
          "test_kappa_mean": -3.3306690738754695e-17,
          "test_kappa_std": 0.025641025641025605,
          "confusion_matrix": [
            [
              85.3846153846154,
              0.0,
              14.615384615384617
            ],
            [
              53.07692307692308,
              0.0,
              46.92307692307692
            ],
            [
              65.38461538461539,
              20.0,
              14.615384615384617
            ]
          ]
        },
        {
          "participant": "3219",
          "train_size": 1,
          "n_seeds": 10,
          "n_train_samples_mean": 3.0,
          "n_test_samples_mean": 34.0,
          "test_acc_mean": 0.4117647058823529,
          "test_acc_std": 0.03100272215851353,
          "test_bal_acc_mean": 0.375,
          "test_bal_acc_std": 0.027028014189473287,
          "test_f1_mean": 0.37106311813808224,
          "test_f1_std": 0.031218649476623613,
          "test_kappa_mean": 0.08380646159719075,
          "test_kappa_std": 0.04203536720286511,
          "confusion_matrix": [
            [
              78.46153846153847,
              0.0,
              21.53846153846154
            ],
            [
              64.61538461538461,
              21.538461538461537,
              13.846153846153845
            ],
            [
              87.5,
              0.0,
              12.5
            ]
          ]
        },
        {
          "participant": "3220",
          "train_size": 1,
          "n_seeds": 10,
          "n_train_samples_mean": 3.0,
          "n_test_samples_mean": 39.0,
          "test_acc_mean": 0.43589743589743585,
          "test_acc_std": 0.04522651813785625,
          "test_bal_acc_mean": 0.43589743589743596,
          "test_bal_acc_std": 0.04522651813785625,
          "test_f1_mean": 0.3549891258493799,
          "test_f1_std": 0.03700207921144526,
          "test_kappa_mean": 0.15384615384615383,
          "test_kappa_std": 0.06783977720678434,
          "confusion_matrix": [
            [
              59.23076923076924,
              40.76923076923077,
              0.0
            ],
            [
              16.923076923076923,
              71.53846153846152,
              11.538461538461538
            ],
            [
              34.61538461538461,
              65.38461538461539,
              0.0
            ]
          ]
        },
        {
          "participant": "3221",
          "train_size": 1,
          "n_seeds": 10,
          "n_train_samples_mean": 3.0,
          "n_test_samples_mean": 39.0,
          "test_acc_mean": 0.3666666666666667,
          "test_acc_std": 0.048424668287915536,
          "test_bal_acc_mean": 0.3666666666666667,
          "test_bal_acc_std": 0.048424668287915536,
          "test_f1_mean": 0.3428341079631382,
          "test_f1_std": 0.041536760788303914,
          "test_kappa_mean": 0.04999999999999995,
          "test_kappa_std": 0.07263700243187332,
          "confusion_matrix": [
            [
              28.46153846153846,
              28.461538461538463,
              43.07692307692308
            ],
            [
              29.230769230769226,
              52.30769230769231,
              18.46153846153846
            ],
            [
              26.923076923076923,
              43.84615384615384,
              29.230769230769226
            ]
          ]
        },
        {
          "participant": "3222",
          "train_size": 1,
          "n_seeds": 10,
          "n_train_samples_mean": 3.0,
          "n_test_samples_mean": 35.0,
          "test_acc_mean": 0.2657142857142857,
          "test_acc_std": 0.11975030711618974,
          "test_bal_acc_mean": 0.28404558404558405,
          "test_bal_acc_std": 0.09533688557613279,
          "test_f1_mean": 0.21469731453941981,
          "test_f1_std": 0.09314589499791795,
          "test_kappa_mean": -0.041297682717576334,
          "test_kappa_std": 0.13489043445122717,
          "confusion_matrix": [
            [
              0.0,
              83.07692307692307,
              16.923076923076923
            ],
            [
              44.44444444444445,
              44.44444444444444,
              11.11111111111111
            ],
            [
              0.0,
              59.23076923076924,
              40.76923076923076
            ]
          ]
        },
        {
          "participant": "3223",
          "train_size": 1,
          "n_seeds": 10,
          "n_train_samples_mean": 3.0,
          "n_test_samples_mean": 39.0,
          "test_acc_mean": 0.32564102564102565,
          "test_acc_std": 0.036362474164414786,
          "test_bal_acc_mean": 0.32564102564102565,
          "test_bal_acc_std": 0.03636247416441477,
          "test_f1_mean": 0.3114837265432428,
          "test_f1_std": 0.02842661788342054,
          "test_kappa_mean": -0.011538461538461553,
          "test_kappa_std": 0.05454371124662217,
          "confusion_matrix": [
            [
              48.46153846153847,
              27.69230769230769,
              23.846153846153843
            ],
            [
              23.076923076923073,
              6.9230769230769225,
              70.0
            ],
            [
              19.999999999999996,
              37.692307692307686,
              42.30769230769231
            ]
          ]
        },
        {
          "participant": "3224",
          "train_size": 1,
          "n_seeds": 10,
          "n_train_samples_mean": 3.0,
          "n_test_samples_mean": 39.0,
          "test_acc_mean": 0.3153846153846153,
          "test_acc_std": 0.02716281808900975,
          "test_bal_acc_mean": 0.3153846153846153,
          "test_bal_acc_std": 0.02716281808900974,
          "test_f1_mean": 0.25385151438654097,
          "test_f1_std": 0.051339916289729164,
          "test_kappa_mean": -0.02692307692307696,
          "test_kappa_std": 0.04074422713351462,
          "confusion_matrix": [
            [
              27.69230769230769,
              51.53846153846155,
              20.76923076923077
            ],
            [
              23.846153846153847,
              63.84615384615383,
              12.307692307692308
            ],
            [
              43.84615384615385,
              53.07692307692307,
              3.076923076923077
            ]
          ]
        },
        {
          "participant": "3225",
          "train_size": 1,
          "n_seeds": 10,
          "n_train_samples_mean": 3.0,
          "n_test_samples_mean": 39.0,
          "test_acc_mean": 0.4666666666666667,
          "test_acc_std": 0.035856712757953886,
          "test_bal_acc_mean": 0.4666666666666667,
          "test_bal_acc_std": 0.035856712757953886,
          "test_f1_mean": 0.3650568533514897,
          "test_f1_std": 0.047336383373225474,
          "test_kappa_mean": 0.19999999999999998,
          "test_kappa_std": 0.0537850691369309,
          "confusion_matrix": [
            [
              3.076923076923077,
              50.76923076923076,
              46.15384615384615
            ],
            [
              0.0,
              36.92307692307692,
              63.07692307692307
            ],
            [
              0.0,
              0.0,
              100.0
            ]
          ]
        },
        {
          "participant": "3226",
          "train_size": 1,
          "n_seeds": 10,
          "n_train_samples_mean": 3.0,
          "n_test_samples_mean": 39.0,
          "test_acc_mean": 0.36923076923076925,
          "test_acc_std": 0.021622411351578667,
          "test_bal_acc_mean": 0.36923076923076925,
          "test_bal_acc_std": 0.02162241135157867,
          "test_f1_mean": 0.3177127363215509,
          "test_f1_std": 0.03491404626945089,
          "test_kappa_mean": 0.05384615384615379,
          "test_kappa_std": 0.032433617027368015,
          "confusion_matrix": [
            [
              71.53846153846155,
              10.76923076923077,
              17.692307692307693
            ],
            [
              49.23076923076922,
              35.38461538461539,
              15.384615384615383
            ],
            [
              76.15384615384616,
              20.0,
              3.846153846153846
            ]
          ]
        },
        {
          "participant": "3227",
          "train_size": 1,
          "n_seeds": 10,
          "n_train_samples_mean": 3.0,
          "n_test_samples_mean": 39.0,
          "test_acc_mean": 0.28205128205128205,
          "test_acc_std": 0.0,
          "test_bal_acc_mean": 0.28205128205128205,
          "test_bal_acc_std": 5.851389114294502e-17,
          "test_f1_mean": 0.25912262369612643,
          "test_f1_std": 0.0008642739374556865,
          "test_kappa_mean": -0.07692307692307687,
          "test_kappa_std": 0.0,
          "confusion_matrix": [
            [
              46.153846153846146,
              9.23076923076923,
              44.61538461538463
            ],
            [
              23.076923076923073,
              7.692307692307692,
              69.23076923076924
            ],
            [
              61.53846153846153,
              7.692307692307692,
              30.769230769230766
            ]
          ]
        },
        {
          "participant": "3228",
          "train_size": 1,
          "n_seeds": 10,
          "n_train_samples_mean": 3.0,
          "n_test_samples_mean": 30.0,
          "test_acc_mean": 0.4333333333333333,
          "test_acc_std": 0.03513641844631532,
          "test_bal_acc_mean": 0.33333333333333337,
          "test_bal_acc_std": 0.027028014189473322,
          "test_f1_mean": 0.439971681096681,
          "test_f1_std": 0.02157187030400106,
          "test_kappa_mean": 0.08171615618424122,
          "test_kappa_std": 0.04128138945352699,
          "confusion_matrix": [
            [
              0.0,
              100.0,
              0.0
            ],
            [
              23.076923076923077,
              60.76923076923076,
              16.153846153846153
            ],
            [
              15.384615384615383,
              45.38461538461537,
              39.230769230769226
            ]
          ]
        },
        {
          "participant": "3229",
          "train_size": 1,
          "n_seeds": 10,
          "n_train_samples_mean": 3.0,
          "n_test_samples_mean": 39.0,
          "test_acc_mean": 0.3923076923076923,
          "test_acc_std": 0.059277062852648554,
          "test_bal_acc_mean": 0.3923076923076923,
          "test_bal_acc_std": 0.059277062852648554,
          "test_f1_mean": 0.38449847117351726,
          "test_f1_std": 0.06909977155301178,
          "test_kappa_mean": 0.08846153846153845,
          "test_kappa_std": 0.08891559427897285,
          "confusion_matrix": [
            [
              70.76923076923077,
              0.0,
              29.230769230769226
            ],
            [
              0.0,
              15.384615384615383,
              84.61538461538461
            ],
            [
              20.769230769230766,
              47.6923076923077,
              31.53846153846154
            ]
          ]
        },
        {
          "participant": "3230",
          "train_size": 1,
          "n_seeds": 10,
          "n_train_samples_mean": 3.0,
          "n_test_samples_mean": 39.0,
          "test_acc_mean": 0.4435897435897436,
          "test_acc_std": 0.017306373274629576,
          "test_bal_acc_mean": 0.4435897435897435,
          "test_bal_acc_std": 0.017306373274629572,
          "test_f1_mean": 0.3907451672225168,
          "test_f1_std": 0.020349871350347343,
          "test_kappa_mean": 0.1653846153846154,
          "test_kappa_std": 0.025959559911944326,
          "confusion_matrix": [
            [
              36.15384615384615,
              0.0,
              63.846153846153854
            ],
            [
              62.30769230769231,
              12.307692307692308,
              25.38461538461538
            ],
            [
              15.384615384615383,
              0.0,
              84.61538461538463
            ]
          ]
        },
        {
          "participant": "3231",
          "train_size": 1,
          "n_seeds": 10,
          "n_train_samples_mean": 3.0,
          "n_test_samples_mean": 39.0,
          "test_acc_mean": 0.36923076923076925,
          "test_acc_std": 0.021622411351578667,
          "test_bal_acc_mean": 0.36923076923076925,
          "test_bal_acc_std": 0.02162241135157868,
          "test_f1_mean": 0.3678787903668582,
          "test_f1_std": 0.026653639777703915,
          "test_kappa_mean": 0.05384615384615382,
          "test_kappa_std": 0.032433617027367995,
          "confusion_matrix": [
            [
              27.69230769230769,
              60.0,
              12.307692307692308
            ],
            [
              23.076923076923073,
              38.46153846153846,
              38.46153846153846
            ],
            [
              16.923076923076923,
              38.46153846153846,
              44.615384615384606
            ]
          ]
        },
        {
          "participant": "3232",
          "train_size": 1,
          "n_seeds": 10,
          "n_train_samples_mean": 3.0,
          "n_test_samples_mean": 39.0,
          "test_acc_mean": 0.3871794871794872,
          "test_acc_std": 0.04432923924748697,
          "test_bal_acc_mean": 0.3871794871794872,
          "test_bal_acc_std": 0.044329239247486975,
          "test_f1_mean": 0.34344852288033834,
          "test_f1_std": 0.05559167471677387,
          "test_kappa_mean": 0.08076923076923076,
          "test_kappa_std": 0.06649385887123048,
          "confusion_matrix": [
            [
              10.76923076923077,
              12.307692307692308,
              76.92307692307692
            ],
            [
              15.384615384615383,
              84.61538461538463,
              0.0
            ],
            [
              30.769230769230766,
              48.46153846153846,
              20.76923076923077
            ]
          ]
        },
        {
          "participant": "3233",
          "train_size": 1,
          "n_seeds": 10,
          "n_train_samples_mean": 3.0,
          "n_test_samples_mean": 39.0,
          "test_acc_mean": 0.4128205128205128,
          "test_acc_std": 0.018919609932631327,
          "test_bal_acc_mean": 0.41282051282051285,
          "test_bal_acc_std": 0.01891960993263133,
          "test_f1_mean": 0.36927589234504454,
          "test_f1_std": 0.02385393825761089,
          "test_kappa_mean": 0.11923076923076925,
          "test_kappa_std": 0.028379414898947013,
          "confusion_matrix": [
            [
              11.538461538461538,
              14.615384615384617,
              73.84615384615384
            ],
            [
              18.46153846153846,
              36.92307692307692,
              44.61538461538461
            ],
            [
              1.5384615384615385,
              23.076923076923073,
              75.38461538461539
            ]
          ]
        },
        {
          "participant": "3234",
          "train_size": 1,
          "n_seeds": 10,
          "n_train_samples_mean": 3.0,
          "n_test_samples_mean": 39.0,
          "test_acc_mean": 0.46923076923076923,
          "test_acc_std": 0.01730637327462955,
          "test_bal_acc_mean": 0.46923076923076923,
          "test_bal_acc_std": 0.01730637327462959,
          "test_f1_mean": 0.4320560837685619,
          "test_f1_std": 0.016331570155278842,
          "test_kappa_mean": 0.20384615384615384,
          "test_kappa_std": 0.025959559911944326,
          "confusion_matrix": [
            [
              15.384615384615383,
              39.99999999999999,
              44.61538461538462
            ],
            [
              7.692307692307692,
              74.61538461538463,
              17.69230769230769
            ],
            [
              16.153846153846153,
              33.07692307692308,
              50.76923076923076
            ]
          ]
        },
        {
          "participant": "3235",
          "train_size": 1,
          "n_seeds": 10,
          "n_train_samples_mean": 3.0,
          "n_test_samples_mean": 39.0,
          "test_acc_mean": 0.5564102564102564,
          "test_acc_std": 0.012385792090760213,
          "test_bal_acc_mean": 0.5564102564102564,
          "test_bal_acc_std": 0.012385792090760229,
          "test_f1_mean": 0.5319490443278684,
          "test_f1_std": 0.011561449947457664,
          "test_kappa_mean": 0.33461538461538465,
          "test_kappa_std": 0.018578688136140293,
          "confusion_matrix": [
            [
              30.0,
              15.384615384615383,
              54.61538461538462
            ],
            [
              13.076923076923077,
              86.92307692307693,
              0.0
            ],
            [
              4.615384615384615,
              45.38461538461537,
              50.00000000000001
            ]
          ]
        },
        {
          "participant": "3236",
          "train_size": 1,
          "n_seeds": 10,
          "n_train_samples_mean": 3.0,
          "n_test_samples_mean": 39.0,
          "test_acc_mean": 0.29743589743589743,
          "test_acc_std": 0.021622411351578667,
          "test_bal_acc_mean": 0.29743589743589743,
          "test_bal_acc_std": 0.02162241135157865,
          "test_f1_mean": 0.28659020993992057,
          "test_f1_std": 0.023764499588611165,
          "test_kappa_mean": -0.053846153846153856,
          "test_kappa_std": 0.03243361702736798,
          "confusion_matrix": [
            [
              26.15384615384615,
              15.384615384615383,
              58.46153846153847
            ],
            [
              16.923076923076923,
              15.384615384615383,
              67.69230769230771
            ],
            [
              15.384615384615383,
              36.92307692307692,
              47.69230769230769
            ]
          ]
        },
        {
          "participant": "3237",
          "train_size": 1,
          "n_seeds": 10,
          "n_train_samples_mean": 3.0,
          "n_test_samples_mean": 39.0,
          "test_acc_mean": 0.3051282051282051,
          "test_acc_std": 0.018919609932631327,
          "test_bal_acc_mean": 0.3051282051282051,
          "test_bal_acc_std": 0.01891960993263131,
          "test_f1_mean": 0.27356154481301564,
          "test_f1_std": 0.02689102581895706,
          "test_kappa_mean": -0.04230769230769234,
          "test_kappa_std": 0.028379414898946964,
          "confusion_matrix": [
            [
              47.692307692307686,
              43.07692307692307,
              9.23076923076923
            ],
            [
              47.692307692307686,
              36.92307692307693,
              15.384615384615383
            ],
            [
              36.92307692307692,
              56.15384615384615,
              6.9230769230769225
            ]
          ]
        },
        {
          "participant": "3238",
          "train_size": 1,
          "n_seeds": 10,
          "n_train_samples_mean": 3.0,
          "n_test_samples_mean": 39.0,
          "test_acc_mean": 0.2846153846153846,
          "test_acc_std": 0.02245115476335675,
          "test_bal_acc_mean": 0.2846153846153846,
          "test_bal_acc_std": 0.02245115476335674,
          "test_f1_mean": 0.21169366101530174,
          "test_f1_std": 0.022737414850719485,
          "test_kappa_mean": -0.07307692307692307,
          "test_kappa_std": 0.03367673214503512,
          "confusion_matrix": [
            [
              2.3076923076923075,
              65.38461538461539,
              32.30769230769231
            ],
            [
              3.076923076923077,
              67.69230769230771,
              29.230769230769234
            ],
            [
              0.0,
              84.61538461538461,
              15.384615384615383
            ]
          ]
        },
        {
          "participant": "3239",
          "train_size": 1,
          "n_seeds": 10,
          "n_train_samples_mean": 3.0,
          "n_test_samples_mean": 39.0,
          "test_acc_mean": 0.2666666666666667,
          "test_acc_std": 0.036662582204320025,
          "test_bal_acc_mean": 0.2666666666666667,
          "test_bal_acc_std": 0.036662582204320025,
          "test_f1_mean": 0.2261955587413635,
          "test_f1_std": 0.027394294317902454,
          "test_kappa_mean": -0.09999999999999995,
          "test_kappa_std": 0.054993873306480014,
          "confusion_matrix": [
            [
              40.0,
              43.07692307692307,
              16.923076923076923
            ],
            [
              44.61538461538462,
              38.46153846153847,
              16.923076923076923
            ],
            [
              58.46153846153847,
              39.99999999999999,
              1.5384615384615385
            ]
          ]
        },
        {
          "participant": "3240",
          "train_size": 1,
          "n_seeds": 10,
          "n_train_samples_mean": 3.0,
          "n_test_samples_mean": 39.0,
          "test_acc_mean": 0.3897435897435898,
          "test_acc_std": 0.010811205675789316,
          "test_bal_acc_mean": 0.3897435897435897,
          "test_bal_acc_std": 0.010811205675789316,
          "test_f1_mean": 0.300462892827686,
          "test_f1_std": 0.02211484722086928,
          "test_kappa_mean": 0.08461538461538458,
          "test_kappa_std": 0.016216808513684032,
          "confusion_matrix": [
            [
              84.61538461538463,
              0.0,
              15.384615384615383
            ],
            [
              61.53846153846153,
              1.5384615384615385,
              36.92307692307692
            ],
            [
              69.23076923076924,
              0.0,
              30.769230769230766
            ]
          ]
        },
        {
          "participant": "3241",
          "train_size": 1,
          "n_seeds": 10,
          "n_train_samples_mean": 3.0,
          "n_test_samples_mean": 39.0,
          "test_acc_mean": 0.28205128205128205,
          "test_acc_std": 0.02093580976737759,
          "test_bal_acc_mean": 0.28205128205128205,
          "test_bal_acc_std": 0.020935809767377578,
          "test_f1_mean": 0.23356337158519325,
          "test_f1_std": 0.032986463869209275,
          "test_kappa_mean": -0.0769230769230769,
          "test_kappa_std": 0.031403714651066394,
          "confusion_matrix": [
            [
              37.69230769230769,
              59.23076923076924,
              3.076923076923077
            ],
            [
              55.384615384615394,
              44.61538461538461,
              0.0
            ],
            [
              36.92307692307692,
              60.769230769230774,
              2.3076923076923075
            ]
          ]
        },
        {
          "participant": "3242",
          "train_size": 1,
          "n_seeds": 10,
          "n_train_samples_mean": 3.0,
          "n_test_samples_mean": 39.0,
          "test_acc_mean": 0.3153846153846153,
          "test_acc_std": 0.03209398864191212,
          "test_bal_acc_mean": 0.3153846153846153,
          "test_bal_acc_std": 0.032093988641912125,
          "test_f1_mean": 0.27979279444893984,
          "test_f1_std": 0.04905911219858692,
          "test_kappa_mean": -0.02692307692307696,
          "test_kappa_std": 0.04814098296286818,
          "confusion_matrix": [
            [
              19.230769230769234,
              2.3076923076923075,
              78.46153846153845
            ],
            [
              25.384615384615383,
              15.384615384615383,
              59.23076923076924
            ],
            [
              20.0,
              20.0,
              60.0
            ]
          ]
        },
        {
          "participant": "3243",
          "train_size": 1,
          "n_seeds": 10,
          "n_train_samples_mean": 3.0,
          "n_test_samples_mean": 39.0,
          "test_acc_mean": 0.37435897435897436,
          "test_acc_std": 0.01792835637897695,
          "test_bal_acc_mean": 0.37435897435897436,
          "test_bal_acc_std": 0.01792835637897694,
          "test_f1_mean": 0.3198297498018895,
          "test_f1_std": 0.02355826343082223,
          "test_kappa_mean": 0.06153846153846156,
          "test_kappa_std": 0.026892534568465448,
          "confusion_matrix": [
            [
              33.07692307692308,
              66.92307692307693,
              0.0
            ],
            [
              28.46153846153846,
              71.53846153846156,
              0.0
            ],
            [
              60.76923076923076,
              31.538461538461547,
              7.692307692307692
            ]
          ]
        },
        {
          "participant": "3244",
          "train_size": 1,
          "n_seeds": 10,
          "n_train_samples_mean": 3.0,
          "n_test_samples_mean": 39.0,
          "test_acc_mean": 0.4102564102564103,
          "test_acc_std": 0.061633355136136575,
          "test_bal_acc_mean": 0.4102564102564103,
          "test_bal_acc_std": 0.061633355136136554,
          "test_f1_mean": 0.38341847793193096,
          "test_f1_std": 0.0792340662294263,
          "test_kappa_mean": 0.11538461538461538,
          "test_kappa_std": 0.09245003270420485,
          "confusion_matrix": [
            [
              50.00000000000001,
              15.384615384615383,
              34.61538461538462
            ],
            [
              60.0,
              13.846153846153845,
              26.153846153846153
            ],
            [
              17.692307692307693,
              23.076923076923073,
              59.23076923076924
            ]
          ]
        },
        {
          "participant": "3245",
          "train_size": 1,
          "n_seeds": 10,
          "n_train_samples_mean": 3.0,
          "n_test_samples_mean": 39.0,
          "test_acc_mean": 0.5435897435897435,
          "test_acc_std": 0.03375797890278891,
          "test_bal_acc_mean": 0.5435897435897435,
          "test_bal_acc_std": 0.03375797890278889,
          "test_f1_mean": 0.5275538516213636,
          "test_f1_std": 0.031283087217043766,
          "test_kappa_mean": 0.3153846153846154,
          "test_kappa_std": 0.05063696835418332,
          "confusion_matrix": [
            [
              81.53846153846155,
              13.846153846153845,
              4.615384615384615
            ],
            [
              15.384615384615383,
              56.15384615384615,
              28.461538461538463
            ],
            [
              9.23076923076923,
              65.3846153846154,
              25.38461538461538
            ]
          ]
        },
        {
          "participant": "3246",
          "train_size": 1,
          "n_seeds": 10,
          "n_train_samples_mean": 3.0,
          "n_test_samples_mean": 39.0,
          "test_acc_mean": 0.3487179487179487,
          "test_acc_std": 0.030097122840442758,
          "test_bal_acc_mean": 0.3487179487179487,
          "test_bal_acc_std": 0.030097122840442737,
          "test_f1_mean": 0.30344171961641664,
          "test_f1_std": 0.029435608569959516,
          "test_kappa_mean": 0.02307692307692303,
          "test_kappa_std": 0.04514568426066414,
          "confusion_matrix": [
            [
              6.153846153846154,
              54.61538461538462,
              39.230769230769226
            ],
            [
              6.153846153846154,
              51.53846153846155,
              42.30769230769231
            ],
            [
              12.307692307692308,
              40.76923076923077,
              46.92307692307692
            ]
          ]
        },
        {
          "participant": "3247",
          "train_size": 1,
          "n_seeds": 10,
          "n_train_samples_mean": 3.0,
          "n_test_samples_mean": 39.0,
          "test_acc_mean": 0.4025641025641026,
          "test_acc_std": 0.038318823540957093,
          "test_bal_acc_mean": 0.40256410256410263,
          "test_bal_acc_std": 0.03831882354095708,
          "test_f1_mean": 0.38768306600390556,
          "test_f1_std": 0.028669475513601463,
          "test_kappa_mean": 0.10384615384615385,
          "test_kappa_std": 0.05747823531143564,
          "confusion_matrix": [
            [
              25.38461538461538,
              21.53846153846154,
              53.07692307692308
            ],
            [
              0.0,
              76.92307692307692,
              23.076923076923073
            ],
            [
              66.92307692307692,
              14.615384615384617,
              18.461538461538463
            ]
          ]
        },
        {
          "participant": "3248",
          "train_size": 1,
          "n_seeds": 10,
          "n_train_samples_mean": 3.0,
          "n_test_samples_mean": 39.0,
          "test_acc_mean": 0.47435897435897434,
          "test_acc_std": 0.018130943107347346,
          "test_bal_acc_mean": 0.47435897435897434,
          "test_bal_acc_std": 0.018130943107347412,
          "test_f1_mean": 0.44551811935328606,
          "test_f1_std": 0.022332401657673636,
          "test_kappa_mean": 0.2115384615384615,
          "test_kappa_std": 0.027196414661021066,
          "confusion_matrix": [
            [
              18.46153846153846,
              80.76923076923077,
              0.7692307692307693
            ],
            [
              2.3076923076923075,
              83.84615384615384,
              13.846153846153845
            ],
            [
              0.0,
              60.0,
              39.99999999999999
            ]
          ]
        },
        {
          "participant": "3249",
          "train_size": 1,
          "n_seeds": 10,
          "n_train_samples_mean": 3.0,
          "n_test_samples_mean": 39.0,
          "test_acc_mean": 0.2743589743589744,
          "test_acc_std": 0.017306373274629576,
          "test_bal_acc_mean": 0.2743589743589744,
          "test_bal_acc_std": 0.017306373274629576,
          "test_f1_mean": 0.23805400563807821,
          "test_f1_std": 0.030501468897688868,
          "test_kappa_mean": -0.08846153846153845,
          "test_kappa_std": 0.025959559911944353,
          "confusion_matrix": [
            [
              6.153846153846154,
              46.15384615384615,
              47.69230769230769
            ],
            [
              7.692307692307692,
              24.615384615384613,
              67.6923076923077
            ],
            [
              0.0,
              48.46153846153846,
              51.53846153846153
            ]
          ]
        },
        {
          "participant": "3250",
          "train_size": 1,
          "n_seeds": 10,
          "n_train_samples_mean": 3.0,
          "n_test_samples_mean": 39.0,
