{
  "name": "gsr_ecg",
  "config": {
    "n_seeds": 10,
    "feature_selection": "backward",
    "use_pca": false,
    "pca_variance": 0.95,
    "write_cm": true,
    "tune_hyperparameters": false,
    "tune_n_iter": 30,
    "tune_cv_folds": 5,
    "use_pose_derivatives": true,
    "use_time_features": false,
    "class_config": "all",
    "include_order": false,
    "name": "gsr_ecg",
    "feature_groups": [
      "gsr",
      "ecg"
    ],
    "split_strategy": "participant_specific",
    "sampling_strategy": "temporal_stratified"
  },
  "sampling_strategy": "temporal_stratified",
  "n_seeds": 10,
  "learning_curve": [
    {
      "aggregated": {
        "train_size": 1,
        "n_participants": 37,
        "n_seeds": 10,
        "test_acc_mean": 0.4685887244710773,
        "test_acc_std": 0.10715030927322171,
        "test_bal_acc_mean": 0.4662075537075536,
        "test_bal_acc_std": 0.11027272819674314,
        "test_f1_mean": 0.4311963994563195,
        "test_f1_std": 0.12216866707004746,
        "test_kappa_mean": 0.19765480666478438,
        "test_kappa_std": 0.17234661069251356,
        "confusion_matrix": [
          [
            52.51559251559254,
            17.182952182952185,
            30.301455301455295
          ],
          [
            25.63409563409563,
            39.56340956340957,
            34.8024948024948
          ],
          [
            21.22141372141372,
            30.99532224532224,
            47.78326403326403
          ]
        ]
      },
      "per_participant": [
        {
          "participant": "3208",
          "train_size": 1,
          "n_seeds": 10,
          "n_train_samples_mean": 3.0,
          "n_test_samples_mean": 39.0,
          "test_acc_mean": 0.5641025641025641,
          "test_acc_std": 0.05796863233440401,
          "test_bal_acc_mean": 0.5641025641025641,
          "test_bal_acc_std": 0.05796863233440399,
          "test_f1_mean": 0.5484111871699155,
          "test_f1_std": 0.07069097438033767,
          "test_kappa_mean": 0.34615384615384615,
          "test_kappa_std": 0.08695294850160602,
          "confusion_matrix": [
            [
              34.61538461538462,
              58.461538461538474,
              6.9230769230769225
            ],
            [
              7.692307692307692,
              90.76923076923075,
              1.5384615384615385
            ],
            [
              0.0,
              56.15384615384615,
              43.84615384615385
            ]
          ]
        },
        {
          "participant": "3209",
          "train_size": 1,
          "n_seeds": 10,
          "n_train_samples_mean": 3.0,
          "n_test_samples_mean": 39.0,
          "test_acc_mean": 0.4025641025641026,
          "test_acc_std": 0.046891852049043434,
          "test_bal_acc_mean": 0.4025641025641026,
          "test_bal_acc_std": 0.04689185204904343,
          "test_f1_mean": 0.3268141636174012,
          "test_f1_std": 0.06464569059250276,
          "test_kappa_mean": 0.10384615384615385,
          "test_kappa_std": 0.07033777807356514,
          "confusion_matrix": [
            [
              83.84615384615384,
              16.153846153846153,
              0.0
            ],
            [
              58.461538461538474,
              28.46153846153846,
              13.076923076923077
            ],
            [
              83.07692307692307,
              8.461538461538462,
              8.461538461538462
            ]
          ]
        },
        {
          "participant": "3210",
          "train_size": 1,
          "n_seeds": 10,
          "n_train_samples_mean": 3.0,
          "n_test_samples_mean": 39.0,
          "test_acc_mean": 0.35128205128205126,
          "test_acc_std": 0.029730815608420662,
          "test_bal_acc_mean": 0.35128205128205126,
          "test_bal_acc_std": 0.02973081560842068,
          "test_f1_mean": 0.2521524777028209,
          "test_f1_std": 0.05670607452030425,
          "test_kappa_mean": 0.026923076923076893,
          "test_kappa_std": 0.04459622341263097,
          "confusion_matrix": [
            [
              2.3076923076923075,
              0.0,
              97.6923076923077
            ],
            [
              0.0,
              17.69230769230769,
              82.3076923076923
            ],
            [
              0.0,
              14.615384615384617,
              85.38461538461539
            ]
          ]
        },
        {
          "participant": "3214",
          "train_size": 1,
          "n_seeds": 10,
          "n_train_samples_mean": 3.0,
          "n_test_samples_mean": 39.0,
          "test_acc_mean": 0.3717948717948718,
          "test_acc_std": 0.027695473070119058,
          "test_bal_acc_mean": 0.3717948717948718,
          "test_bal_acc_std": 0.02769547307011907,
          "test_f1_mean": 0.23729701478700224,
          "test_f1_std": 0.041938758196681775,
          "test_kappa_mean": 0.057692307692307675,
          "test_kappa_std": 0.041543209605178606,
          "confusion_matrix": [
            [
              100.0,
              0.0,
              0.0
            ],
            [
              92.30769230769229,
              0.0,
              7.692307692307692
            ],
            [
              88.46153846153845,
              0.0,
              11.538461538461538
            ]
          ]
        },
        {
          "participant": "3215",
          "train_size": 1,
          "n_seeds": 10,
          "n_train_samples_mean": 3.0,
          "n_test_samples_mean": 39.0,
          "test_acc_mean": 0.34102564102564104,
          "test_acc_std": 0.07456009739338253,
          "test_bal_acc_mean": 0.34102564102564104,
          "test_bal_acc_std": 0.07456009739338254,
          "test_f1_mean": 0.3444108145778351,
          "test_f1_std": 0.05588748792523492,
          "test_kappa_mean": 0.01153846153846152,
          "test_kappa_std": 0.11184014609007377,
          "confusion_matrix": [
            [
              62.30769230769231,
              0.0,
              37.69230769230769
            ],
            [
              0.0,
              0.0,
              100.0
            ],
            [
              0.0,
              60.000000000000014,
              39.99999999999999
            ]
          ]
        },
        {
          "participant": "3216",
          "train_size": 1,
          "n_seeds": 10,
          "n_train_samples_mean": 3.0,
          "n_test_samples_mean": 39.0,
          "test_acc_mean": 0.5923076923076922,
          "test_acc_std": 0.04090080722736892,
          "test_bal_acc_mean": 0.5923076923076923,
          "test_bal_acc_std": 0.04090080722736888,
          "test_f1_mean": 0.5710796685454109,
          "test_f1_std": 0.053524005455988115,
          "test_kappa_mean": 0.3884615384615385,
          "test_kappa_std": 0.061351210841053334,
          "confusion_matrix": [
            [
              64.61538461538461,
              16.923076923076923,
              18.46153846153846
            ],
            [
              12.307692307692308,
              27.69230769230769,
              60.0
            ],
            [
              0.0,
              14.615384615384617,
              85.38461538461539
            ]
          ]
        },
        {
          "participant": "3217",
          "train_size": 1,
          "n_seeds": 10,
          "n_train_samples_mean": 3.0,
          "n_test_samples_mean": 39.0,
          "test_acc_mean": 0.43076923076923074,
          "test_acc_std": 0.035856712757953886,
          "test_bal_acc_mean": 0.43076923076923074,
          "test_bal_acc_std": 0.0358567127579539,
          "test_f1_mean": 0.4211365366967634,
          "test_f1_std": 0.03991300987241302,
          "test_kappa_mean": 0.14615384615384616,
          "test_kappa_std": 0.05378506913693085,
          "confusion_matrix": [
            [
              55.38461538461538,
              11.538461538461538,
              33.07692307692307
            ],
            [
              25.384615384615383,
              34.61538461538462,
              40.0
            ],
            [
              41.53846153846153,
              19.230769230769234,
              39.230769230769226
            ]
          ]
        },
        {
          "participant": "3218",
          "train_size": 1,
          "n_seeds": 10,
          "n_train_samples_mean": 3.0,
          "n_test_samples_mean": 39.0,
          "test_acc_mean": 0.4102564102564103,
          "test_acc_std": 0.03822338423076564,
          "test_bal_acc_mean": 0.4102564102564103,
          "test_bal_acc_std": 0.03822338423076563,
          "test_f1_mean": 0.4025249732265913,
          "test_f1_std": 0.03870378661464316,
          "test_kappa_mean": 0.11538461538461538,
          "test_kappa_std": 0.05733507634614847,
          "confusion_matrix": [
            [
              24.615384615384617,
              0.0,
              75.38461538461539
            ],
            [
              0.0,
              69.23076923076923,
              30.769230769230766
            ],
            [
              10.0,
              60.769230769230774,
              29.230769230769234
            ]
          ]
        },
        {
          "participant": "3219",
          "train_size": 1,
          "n_seeds": 10,
          "n_train_samples_mean": 3.0,
          "n_test_samples_mean": 34.0,
          "test_acc_mean": 0.5647058823529412,
          "test_acc_std": 0.043403811021918946,
          "test_bal_acc_mean": 0.5419871794871794,
          "test_bal_acc_std": 0.04125232291234522,
          "test_f1_mean": 0.5207151712877927,
          "test_f1_std": 0.06072171526769153,
          "test_kappa_mean": 0.34331834433457764,
          "test_kappa_std": 0.06215952453059283,
          "confusion_matrix": [
            [
              100.0,
              0.0,
              0.0
            ],
            [
              20.0,
              23.846153846153847,
              56.15384615384615
            ],
            [
              37.5,
              23.75,
              38.75
            ]
          ]
        },
        {
          "participant": "3220",
          "train_size": 1,
          "n_seeds": 10,
          "n_train_samples_mean": 3.0,
          "n_test_samples_mean": 39.0,
          "test_acc_mean": 0.32051282051282054,
          "test_acc_std": 0.038698227086057344,
          "test_bal_acc_mean": 0.32051282051282054,
          "test_bal_acc_std": 0.03869822708605735,
          "test_f1_mean": 0.273559944282975,
          "test_f1_std": 0.029084466942834016,
          "test_kappa_mean": -0.019230769230769253,
          "test_kappa_std": 0.05804734062908598,
          "confusion_matrix": [
            [
              67.6923076923077,
              0.7692307692307693,
              31.53846153846154
            ],
            [
              55.38461538461538,
              10.0,
              34.615384615384606
            ],
            [
              70.76923076923076,
              10.76923076923077,
              18.46153846153846
            ]
          ]
        },
        {
          "participant": "3221",
          "train_size": 1,
          "n_seeds": 10,
          "n_train_samples_mean": 3.0,
          "n_test_samples_mean": 39.0,
          "test_acc_mean": 0.47435897435897434,
          "test_acc_std": 0.04720239750934725,
          "test_bal_acc_mean": 0.47435897435897434,
          "test_bal_acc_std": 0.04720239750934726,
          "test_f1_mean": 0.41573643795040305,
          "test_f1_std": 0.054822237843242465,
          "test_kappa_mean": 0.21153846153846154,
          "test_kappa_std": 0.0708035962640209,
          "confusion_matrix": [
            [
              59.999999999999986,
              28.46153846153846,
              11.538461538461538
            ],
            [
              25.38461538461538,
              70.76923076923076,
              3.846153846153846
            ],
            [
              16.153846153846153,
              72.3076923076923,
              11.53846153846154
            ]
          ]
        },
        {
          "participant": "3223",
          "train_size": 1,
          "n_seeds": 10,
          "n_train_samples_mean": 3.0,
          "n_test_samples_mean": 39.0,
          "test_acc_mean": 0.6487179487179487,
          "test_acc_std": 0.05545684853849003,
          "test_bal_acc_mean": 0.6487179487179487,
          "test_bal_acc_std": 0.05545684853849002,
          "test_f1_mean": 0.6375941087606828,
          "test_f1_std": 0.05929042670589157,
          "test_kappa_mean": 0.47307692307692306,
          "test_kappa_std": 0.08318527280773505,
          "confusion_matrix": [
            [
              96.92307692307693,
              0.7692307692307693,
              2.3076923076923075
            ],
            [
              0.0,
              33.07692307692308,
              66.92307692307693
            ],
            [
              3.076923076923077,
              32.30769230769231,
              64.61538461538461
            ]
          ]
        },
        {
          "participant": "3224",
          "train_size": 1,
          "n_seeds": 10,
          "n_train_samples_mean": 3.0,
          "n_test_samples_mean": 39.0,
          "test_acc_mean": 0.3717948717948718,
          "test_acc_std": 0.04562853953859536,
          "test_bal_acc_mean": 0.3717948717948718,
          "test_bal_acc_std": 0.04562853953859536,
          "test_f1_mean": 0.3864597504898914,
          "test_f1_std": 0.05184685549870378,
          "test_kappa_mean": 0.05769230769230769,
          "test_kappa_std": 0.06844280930789305,
          "confusion_matrix": [
            [
              41.53846153846153,
              16.153846153846153,
              42.30769230769231
            ],
            [
              0.0,
              26.923076923076923,
              73.07692307692307
            ],
            [
              0.0,
              56.92307692307692,
              43.07692307692308
            ]
          ]
        },
        {
          "participant": "3225",
          "train_size": 1,
          "n_seeds": 10,
          "n_train_samples_mean": 3.0,
          "n_test_samples_mean": 39.0,
          "test_acc_mean": 0.5128205128205129,
          "test_acc_std": 0.06509207782789667,
          "test_bal_acc_mean": 0.5128205128205129,
          "test_bal_acc_std": 0.06509207782789667,
          "test_f1_mean": 0.49074953673522853,
          "test_f1_std": 0.07587948745158656,
          "test_kappa_mean": 0.2692307692307693,
          "test_kappa_std": 0.09763811674184497,
          "confusion_matrix": [
            [
              67.69230769230771,
              20.769230769230766,
              11.538461538461538
            ],
            [
              61.53846153846153,
              21.53846153846154,
              16.923076923076923
            ],
            [
              16.923076923076923,
              18.46153846153846,
              64.61538461538461
            ]
          ]
        },
        {
          "participant": "3226",
          "train_size": 1,
          "n_seeds": 10,
          "n_train_samples_mean": 3.0,
          "n_test_samples_mean": 39.0,
          "test_acc_mean": 0.5333333333333333,
          "test_acc_std": 0.03972290611494787,
          "test_bal_acc_mean": 0.5333333333333333,
          "test_bal_acc_std": 0.03972290611494786,
          "test_f1_mean": 0.5251239165280048,
          "test_f1_std": 0.040988615395660476,
          "test_kappa_mean": 0.3,
          "test_kappa_std": 0.059584359172421775,
          "confusion_matrix": [
            [
              100.0,
              0.0,
              0.0
            ],
            [
              0.0,
              28.461538461538463,
              71.53846153846153
            ],
            [
              3.076923076923077,
              65.38461538461539,
              31.53846153846153
            ]
          ]
        },
        {
          "participant": "3227",
          "train_size": 1,
          "n_seeds": 10,
          "n_train_samples_mean": 3.0,
          "n_test_samples_mean": 39.0,
          "test_acc_mean": 0.45897435897435895,
          "test_acc_std": 0.04594762412210465,
          "test_bal_acc_mean": 0.458974358974359,
          "test_bal_acc_std": 0.04594762412210465,
          "test_f1_mean": 0.3971878477507814,
          "test_f1_std": 0.0456209257686568,
          "test_kappa_mean": 0.1884615384615384,
          "test_kappa_std": 0.06892143618315696,
          "confusion_matrix": [
            [
              93.07692307692308,
              6.9230769230769225,
              0.0
            ],
            [
              37.69230769230769,
              29.230769230769234,
              33.07692307692308
            ],
            [
              55.384615384615394,
              29.230769230769234,
              15.384615384615383
            ]
          ]
        },
        {
          "participant": "3228",
          "train_size": 1,
          "n_seeds": 10,
          "n_train_samples_mean": 3.0,
          "n_test_samples_mean": 30.0,
          "test_acc_mean": 0.2833333333333333,
          "test_acc_std": 0.01756820922315766,
          "test_bal_acc_mean": 0.21794871794871792,
          "test_bal_acc_std": 0.013514007094736645,
          "test_f1_mean": 0.2583071940113746,
          "test_f1_std": 0.017430839710663233,
          "test_kappa_mean": -0.26470588235294124,
          "test_kappa_std": 0.031002722158513504,
          "confusion_matrix": [
            [
              0.0,
              75.0,
              25.0
            ],
            [
              0.0,
              27.692307692307697,
              72.3076923076923
            ],
            [
              0.0,
              62.3076923076923,
              37.69230769230769
            ]
          ]
        },
        {
          "participant": "3229",
          "train_size": 1,
          "n_seeds": 10,
          "n_train_samples_mean": 3.0,
          "n_test_samples_mean": 39.0,
          "test_acc_mean": 0.523076923076923,
          "test_acc_std": 0.017928356378976953,
          "test_bal_acc_mean": 0.523076923076923,
          "test_bal_acc_std": 0.01792835637897692,
          "test_f1_mean": 0.5012207820132011,
          "test_f1_std": 0.022783877128778357,
          "test_kappa_mean": 0.2846153846153846,
          "test_kappa_std": 0.02689253456846542,
          "confusion_matrix": [
            [
              89.23076923076923,
              9.23076923076923,
              1.5384615384615385
            ],
            [
              66.15384615384616,
              33.846153846153854,
              0.0
            ],
            [
              12.307692307692308,
              53.84615384615385,
              33.84615384615385
            ]
          ]
        },
        {
          "participant": "3230",
          "train_size": 1,
          "n_seeds": 10,
          "n_train_samples_mean": 3.0,
          "n_test_samples_mean": 39.0,
          "test_acc_mean": 0.3717948717948718,
          "test_acc_std": 0.021790681682020457,
          "test_bal_acc_mean": 0.3717948717948718,
          "test_bal_acc_std": 0.02179068168202045,
          "test_f1_mean": 0.2508602217859666,
          "test_f1_std": 0.03086075527058673,
          "test_kappa_mean": 0.05769230769230767,
          "test_kappa_std": 0.03268602252303067,
          "confusion_matrix": [
            [
              10.76923076923077,
              13.846153846153845,
              75.3846153846154
            ],
            [
              43.84615384615385,
              0.7692307692307693,
              55.38461538461538
            ],
            [
              0.0,
              0.0,
              100.0
            ]
          ]
        },
        {
          "participant": "3232",
          "train_size": 1,
          "n_seeds": 10,
          "n_train_samples_mean": 3.0,
          "n_test_samples_mean": 39.0,
          "test_acc_mean": 0.2358974358974359,
          "test_acc_std": 0.033757978902788886,
          "test_bal_acc_mean": 0.2358974358974359,
          "test_bal_acc_std": 0.0337579789027889,
          "test_f1_mean": 0.218023547765466,
          "test_f1_std": 0.029530856548278337,
          "test_kappa_mean": -0.14615384615384613,
          "test_kappa_std": 0.05063696835418335,
          "confusion_matrix": [
            [
              7.692307692307692,
              35.38461538461539,
              56.92307692307693
            ],
            [
              33.07692307692308,
              33.84615384615385,
              33.07692307692308
            ],
            [
              6.153846153846154,
              64.61538461538461,
              29.230769230769234
            ]
          ]
        },
        {
          "participant": "3233",
          "train_size": 1,
          "n_seeds": 10,
          "n_train_samples_mean": 3.0,
          "n_test_samples_mean": 39.0,
          "test_acc_mean": 0.5256410256410257,
          "test_acc_std": 0.04562853953859537,
          "test_bal_acc_mean": 0.5256410256410257,
          "test_bal_acc_std": 0.045628539538595345,
          "test_f1_mean": 0.496218497788656,
          "test_f1_std": 0.04833653532451923,
          "test_kappa_mean": 0.28846153846153844,
          "test_kappa_std": 0.06844280930789302,
          "confusion_matrix": [
            [
              24.615384615384613,
              50.769230769230774,
              24.615384615384613
            ],
            [
              0.0,
              86.15384615384615,
              13.846153846153845
            ],
            [
              0.0,
              53.07692307692308,
              46.92307692307692
            ]
          ]
        },
        {
          "participant": "3234",
          "train_size": 1,
          "n_seeds": 10,
          "n_train_samples_mean": 3.0,
          "n_test_samples_mean": 39.0,
          "test_acc_mean": 0.41538461538461535,
          "test_acc_std": 0.03783921986526267,
          "test_bal_acc_mean": 0.4153846153846154,
          "test_bal_acc_std": 0.037839219865262654,
          "test_f1_mean": 0.33925249308223737,
          "test_f1_std": 0.0766607588384624,
          "test_kappa_mean": 0.12307692307692311,
          "test_kappa_std": 0.05675882979789397,
          "confusion_matrix": [
            [
              6.9230769230769225,
              0.7692307692307693,
              92.3076923076923
            ],
            [
              8.461538461538462,
              26.153846153846153,
              65.38461538461539
            ],
            [
              7.692307692307692,
              0.7692307692307693,
              91.53846153846152
            ]
          ]
        },
        {
          "participant": "3235",
          "train_size": 1,
          "n_seeds": 10,
          "n_train_samples_mean": 3.0,
          "n_test_samples_mean": 39.0,
          "test_acc_mean": 0.4871794871794872,
          "test_acc_std": 0.04681389380386035,
          "test_bal_acc_mean": 0.4871794871794872,
          "test_bal_acc_std": 0.046813893803860356,
          "test_f1_mean": 0.4680485491684035,
          "test_f1_std": 0.05356366139792104,
          "test_kappa_mean": 0.23076923076923075,
          "test_kappa_std": 0.0702208407057905,
          "confusion_matrix": [
            [
              70.76923076923077,
              24.61538461538461,
              4.615384615384615
            ],
            [
              25.38461538461538,
              54.61538461538462,
              19.999999999999996
            ],
            [
              0.7692307692307693,
              78.46153846153848,
              20.769230769230766
            ]
          ]
        },
        {
          "participant": "3236",
          "train_size": 1,
          "n_seeds": 10,
          "n_train_samples_mean": 3.0,
          "n_test_samples_mean": 39.0,
          "test_acc_mean": 0.46923076923076923,
          "test_acc_std": 0.032093988641912104,
          "test_bal_acc_mean": 0.46923076923076923,
          "test_bal_acc_std": 0.03209398864191214,
          "test_f1_mean": 0.416036769998266,
          "test_f1_std": 0.03919731241075127,
          "test_kappa_mean": 0.20384615384615384,
          "test_kappa_std": 0.04814098296286819,
          "confusion_matrix": [
            [
              25.384615384615383,
              0.7692307692307693,
              73.84615384615385
            ],
            [
              6.153846153846154,
              19.23076923076923,
              74.61538461538461
            ],
            [
              0.7692307692307693,
              3.076923076923077,
              96.15384615384615
            ]
          ]
        },
        {
          "participant": "3237",
          "train_size": 1,
          "n_seeds": 10,
          "n_train_samples_mean": 3.0,
          "n_test_samples_mean": 39.0,
          "test_acc_mean": 0.4769230769230769,
          "test_acc_std": 0.03860372577995286,
          "test_bal_acc_mean": 0.4769230769230769,
          "test_bal_acc_std": 0.038603725779952885,
          "test_f1_mean": 0.44802051718923985,
          "test_f1_std": 0.04836282322895845,
          "test_kappa_mean": 0.21538461538461542,
          "test_kappa_std": 0.057905588669929314,
          "confusion_matrix": [
            [
              85.38461538461539,
              14.615384615384617,
              0.0
            ],
            [
              83.07692307692307,
              16.923076923076923,
              0.0
            ],
            [
              37.69230769230769,
              21.53846153846154,
              40.76923076923076
            ]
          ]
        },
        {
          "participant": "3238",
          "train_size": 1,
          "n_seeds": 10,
          "n_train_samples_mean": 3.0,
          "n_test_samples_mean": 39.0,
          "test_acc_mean": 0.4256410256410256,
          "test_acc_std": 0.04221910781274689,
          "test_bal_acc_mean": 0.4256410256410256,
          "test_bal_acc_std": 0.042219107812746924,
          "test_f1_mean": 0.4195403644892356,
          "test_f1_std": 0.04031461568677441,
          "test_kappa_mean": 0.1384615384615384,
          "test_kappa_std": 0.06332866171912034,
          "confusion_matrix": [
            [
              31.538461538461547,
              52.30769230769231,
              16.153846153846153
            ],
            [
              6.153846153846154,
              47.69230769230769,
              46.15384615384615
            ],
            [
              10.76923076923077,
              40.76923076923077,
              48.46153846153846
            ]
          ]
        },
        {
          "participant": "3239",
          "train_size": 1,
          "n_seeds": 10,
          "n_train_samples_mean": 3.0,
          "n_test_samples_mean": 39.0,
          "test_acc_mean": 0.7641025641025642,
          "test_acc_std": 0.037839219865262654,
          "test_bal_acc_mean": 0.7641025641025642,
          "test_bal_acc_std": 0.03783921986526263,
          "test_f1_mean": 0.7553347920256884,
          "test_f1_std": 0.033849528191073376,
          "test_kappa_mean": 0.6461538461538463,
          "test_kappa_std": 0.05675882979789398,
          "confusion_matrix": [
            [
              75.38461538461539,
              24.615384615384617,
              0.0
            ],
            [
              16.923076923076923,
              59.230769230769226,
              23.846153846153847
            ],
            [
              3.846153846153846,
              1.5384615384615385,
              94.61538461538461
            ]
          ]
        },
        {
          "participant": "3240",
          "train_size": 1,
          "n_seeds": 10,
          "n_train_samples_mean": 3.0,
          "n_test_samples_mean": 39.0,
          "test_acc_mean": 0.5102564102564102,
          "test_acc_std": 0.03907394683987165,
          "test_bal_acc_mean": 0.5102564102564102,
          "test_bal_acc_std": 0.03907394683987167,
          "test_f1_mean": 0.4547155562273314,
          "test_f1_std": 0.04506642548961539,
          "test_kappa_mean": 0.2653846153846154,
          "test_kappa_std": 0.0586109202598075,
          "confusion_matrix": [
            [
              11.538461538461538,
              31.53846153846154,
              56.92307692307693
            ],
            [
              0.0,
              63.84615384615385,
              36.15384615384615
            ],
            [
              0.0,
              22.307692307692307,
              77.6923076923077
            ]
          ]
        },
        {
          "participant": "3241",
          "train_size": 1,
          "n_seeds": 10,
          "n_train_samples_mean": 3.0,
          "n_test_samples_mean": 39.0,
          "test_acc_mean": 0.4282051282051282,
          "test_acc_std": 0.03636247416441477,
          "test_bal_acc_mean": 0.4282051282051283,
          "test_bal_acc_std": 0.036362474164414786,
          "test_f1_mean": 0.3845288001151112,
          "test_f1_std": 0.033986742920546695,
          "test_kappa_mean": 0.1423076923076923,
          "test_kappa_std": 0.05454371124662218,
          "confusion_matrix": [
            [
              38.46153846153846,
              39.23076923076923,
              22.30769230769231
            ],
            [
              23.07692307692308,
              76.15384615384616,
              0.7692307692307693
            ],
            [
              40.769230769230774,
              45.38461538461538,
              13.846153846153845
            ]
          ]
        },
        {
          "participant": "3242",
          "train_size": 1,
          "n_seeds": 10,
          "n_train_samples_mean": 3.0,
          "n_test_samples_mean": 39.0,
          "test_acc_mean": 0.4435897435897436,
          "test_acc_std": 0.041958761397037865,
          "test_bal_acc_mean": 0.4435897435897436,
          "test_bal_acc_std": 0.04195876139703788,
          "test_f1_mean": 0.36425276203161616,
          "test_f1_std": 0.0684218291708259,
          "test_kappa_mean": 0.1653846153846154,
          "test_kappa_std": 0.06293814209555677,
          "confusion_matrix": [
            [
              99.23076923076923,
              0.0,
              0.7692307692307693
            ],
            [
              73.84615384615384,
              20.76923076923077,
              5.384615384615385
            ],
            [
              86.92307692307693,
              0.0,
              13.076923076923077
            ]
          ]
        },
        {
          "participant": "3243",
          "train_size": 1,
          "n_seeds": 10,
          "n_train_samples_mean": 3.0,
          "n_test_samples_mean": 39.0,
          "test_acc_mean": 0.4102564102564103,
          "test_acc_std": 0.020935809767377585,
          "test_bal_acc_mean": 0.4102564102564103,
          "test_bal_acc_std": 0.0209358097673776,
          "test_f1_mean": 0.37126425722456824,
          "test_f1_std": 0.028530317162010616,
          "test_kappa_mean": 0.11538461538461542,
          "test_kappa_std": 0.03140371465106638,
          "confusion_matrix": [
            [
              69.23076923076923,
              30.769230769230774,
              0.0
            ],
            [
              59.999999999999986,
              39.99999999999999,
              0.0
            ],
            [
              68.46153846153848,
              17.692307692307693,
              13.846153846153845
            ]
          ]
        },
        {
          "participant": "3244",
          "train_size": 1,
          "n_seeds": 10,
          "n_train_samples_mean": 3.0,
          "n_test_samples_mean": 39.0,
          "test_acc_mean": 0.5205128205128204,
          "test_acc_std": 0.03429470538075022,
          "test_bal_acc_mean": 0.5205128205128204,
          "test_bal_acc_std": 0.03429470538075019,
          "test_f1_mean": 0.5049856799349699,
          "test_f1_std": 0.04545577487648987,
          "test_kappa_mean": 0.28076923076923077,
          "test_kappa_std": 0.05144205807112534,
          "confusion_matrix": [
            [
              58.46153846153847,
              4.615384615384615,
              36.92307692307692
            ],
            [
              54.61538461538462,
              29.230769230769234,
              16.153846153846153
            ],
            [
              31.538461538461537,
              0.0,
              68.46153846153847
            ]
          ]
        },
        {
          "participant": "3245",
          "train_size": 1,
          "n_seeds": 10,
          "n_train_samples_mean": 3.0,
          "n_test_samples_mean": 39.0,
          "test_acc_mean": 0.6692307692307693,
          "test_acc_std": 0.04264948700811845,
          "test_bal_acc_mean": 0.6692307692307692,
          "test_bal_acc_std": 0.04264948700811846,
          "test_f1_mean": 0.6596818059524501,
          "test_f1_std": 0.05333414797297254,
          "test_kappa_mean": 0.5038461538461538,
          "test_kappa_std": 0.06397423051217767,
          "confusion_matrix": [
            [
              83.84615384615385,
              8.461538461538462,
              7.692307692307692
            ],
            [
              0.0,
              81.53846153846155,
              18.46153846153846
            ],
            [
              0.0,
              64.61538461538461,
              35.38461538461539
            ]
          ]
        },
        {
          "participant": "3246",
          "train_size": 1,
          "n_seeds": 10,
          "n_train_samples_mean": 3.0,
          "n_test_samples_mean": 39.0,
          "test_acc_mean": 0.5051282051282051,
          "test_acc_std": 0.012385792090760187,
          "test_bal_acc_mean": 0.5051282051282051,
          "test_bal_acc_std": 0.01238579209076016,
          "test_f1_mean": 0.4412971715506182,
          "test_f1_std": 0.023303870309690593,
          "test_kappa_mean": 0.25769230769230766,
          "test_kappa_std": 0.018578688136140345,
          "confusion_matrix": [
            [
              5.384615384615385,
              2.3076923076923075,
              92.30769230769229
            ],
            [
              25.384615384615383,
              46.153846153846146,
              28.46153846153846
            ],
            [
              0.0,
              0.0,
              100.0
            ]
          ]
        },
        {
          "participant": "3247",
          "train_size": 1,
          "n_seeds": 10,
          "n_train_samples_mean": 3.0,
          "n_test_samples_mean": 39.0,
          "test_acc_mean": 0.46923076923076923,
          "test_acc_std": 0.03831882354095708,
          "test_bal_acc_mean": 0.46923076923076923,
          "test_bal_acc_std": 0.038318823540957114,
          "test_f1_mean": 0.4478608064250727,
          "test_f1_std": 0.03581614041070948,
          "test_kappa_mean": 0.20384615384615384,
          "test_kappa_std": 0.057478235311435616,
          "confusion_matrix": [
            [
              16.923076923076923,
              32.30769230769231,
              50.769230769230774
            ],
            [
              10.76923076923077,
              73.0769230769231,
              16.153846153846153
            ],
            [
              38.46153846153846,
              10.76923076923077,
              50.76923076923076
            ]
          ]
        },
        {
          "participant": "3248",
          "train_size": 1,
          "n_seeds": 10,
          "n_train_samples_mean": 3.0,
          "n_test_samples_mean": 39.0,
          "test_acc_mean": 0.582051282051282,
          "test_acc_std": 0.060496883313457775,
          "test_bal_acc_mean": 0.582051282051282,
          "test_bal_acc_std": 0.06049688331345775,
          "test_f1_mean": 0.5807143242972765,
          "test_f1_std": 0.061357290504194396,
          "test_kappa_mean": 0.3730769230769231,
          "test_kappa_std": 0.0907453249701866,
          "confusion_matrix": [
            [
              65.38461538461539,
              0.0,
              34.615384615384606
            ],
            [
              15.384615384615383,
              46.15384615384615,
              38.46153846153845
            ],
            [
              13.076923076923077,
              23.846153846153847,
              63.07692307692308
            ]
          ]
        },
        {
          "participant": "3250",
          "train_size": 1,
          "n_seeds": 10,
          "n_train_samples_mean": 3.0,
          "n_test_samples_mean": 39.0,
          "test_acc_mean": 0.4717948717948718,
          "test_acc_std": 0.060677741365124264,
          "test_bal_acc_mean": 0.4717948717948718,
          "test_bal_acc_std": 0.06067774136512428,
          "test_f1_mean": 0.4231483366975727,
          "test_f1_std": 0.08875836328939926,
          "test_kappa_mean": 0.20769230769230768,
          "test_kappa_std": 0.09101661204768641,
          "confusion_matrix": [
            [
              12.307692307692308,
              7.692307692307693,
              79.99999999999999
            ],
            [
              0.0,
              68.46153846153847,
              31.53846153846154
            ],
            [
              0.0,
              39.23076923076923,
              60.76923076923076
            ]
          ]
        }
      ]
    },
    {
      "aggregated": {
        "train_size": 2,
        "n_participants": 37,
        "n_seeds": 10,
        "test_acc_mean": 0.5060326455487746,
        "test_acc_std": 0.12731869951723782,
        "test_bal_acc_mean": 0.5037215787215787,
        "test_bal_acc_std": 0.1309731007922454,
        "test_f1_mean": 0.47419879292002776,
        "test_f1_std": 0.14256952939459372,
        "test_kappa_mean": 0.2536116025605276,
        "test_kappa_std": 0.20437091053769102,
        "confusion_matrix": [
          [
            53.98648648648648,
            18.08558558558558,
            27.927927927927918
          ],
          [
            20.472972972972975,
            45.698198198198206,
            33.82882882882883
          ],
          [
            19.465894465894465,
            29.102316602316602,
            51.431788931788944
          ]
        ]
      },
      "per_participant": [
        {
          "participant": "3208",
          "train_size": 2,
          "n_seeds": 10,
          "n_train_samples_mean": 6.0,
          "n_test_samples_mean": 36.0,
          "test_acc_mean": 0.5999999999999999,
          "test_acc_std": 0.037497142095030696,
          "test_bal_acc_mean": 0.5999999999999999,
          "test_bal_acc_std": 0.0374971420950307,
          "test_f1_mean": 0.5938821650211686,
          "test_f1_std": 0.0382522366488937,
          "test_kappa_mean": 0.4,
          "test_kappa_std": 0.05624571314254609,
          "confusion_matrix": [
            [
              38.333333333333336,
              47.50000000000001,
              14.166666666666663
            ],
            [
              7.499999999999997,
              75.0,
              17.499999999999996
            ],
            [
              0.0,
              33.33333333333333,
              66.66666666666666
            ]
          ]
        },
        {
          "participant": "3209",
          "train_size": 2,
          "n_seeds": 10,
          "n_train_samples_mean": 6.0,
          "n_test_samples_mean": 36.0,
          "test_acc_mean": 0.5305555555555556,
          "test_acc_std": 0.03574122049188665,
          "test_bal_acc_mean": 0.5305555555555554,
          "test_bal_acc_std": 0.035741220491886605,
          "test_f1_mean": 0.4214268800023276,
          "test_f1_std": 0.03299044389357498,
          "test_kappa_mean": 0.2958333333333334,
          "test_kappa_std": 0.05361183073782994,
