{
  "name": "perf_eye_gsr_ecg",
  "config": {
    "n_seeds": 10,
    "feature_selection": "backward",
    "use_pca": false,
    "pca_variance": 0.95,
    "write_cm": true,
    "tune_hyperparameters": false,
    "tune_n_iter": 30,
    "tune_cv_folds": 5,
    "use_pose_derivatives": true,
    "use_time_features": false,
    "class_config": "all",
    "include_order": false,
    "name": "perf_eye_gsr_ecg",
    "feature_groups": [
      "performance",
      "eye_tracking",
      "gsr",
      "ecg"
    ],
    "split_strategy": "participant_specific",
    "sampling_strategy": "temporal_stratified"
  },
  "sampling_strategy": "temporal_stratified",
  "n_seeds": 10,
  "learning_curve": [
    {
      "aggregated": {
        "train_size": 1,
        "n_participants": 36,
        "n_seeds": 10,
        "test_acc_mean": 0.48428841421413577,
        "test_acc_std": 0.09742361484612184,
        "test_bal_acc_mean": 0.4784547397047397,
        "test_bal_acc_std": 0.09895599999596172,
        "test_f1_mean": 0.4511603373204552,
        "test_f1_std": 0.1031436677197686,
        "test_kappa_mean": 0.21793310819328177,
        "test_kappa_std": 0.14640552503978438,
        "confusion_matrix": [
          [
            48.8158831908832,
            24.166666666666664,
            27.01745014245014
          ],
          [
            26.013532763532762,
            42.808760683760674,
            31.17770655270655
          ],
          [
            20.259421134421135,
            27.828800828800823,
            51.91177803677803
          ]
        ]
      },
      "per_participant": [
        {
          "participant": "3208",
          "train_size": 1,
          "n_seeds": 10,
          "n_train_samples_mean": 3.0,
          "n_test_samples_mean": 39.0,
          "test_acc_mean": 0.4769230769230769,
          "test_acc_std": 0.05012949845680403,
          "test_bal_acc_mean": 0.4769230769230769,
          "test_bal_acc_std": 0.05012949845680404,
          "test_f1_mean": 0.45406876481926356,
          "test_f1_std": 0.07653504808095539,
          "test_kappa_mean": 0.21538461538461537,
          "test_kappa_std": 0.07519424768520604,
          "confusion_matrix": [
            [
              33.07692307692308,
              55.38461538461538,
              11.538461538461538
            ],
            [
              20.0,
              70.76923076923077,
              9.23076923076923
            ],
            [
              6.9230769230769225,
              53.84615384615385,
              39.230769230769226
            ]
          ]
        },
        {
          "participant": "3209",
          "train_size": 1,
          "n_seeds": 10,
          "n_train_samples_mean": 3.0,
          "n_test_samples_mean": 38.0,
          "test_acc_mean": 0.39999999999999997,
          "test_acc_std": 0.059234887775909226,
          "test_bal_acc_mean": 0.39145299145299145,
          "test_bal_acc_std": 0.05797563295423925,
          "test_f1_mean": 0.34497748193758204,
          "test_f1_std": 0.07111909914097017,
          "test_kappa_mean": 0.09097479416425047,
          "test_kappa_std": 0.08964891816751683,
          "confusion_matrix": [
            [
              79.23076923076924,
              3.076923076923077,
              17.69230769230769
            ],
            [
              68.46153846153847,
              31.538461538461537,
              0.0
            ],
            [
              85.83333333333333,
              7.499999999999998,
              6.666666666666664
            ]
          ]
        },
        {
          "participant": "3214",
          "train_size": 1,
          "n_seeds": 10,
          "n_train_samples_mean": 3.0,
          "n_test_samples_mean": 39.0,
          "test_acc_mean": 0.45641025641025645,
          "test_acc_std": 0.052409263988909036,
          "test_bal_acc_mean": 0.45641025641025645,
          "test_bal_acc_std": 0.052409263988909015,
          "test_f1_mean": 0.45044748835664866,
          "test_f1_std": 0.05580787011056935,
          "test_kappa_mean": 0.18461538461538463,
          "test_kappa_std": 0.07861389598336353,
          "confusion_matrix": [
            [
              36.15384615384615,
              55.38461538461538,
              8.461538461538462
            ],
            [
              14.615384615384617,
              36.92307692307692,
              48.46153846153846
            ],
            [
              2.3076923076923075,
              33.84615384615385,
              63.84615384615383
            ]
          ]
        },
        {
          "participant": "3215",
          "train_size": 1,
          "n_seeds": 10,
          "n_train_samples_mean": 3.0,
          "n_test_samples_mean": 39.0,
          "test_acc_mean": 0.2846153846153846,
          "test_acc_std": 0.08238003938476232,
          "test_bal_acc_mean": 0.28461538461538466,
          "test_bal_acc_std": 0.08238003938476232,
          "test_f1_mean": 0.2553675215729897,
          "test_f1_std": 0.09778004632863149,
          "test_kappa_mean": -0.07307692307692312,
          "test_kappa_std": 0.12357005907714348,
          "confusion_matrix": [
            [
              16.923076923076923,
              13.846153846153845,
              69.23076923076924
            ],
            [
              0.0,
              16.153846153846153,
              83.84615384615384
            ],
            [
              0.0,
              47.69230769230769,
              52.3076923076923
            ]
          ]
        },
        {
          "participant": "3216",
          "train_size": 1,
          "n_seeds": 10,
          "n_train_samples_mean": 3.0,
          "n_test_samples_mean": 37.0,
          "test_acc_mean": 0.5243243243243243,
          "test_acc_std": 0.03418678551533382,
          "test_bal_acc_mean": 0.5291375291375292,
          "test_bal_acc_std": 0.03885003885003886,
          "test_f1_mean": 0.47846361709079216,
          "test_f1_std": 0.03559389935668012,
          "test_kappa_mean": 0.28220148584826055,
          "test_kappa_std": 0.05368141329428347,
          "confusion_matrix": [
            [
              15.384615384615383,
              75.38461538461539,
              9.23076923076923
            ],
            [
              5.384615384615385,
              81.53846153846155,
              13.076923076923077
            ],
            [
              2.7272727272727275,
              35.45454545454545,
              61.81818181818181
            ]
          ]
        },
        {
          "participant": "3217",
          "train_size": 1,
          "n_seeds": 10,
          "n_train_samples_mean": 3.0,
          "n_test_samples_mean": 39.0,
          "test_acc_mean": 0.47435897435897434,
          "test_acc_std": 0.0747557935236577,
          "test_bal_acc_mean": 0.47435897435897445,
          "test_bal_acc_std": 0.0747557935236577,
          "test_f1_mean": 0.44752295142053355,
          "test_f1_std": 0.06692405480491868,
          "test_kappa_mean": 0.2115384615384615,
          "test_kappa_std": 0.11213369028548655,
          "confusion_matrix": [
            [
              66.15384615384616,
              22.30769230769231,
              11.538461538461538
            ],
            [
              15.384615384615383,
              19.999999999999996,
              64.61538461538461
            ],
            [
              21.538461538461537,
              22.307692307692307,
              56.15384615384615
            ]
          ]
        },
        {
          "participant": "3218",
          "train_size": 1,
          "n_seeds": 10,
          "n_train_samples_mean": 3.0,
          "n_test_samples_mean": 39.0,
          "test_acc_mean": 0.5743589743589743,
          "test_acc_std": 0.034612746549259145,
          "test_bal_acc_mean": 0.5743589743589743,
          "test_bal_acc_std": 0.03461274654925915,
          "test_f1_mean": 0.5684416298910827,
          "test_f1_std": 0.03895289857281092,
          "test_kappa_mean": 0.36153846153846153,
          "test_kappa_std": 0.05191911982388869,
          "confusion_matrix": [
            [
              55.38461538461538,
              11.538461538461538,
              33.07692307692308
            ],
            [
              13.846153846153845,
              50.00000000000001,
              36.153846153846146
            ],
            [
              3.076923076923077,
              30.0,
              66.92307692307692
            ]
          ]
        },
        {
          "participant": "3219",
          "train_size": 1,
          "n_seeds": 10,
          "n_train_samples_mean": 3.0,
          "n_test_samples_mean": 32.0,
          "test_acc_mean": 0.5375,
          "test_acc_std": 0.046116549210788865,
          "test_bal_acc_mean": 0.5027777777777779,
          "test_bal_acc_std": 0.05921584057525736,
          "test_f1_mean": 0.47135038348055175,
          "test_f1_std": 0.058922195877710914,
          "test_kappa_mean": 0.2813061551216002,
          "test_kappa_std": 0.08079189504779642,
          "confusion_matrix": [
            [
              100.0,
              0.0,
              0.0
            ],
            [
              45.00000000000001,
              28.333333333333336,
              26.666666666666668
            ],
            [
              57.5,
              20.0,
              22.5
            ]
          ]
        },
        {
          "participant": "3220",
          "train_size": 1,
          "n_seeds": 10,
          "n_train_samples_mean": 3.0,
          "n_test_samples_mean": 39.0,
          "test_acc_mean": 0.34615384615384615,
          "test_acc_std": 0.04230553391714386,
          "test_bal_acc_mean": 0.34615384615384615,
          "test_bal_acc_std": 0.04230553391714388,
          "test_f1_mean": 0.32725389723784226,
          "test_f1_std": 0.05084659624530829,
          "test_kappa_mean": 0.019230769230769218,
          "test_kappa_std": 0.06345830087571583,
          "confusion_matrix": [
            [
              20.769230769230766,
              42.30769230769231,
              36.92307692307692
            ],
            [
              14.615384615384617,
              53.84615384615385,
              31.53846153846154
            ],
            [
              3.846153846153846,
              66.92307692307692,
              29.230769230769234
            ]
          ]
        },
        {
          "participant": "3221",
          "train_size": 1,
          "n_seeds": 10,
          "n_train_samples_mean": 3.0,
          "n_test_samples_mean": 39.0,
          "test_acc_mean": 0.4153846153846154,
          "test_acc_std": 0.039722906114947845,
          "test_bal_acc_mean": 0.41538461538461535,
          "test_bal_acc_std": 0.03972290611494786,
          "test_f1_mean": 0.335449138093875,
          "test_f1_std": 0.06369895919878063,
          "test_kappa_mean": 0.12307692307692308,
          "test_kappa_std": 0.05958435917242182,
          "confusion_matrix": [
            [
              5.384615384615385,
              60.76923076923076,
              33.84615384615385
            ],
            [
              0.0,
              79.23076923076923,
              20.76923076923077
            ],
            [
              1.5384615384615385,
              58.46153846153845,
              40.0
            ]
          ]
        },
        {
          "participant": "3223",
          "train_size": 1,
          "n_seeds": 10,
          "n_train_samples_mean": 3.0,
          "n_test_samples_mean": 39.0,
          "test_acc_mean": 0.6461538461538461,
          "test_acc_std": 0.07332516440864005,
          "test_bal_acc_mean": 0.6461538461538462,
          "test_bal_acc_std": 0.07332516440864005,
          "test_f1_mean": 0.6355434618251626,
          "test_f1_std": 0.08016653440195627,
          "test_kappa_mean": 0.4692307692307692,
          "test_kappa_std": 0.1099877466129601,
          "confusion_matrix": [
            [
              50.76923076923077,
              4.615384615384615,
              44.61538461538462
            ],
            [
              0.7692307692307693,
              89.99999999999999,
              9.23076923076923
            ],
            [
              2.3076923076923075,
              44.615384615384606,
              53.07692307692308
            ]
          ]
        },
        {
          "participant": "3224",
          "train_size": 1,
          "n_seeds": 10,
          "n_train_samples_mean": 3.0,
          "n_test_samples_mean": 24.0,
          "test_acc_mean": 0.7541666666666667,
          "test_acc_std": 0.05709667997526241,
          "test_bal_acc_mean": 0.7677777777777778,
          "test_bal_acc_std": 0.08147306353823038,
          "test_f1_mean": 0.755606539240188,
          "test_f1_std": 0.06569618041496528,
          "test_kappa_mean": 0.5851326367719383,
          "test_kappa_std": 0.09536340048184794,
          "confusion_matrix": [
            [
              80.0,
              20.0,
              0.0
            ],
            [
              4.999999999999999,
              73.33333333333334,
              21.666666666666664
            ],
            [
              11.0,
              12.0,
              77.0
            ]
          ]
        },
        {
          "participant": "3225",
          "train_size": 1,
          "n_seeds": 10,
          "n_train_samples_mean": 3.0,
          "n_test_samples_mean": 39.0,
          "test_acc_mean": 0.4948717948717949,
          "test_acc_std": 0.07744363275264475,
          "test_bal_acc_mean": 0.4948717948717949,
          "test_bal_acc_std": 0.07744363275264476,
          "test_f1_mean": 0.4342485414569751,
          "test_f1_std": 0.09408575436589049,
          "test_kappa_mean": 0.24230769230769225,
          "test_kappa_std": 0.11616544912896715,
          "confusion_matrix": [
            [
              76.15384615384615,
              23.846153846153847,
              0.0
            ],
            [
              60.0,
              32.30769230769231,
              7.692307692307692
            ],
            [
              27.69230769230769,
              32.30769230769231,
              40.0
            ]
          ]
        },
        {
          "participant": "3226",
          "train_size": 1,
          "n_seeds": 10,
          "n_train_samples_mean": 3.0,
          "n_test_samples_mean": 39.0,
          "test_acc_mean": 0.6205128205128205,
          "test_acc_std": 0.04804604896600067,
          "test_bal_acc_mean": 0.6205128205128205,
          "test_bal_acc_std": 0.04804604896600067,
          "test_f1_mean": 0.524563223505336,
          "test_f1_std": 0.02775550315051749,
          "test_kappa_mean": 0.43076923076923074,
          "test_kappa_std": 0.07206907344900101,
          "confusion_matrix": [
            [
              91.53846153846153,
              0.0,
              8.461538461538462
            ],
            [
              3.846153846153846,
              0.7692307692307693,
              95.38461538461539
            ],
            [
              0.7692307692307693,
              5.384615384615385,
              93.84615384615384
            ]
          ]
        },
        {
          "participant": "3227",
          "train_size": 1,
          "n_seeds": 10,
          "n_train_samples_mean": 3.0,
          "n_test_samples_mean": 39.0,
          "test_acc_mean": 0.38461538461538464,
          "test_acc_std": 0.06280742930213279,
          "test_bal_acc_mean": 0.38461538461538464,
          "test_bal_acc_std": 0.06280742930213279,
          "test_f1_mean": 0.36512337946335477,
          "test_f1_std": 0.0798048950762386,
          "test_kappa_mean": 0.07692307692307687,
          "test_kappa_std": 0.09421114395319921,
          "confusion_matrix": [
            [
              49.23076923076923,
              46.92307692307692,
              3.846153846153846
            ],
            [
              46.15384615384615,
              37.692307692307686,
              16.153846153846153
            ],
            [
              21.53846153846154,
              50.0,
              28.46153846153846
            ]
          ]
        },
        {
          "participant": "3228",
          "train_size": 1,
          "n_seeds": 10,
          "n_train_samples_mean": 3.0,
          "n_test_samples_mean": 30.0,
          "test_acc_mean": 0.3866666666666667,
          "test_acc_std": 0.044996570514036875,
          "test_bal_acc_mean": 0.29743589743589743,
          "test_bal_acc_std": 0.03461274654925911,
          "test_f1_mean": 0.3554333171819263,
          "test_f1_std": 0.03906048319754802,
          "test_kappa_mean": -0.07664059843590623,
          "test_kappa_std": 0.07778010754594464,
          "confusion_matrix": [
            [
              0.0,
              62.5,
              37.5
            ],
            [
              0.7692307692307693,
              36.92307692307692,
              62.30769230769231
            ],
            [
              1.5384615384615385,
              46.15384615384615,
              52.30769230769231
            ]
          ]
        },
        {
          "participant": "3229",
          "train_size": 1,
          "n_seeds": 10,
          "n_train_samples_mean": 3.0,
          "n_test_samples_mean": 39.0,
          "test_acc_mean": 0.43076923076923074,
          "test_acc_std": 0.055126548706314865,
          "test_bal_acc_mean": 0.43076923076923085,
          "test_bal_acc_std": 0.05512654870631488,
          "test_f1_mean": 0.36346191720218196,
          "test_f1_std": 0.08815561053462911,
          "test_kappa_mean": 0.14615384615384613,
          "test_kappa_std": 0.08268982305947233,
          "confusion_matrix": [
            [
              10.76923076923077,
              19.23076923076923,
              70.0
            ],
            [
              0.0,
              41.53846153846153,
              58.46153846153847
            ],
            [
              0.7692307692307693,
              22.307692307692307,
              76.92307692307692
            ]
          ]
        },
        {
          "participant": "3230",
          "train_size": 1,
          "n_seeds": 10,
          "n_train_samples_mean": 3.0,
          "n_test_samples_mean": 39.0,
          "test_acc_mean": 0.4871794871794872,
          "test_acc_std": 0.05268729917067501,
          "test_bal_acc_mean": 0.4871794871794872,
          "test_bal_acc_std": 0.05268729917067501,
          "test_f1_mean": 0.433081068467402,
          "test_f1_std": 0.06405776233625499,
          "test_kappa_mean": 0.23076923076923075,
          "test_kappa_std": 0.0790309487560125,
          "confusion_matrix": [
            [
              23.846153846153847,
              6.9230769230769225,
              69.23076923076924
            ],
            [
              16.923076923076927,
              30.0,
              53.07692307692308
            ],
            [
              4.615384615384616,
              3.076923076923077,
              92.30769230769229
            ]
          ]
        },
        {
          "participant": "3232",
          "train_size": 1,
          "n_seeds": 10,
          "n_train_samples_mean": 3.0,
          "n_test_samples_mean": 39.0,
          "test_acc_mean": 0.5025641025641026,
          "test_acc_std": 0.04221910781274688,
          "test_bal_acc_mean": 0.5025641025641026,
          "test_bal_acc_std": 0.042219107812746924,
          "test_f1_mean": 0.4877171386487314,
          "test_f1_std": 0.05143627849980138,
          "test_kappa_mean": 0.2538461538461539,
          "test_kappa_std": 0.06332866171912035,
          "confusion_matrix": [
            [
              36.92307692307692,
              20.769230769230766,
              42.30769230769231
            ],
            [
              41.53846153846153,
              43.84615384615385,
              14.615384615384617
            ],
            [
              14.615384615384617,
              15.384615384615383,
              70.0
            ]
          ]
        },
        {
          "participant": "3233",
          "train_size": 1,
          "n_seeds": 10,
          "n_train_samples_mean": 3.0,
          "n_test_samples_mean": 39.0,
          "test_acc_mean": 0.41282051282051285,
          "test_acc_std": 0.07196763909408847,
          "test_bal_acc_mean": 0.41282051282051285,
          "test_bal_acc_std": 0.07196763909408847,
          "test_f1_mean": 0.3870877528469242,
          "test_f1_std": 0.07866587905835419,
          "test_kappa_mean": 0.11923076923076921,
          "test_kappa_std": 0.10795145864113274,
          "confusion_matrix": [
            [
              63.84615384615385,
              20.0,
              16.153846153846153
            ],
            [
              68.46153846153848,
              30.769230769230766,
              0.7692307692307693
            ],
            [
              34.61538461538462,
              36.153846153846146,
              29.230769230769234
            ]
          ]
        },
        {
          "participant": "3234",
          "train_size": 1,
          "n_seeds": 10,
          "n_train_samples_mean": 3.0,
          "n_test_samples_mean": 39.0,
          "test_acc_mean": 0.39230769230769236,
          "test_acc_std": 0.04530720779726007,
          "test_bal_acc_mean": 0.3923076923076923,
          "test_bal_acc_std": 0.04530720779726005,
          "test_f1_mean": 0.3395138714980153,
          "test_f1_std": 0.0546988734294655,
          "test_kappa_mean": 0.08846153846153847,
          "test_kappa_std": 0.06796081169589015,
          "confusion_matrix": [
            [
              27.69230769230769,
              1.5384615384615385,
              70.76923076923076
            ],
            [
              30.0,
              15.384615384615383,
              54.61538461538462
            ],
            [
              22.30769230769231,
              3.076923076923077,
              74.61538461538461
            ]
          ]
        },
        {
          "participant": "3235",
          "train_size": 1,
          "n_seeds": 10,
          "n_train_samples_mean": 3.0,
          "n_test_samples_mean": 38.0,
          "test_acc_mean": 0.5,
          "test_acc_std": 0.037216146378239355,
          "test_bal_acc_mean": 0.507051282051282,
          "test_bal_acc_std": 0.03764903636920487,
          "test_f1_mean": 0.47827728156678306,
          "test_f1_std": 0.040636481410731506,
          "test_kappa_mean": 0.2524582636950922,
          "test_kappa_std": 0.056297599092701246,
          "confusion_matrix": [
            [
              77.49999999999999,
              17.499999999999996,
              4.999999999999998
            ],
            [
              34.61538461538462,
              41.53846153846153,
              23.846153846153843
            ],
            [
              16.153846153846153,
              50.76923076923077,
              33.07692307692308
            ]
          ]
        },
        {
          "participant": "3236",
          "train_size": 1,
          "n_seeds": 10,
          "n_train_samples_mean": 3.0,
          "n_test_samples_mean": 31.0,
          "test_acc_mean": 0.635483870967742,
          "test_acc_std": 0.06279054331465131,
          "test_bal_acc_mean": 0.5297435897435897,
          "test_bal_acc_std": 0.07671577003777556,
          "test_f1_mean": 0.5841167600445539,
          "test_f1_std": 0.08048244266013978,
          "test_kappa_mean": 0.37768458317867426,
          "test_kappa_std": 0.11086541922844151,
          "confusion_matrix": [
            [
              46.92307692307692,
              0.7692307692307693,
              52.30769230769231
            ],
            [
              0.0,
              12.0,
              88.0
            ],
            [
              0.0,
              0.0,
              100.0
            ]
          ]
        },
        {
          "participant": "3237",
          "train_size": 1,
          "n_seeds": 10,
          "n_train_samples_mean": 3.0,
          "n_test_samples_mean": 36.0,
          "test_acc_mean": 0.5,
          "test_acc_std": 0.0680413817439772,
          "test_bal_acc_mean": 0.4861538461538462,
          "test_bal_acc_std": 0.06047514400031159,
          "test_f1_mean": 0.49043950784824136,
          "test_f1_std": 0.061383480708615636,
          "test_kappa_mean": 0.2425714845985479,
          "test_kappa_std": 0.09651454167873075,
          "confusion_matrix": [
            [
              55.384615384615394,
              26.923076923076923,
              17.69230769230769
            ],
            [
              32.0,
              32.0,
              36.0
            ],
            [
              24.615384615384613,
              16.923076923076923,
              58.46153846153845
            ]
          ]
        },
        {
          "participant": "3238",
          "train_size": 1,
          "n_seeds": 10,
          "n_train_samples_mean": 3.0,
          "n_test_samples_mean": 39.0,
          "test_acc_mean": 0.5076923076923077,
          "test_acc_std": 0.04324482270315731,
          "test_bal_acc_mean": 0.5076923076923078,
          "test_bal_acc_std": 0.04324482270315732,
          "test_f1_mean": 0.488334974088373,
          "test_f1_std": 0.05731778870779178,
          "test_kappa_mean": 0.2615384615384615,
          "test_kappa_std": 0.06486723405473599,
          "confusion_matrix": [
            [
              26.923076923076927,
              64.61538461538461,
              8.461538461538462
            ],
            [
              2.3076923076923075,
              60.0,
              37.69230769230769
            ],
            [
              1.5384615384615385,
              33.07692307692308,
              65.38461538461539
            ]
          ]
        },
        {
          "participant": "3239",
          "train_size": 1,
          "n_seeds": 10,
          "n_train_samples_mean": 3.0,
          "n_test_samples_mean": 38.0,
          "test_acc_mean": 0.5605263157894738,
          "test_acc_std": 0.05691623928950292,
          "test_bal_acc_mean": 0.566880341880342,
          "test_bal_acc_std": 0.05668593963647021,
          "test_f1_mean": 0.5455246166995933,
          "test_f1_std": 0.07270776027354188,
          "test_kappa_mean": 0.34676419161050115,
          "test_kappa_std": 0.08385865293106232,
          "confusion_matrix": [
            [
              55.38461538461538,
              39.23076923076923,
              5.384615384615385
            ],
            [
              18.333333333333336,
              80.83333333333334,
              0.8333333333333333
            ],
            [
              15.384615384615383,
              50.769230769230774,
              33.84615384615385
            ]
          ]
        },
        {
          "participant": "3240",
          "train_size": 1,
          "n_seeds": 10,
          "n_train_samples_mean": 3.0,
          "n_test_samples_mean": 37.0,
          "test_acc_mean": 0.554054054054054,
          "test_acc_std": 0.054428135016191766,
          "test_bal_acc_mean": 0.5536324786324787,
          "test_bal_acc_std": 0.05049902755976859,
          "test_f1_mean": 0.5382793635872134,
          "test_f1_std": 0.06364330102404517,
          "test_kappa_mean": 0.33109062361003094,
          "test_kappa_std": 0.07861643831920953,
          "confusion_matrix": [
            [
              49.16666666666667,
              18.333333333333332,
              32.50000000000001
            ],
            [
              10.76923076923077,
              56.92307692307692,
              32.30769230769231
            ],
            [
              14.166666666666666,
              25.833333333333336,
              60.0
            ]
          ]
        },
        {
          "participant": "3241",
          "train_size": 1,
          "n_seeds": 10,
          "n_train_samples_mean": 3.0,
          "n_test_samples_mean": 39.0,
          "test_acc_mean": 0.2897435897435897,
          "test_acc_std": 0.036362474164414786,
          "test_bal_acc_mean": 0.2897435897435897,
          "test_bal_acc_std": 0.03636247416441477,
          "test_f1_mean": 0.2686725932694159,
          "test_f1_std": 0.03884689976187709,
          "test_kappa_mean": -0.06538461538461544,
          "test_kappa_std": 0.05454371124662218,
          "confusion_matrix": [
            [
              39.99999999999999,
              38.46153846153845,
              21.538461538461533
            ],
            [
              68.46153846153848,
              26.923076923076916,
              4.615384615384615
            ],
            [
              56.153846153846146,
              23.846153846153843,
              19.999999999999996
            ]
          ]
        },
        {
          "participant": "3242",
          "train_size": 1,
          "n_seeds": 10,
          "n_train_samples_mean": 3.0,
          "n_test_samples_mean": 39.0,
          "test_acc_mean": 0.4615384615384615,
          "test_acc_std": 0.04187161953475517,
          "test_bal_acc_mean": 0.4615384615384615,
          "test_bal_acc_std": 0.041871619534755156,
          "test_f1_mean": 0.39957300197461587,
          "test_f1_std": 0.05934866082109602,
          "test_kappa_mean": 0.19230769230769226,
          "test_kappa_std": 0.06280742930213276,
          "confusion_matrix": [
            [
              81.53846153846153,
              8.461538461538462,
              10.0
            ],
            [
              52.30769230769231,
              44.61538461538462,
              3.076923076923077
            ],
            [
              63.07692307692307,
              24.615384615384613,
              12.307692307692308
            ]
          ]
        },
        {
          "participant": "3243",
          "train_size": 1,
          "n_seeds": 10,
          "n_train_samples_mean": 3.0,
          "n_test_samples_mean": 38.0,
          "test_acc_mean": 0.4631578947368421,
          "test_acc_std": 0.04151634935508504,
          "test_bal_acc_mean": 0.47094017094017093,
          "test_bal_acc_std": 0.04023050281049314,
          "test_f1_mean": 0.42035740443099306,
          "test_f1_std": 0.07450299300346992,
          "test_kappa_mean": 0.20441113584572945,
          "test_kappa_std": 0.06068602229091727,
          "confusion_matrix": [
            [
              76.66666666666667,
              21.666666666666664,
              1.6666666666666665
            ],
            [
              50.76923076923077,
              48.46153846153847,
              0.7692307692307693
            ],
            [
              65.38461538461539,
              18.46153846153846,
              16.153846153846153
            ]
          ]
        },
        {
          "participant": "3244",
          "train_size": 1,
          "n_seeds": 10,
          "n_train_samples_mean": 3.0,
          "n_test_samples_mean": 39.0,
          "test_acc_mean": 0.4230769230769231,
          "test_acc_std": 0.09613010153164096,
          "test_bal_acc_mean": 0.4230769230769231,
          "test_bal_acc_std": 0.09613010153164096,
          "test_f1_mean": 0.3973112361045371,
          "test_f1_std": 0.10270166081301443,
          "test_kappa_mean": 0.13461538461538464,
          "test_kappa_std": 0.14419515229746144,
          "confusion_matrix": [
            [
              33.07692307692307,
              13.846153846153845,
              53.07692307692308
            ],
            [
              28.461538461538463,
              42.30769230769231,
              29.230769230769234
            ],
            [
              32.30769230769231,
              16.153846153846153,
              51.53846153846155
            ]
          ]
        },
        {
          "participant": "3245",
          "train_size": 1,
          "n_seeds": 10,
          "n_train_samples_mean": 3.0,
          "n_test_samples_mean": 37.0,
          "test_acc_mean": 0.6108108108108108,
          "test_acc_std": 0.04628912640960406,
          "test_bal_acc_mean": 0.607925407925408,
          "test_bal_acc_std": 0.04306295049382421,
          "test_f1_mean": 0.6054028020444417,
          "test_f1_std": 0.049229945668071415,
          "test_kappa_mean": 0.41473382896568217,
          "test_kappa_std": 0.06847065391884705,
          "confusion_matrix": [
            [
              52.30769230769231,
              23.076923076923073,
              24.61538461538461
            ],
            [
              11.538461538461538,
              74.61538461538461,
              13.846153846153845
            ],
            [
              2.7272727272727275,
              41.81818181818183,
              55.45454545454545
            ]
          ]
        },
        {
          "participant": "3246",
          "train_size": 1,
          "n_seeds": 10,
          "n_train_samples_mean": 3.0,
          "n_test_samples_mean": 39.0,
          "test_acc_mean": 0.4769230769230769,
          "test_acc_std": 0.06858941076150044,
          "test_bal_acc_mean": 0.4769230769230769,
          "test_bal_acc_std": 0.06858941076150044,
          "test_f1_mean": 0.4612958325303743,
          "test_f1_std": 0.06701037176458027,
          "test_kappa_mean": 0.21538461538461537,
          "test_kappa_std": 0.10288411614225068,
          "confusion_matrix": [
            [
              30.769230769230766,
              5.384615384615385,
              63.846153846153854
            ],
            [
              37.69230769230769,
              43.07692307692307,
              19.23076923076923
            ],
            [
              10.76923076923077,
              19.999999999999996,
              69.23076923076923
            ]
          ]
        },
        {
          "participant": "3247",
          "train_size": 1,
          "n_seeds": 10,
          "n_train_samples_mean": 3.0,
          "n_test_samples_mean": 39.0,
          "test_acc_mean": 0.46153846153846156,
          "test_acc_std": 0.04358136336404089,
          "test_bal_acc_mean": 0.46153846153846156,
          "test_bal_acc_std": 0.04358136336404088,
          "test_f1_mean": 0.4119873205972294,
          "test_f1_std": 0.05235797186324798,
          "test_kappa_mean": 0.19230769230769235,
          "test_kappa_std": 0.06537204504606134,
          "confusion_matrix": [
            [
              67.69230769230771,
              13.846153846153845,
              18.46153846153846
            ],
            [
              68.46153846153845,
              12.307692307692308,
              19.230769230769226
            ],
            [
              39.23076923076923,
              2.3076923076923075,
              58.46153846153845
            ]
          ]
        },
        {
          "participant": "3248",
          "train_size": 1,
          "n_seeds": 10,
          "n_train_samples_mean": 3.0,
          "n_test_samples_mean": 38.0,
          "test_acc_mean": 0.5,
          "test_acc_std": 0.05263157894736845,
          "test_bal_acc_mean": 0.5057692307692309,
          "test_bal_acc_std": 0.054299950186187836,
          "test_f1_mean": 0.4524395758393168,
          "test_f1_std": 0.05618107980090896,
          "test_kappa_mean": 0.2513648484452812,
          "test_kappa_std": 0.08030612368795122,
          "confusion_matrix": [
            [
              72.5,
              0.0,
              27.5
            ],
            [
              20.769230769230766,
              14.615384615384613,
              64.61538461538461
            ],
            [
              24.615384615384617,
              10.76923076923077,
              64.61538461538461
            ]
          ]
        },
        {
          "participant": "3250",
          "train_size": 1,
          "n_seeds": 10,
          "n_train_samples_mean": 3.0,
          "n_test_samples_mean": 39.0,
          "test_acc_mean": 0.4871794871794871,
          "test_acc_std": 0.03626188621469472,
          "test_bal_acc_mean": 0.4871794871794871,
          "test_bal_acc_std": 0.03626188621469475,
          "test_f1_mean": 0.4850367876733479,
          "test_f1_std": 0.035474113791197415,
          "test_kappa_mean": 0.23076923076923075,
          "test_kappa_std": 0.05439282932204216,
          "confusion_matrix": [
            [
              52.30769230769231,
              11.538461538461538,
              36.15384615384615
            ],
            [
              29.230769230769234,
              50.0,
              20.76923076923077
            ],
            [
              36.153846153846146,
              19.999999999999996,
              43.84615384615384
            ]
          ]
        }
      ]
    },
    {
      "aggregated": {
        "train_size": 2,
        "n_participants": 36,
        "n_seeds": 10,
        "test_acc_mean": 0.5454740705833786,
        "test_acc_std": 0.1018687576451423,
        "test_bal_acc_mean": 0.5419982229704452,
        "test_bal_acc_std": 0.11118760727774671,
        "test_f1_mean": 0.5237993733502982,
        "test_f1_std": 0.11409501417631622,
        "test_kappa_mean": 0.30886826995921335,
        "test_kappa_std": 0.1579535411566616,
        "confusion_matrix": [
          [
            55.18097643097643,
            26.266835016835014,
            18.552188552188554
          ],
          [
            20.45314253647587,
            52.17031425364759,
            27.376543209876544
          ],
          [
            15.801266634599964,
            28.95055715889049,
            55.24817620650953
          ]
        ]
      },
      "per_participant": [
        {
          "participant": "3208",
          "train_size": 2,
          "n_seeds": 10,
          "n_train_samples_mean": 6.0,
          "n_test_samples_mean": 36.0,
          "test_acc_mean": 0.5083333333333333,
          "test_acc_std": 0.03939268034478268,
          "test_bal_acc_mean": 0.5083333333333333,
          "test_bal_acc_std": 0.03939268034478268,
          "test_f1_mean": 0.5054487047123775,
          "test_f1_std": 0.04291298339072492,
          "test_kappa_mean": 0.2625,
          "test_kappa_std": 0.05908902051717403,
          "confusion_matrix": [
            [
              37.5,
              42.49999999999999,
              19.999999999999996
            ],
            [
              28.333333333333332,
              59.166666666666664,
              12.499999999999995
            ],
            [
              10.83333333333333,
              33.33333333333333,
              55.83333333333333
            ]
          ]
        },
        {
          "participant": "3209",
          "train_size": 2,
          "n_seeds": 10,
          "n_train_samples_mean": 6.0,
          "n_test_samples_mean": 35.0,
          "test_acc_mean": 0.5542857142857143,
          "test_acc_std": 0.04301558015480463,
          "test_bal_acc_mean": 0.5409090909090909,
          "test_bal_acc_std": 0.04198303523357658,
          "test_f1_mean": 0.4994691270920856,
          "test_f1_std": 0.04154159907793503,
          "test_kappa_mean": 0.324679320100525,
          "test_kappa_std": 0.06513524480976773,
          "confusion_matrix": [
            [
              67.5,
              12.499999999999998,
              19.999999999999996
            ],
            [
              9.999999999999996,
              87.5,
              2.4999999999999996
            ],
            [
              63.636363636363626,
              29.090909090909086,
              7.272727272727273
            ]
          ]
        },
        {
          "participant": "3214",
          "train_size": 2,
          "n_seeds": 10,
          "n_train_samples_mean": 6.0,
          "n_test_samples_mean": 36.0,
          "test_acc_mean": 0.5138888888888888,
          "test_acc_std": 0.030003429159295665,
