{
  "name": "perf_gsr",
  "config": {
    "n_seeds": 10,
    "feature_selection": "backward",
    "use_pca": false,
    "pca_variance": 0.95,
    "write_cm": true,
    "tune_hyperparameters": false,
    "tune_n_iter": 30,
    "tune_cv_folds": 5,
    "use_pose_derivatives": true,
    "use_time_features": false,
    "class_config": "all",
    "include_order": false,
    "name": "perf_gsr",
    "feature_groups": [
      "performance",
      "gsr"
    ],
    "split_strategy": "participant_specific",
    "sampling_strategy": "temporal_stratified"
  },
  "sampling_strategy": "temporal_stratified",
  "n_seeds": 10,
  "learning_curve": [
    {
      "aggregated": {
        "train_size": 1,
        "n_participants": 40,
        "n_seeds": 10,
        "test_acc_mean": 0.3919927278603749,
        "test_acc_std": 0.09088443835407606,
        "test_bal_acc_mean": 0.39265402421652423,
        "test_bal_acc_std": 0.09019010293109296,
        "test_f1_mean": 0.350098040921407,
        "test_f1_std": 0.09858009094999881,
        "test_kappa_mean": 0.08789385160361343,
        "test_kappa_std": 0.13573677227778785,
        "confusion_matrix": [
          [
            18.528846153846153,
            61.83653846153845,
            19.634615384615387
          ],
          [
            22.061965811965802,
            38.361111111111114,
            39.57692307692309
          ],
          [
            10.94230769230769,
            28.151442307692303,
            60.906250000000014
          ]
        ]
      },
      "per_participant": [
        {
          "participant": "3208",
          "train_size": 1,
          "n_seeds": 10,
          "n_train_samples_mean": 3.0,
          "n_test_samples_mean": 39.0,
          "test_acc_mean": 0.3871794871794872,
          "test_acc_std": 0.022451154763356736,
          "test_bal_acc_mean": 0.3871794871794872,
          "test_bal_acc_std": 0.02245115476335674,
          "test_f1_mean": 0.2997777369972492,
          "test_f1_std": 0.03269334359616345,
          "test_kappa_mean": 0.08076923076923076,
          "test_kappa_std": 0.033676732145035145,
          "confusion_matrix": [
            [
              1.5384615384615385,
              52.30769230769231,
              46.15384615384615
            ],
            [
              24.615384615384617,
              22.307692307692307,
              53.07692307692307
            ],
            [
              0.0,
              7.692307692307692,
              92.30769230769229
            ]
          ]
        },
        {
          "participant": "3209",
          "train_size": 1,
          "n_seeds": 10,
          "n_train_samples_mean": 3.0,
          "n_test_samples_mean": 39.0,
          "test_acc_mean": 0.24871794871794867,
          "test_acc_std": 0.07553350801807078,
          "test_bal_acc_mean": 0.24871794871794872,
          "test_bal_acc_std": 0.07553350801807078,
          "test_f1_mean": 0.22365856077313878,
          "test_f1_std": 0.06278694762113932,
          "test_kappa_mean": -0.12692307692307697,
          "test_kappa_std": 0.11330026202710618,
          "confusion_matrix": [
            [
              6.153846153846154,
              66.92307692307693,
              26.923076923076923
            ],
            [
              31.53846153846154,
              36.92307692307692,
              31.53846153846154
            ],
            [
              21.538461538461537,
              46.92307692307692,
              31.538461538461537
            ]
          ]
        },
        {
          "participant": "3210",
          "train_size": 1,
          "n_seeds": 10,
          "n_train_samples_mean": 3.0,
          "n_test_samples_mean": 39.0,
          "test_acc_mean": 0.15384615384615383,
          "test_acc_std": 0.027028014189473332,
          "test_bal_acc_mean": 0.15384615384615385,
          "test_bal_acc_std": 0.027028014189473332,
          "test_f1_mean": 0.1662794394324637,
          "test_f1_std": 0.029415990349397982,
          "test_kappa_mean": -0.2692307692307693,
          "test_kappa_std": 0.04054202128421001,
          "confusion_matrix": [
            [
              6.9230769230769225,
              69.23076923076921,
              23.846153846153843
            ],
            [
              72.3076923076923,
              7.692307692307692,
              19.999999999999996
            ],
            [
              47.692307692307686,
              20.769230769230766,
              31.53846153846154
            ]
          ]
        },
        {
          "participant": "3214",
          "train_size": 1,
          "n_seeds": 10,
          "n_train_samples_mean": 3.0,
          "n_test_samples_mean": 39.0,
          "test_acc_mean": 0.45641025641025645,
          "test_acc_std": 0.02648193740996525,
          "test_bal_acc_mean": 0.45641025641025645,
          "test_bal_acc_std": 0.026481937409965232,
          "test_f1_mean": 0.41394455792212304,
          "test_f1_std": 0.03385245194388951,
          "test_kappa_mean": 0.1846153846153846,
          "test_kappa_std": 0.039722906114947845,
          "confusion_matrix": [
            [
              34.61538461538462,
              35.38461538461539,
              30.0
            ],
            [
              7.692307692307692,
              13.846153846153845,
              78.46153846153848
            ],
            [
              0.0,
              11.538461538461538,
              88.46153846153844
            ]
          ]
        },
        {
          "participant": "3215",
          "train_size": 1,
          "n_seeds": 10,
          "n_train_samples_mean": 3.0,
          "n_test_samples_mean": 39.0,
          "test_acc_mean": 0.3435897435897436,
          "test_acc_std": 0.013240968704982632,
          "test_bal_acc_mean": 0.3435897435897436,
          "test_bal_acc_std": 0.013240968704982646,
          "test_f1_mean": 0.25526388463594457,
          "test_f1_std": 0.02166360412015477,
          "test_kappa_mean": 0.015384615384615375,
          "test_kappa_std": 0.019861453057473968,
          "confusion_matrix": [
            [
              0.0,
              47.69230769230769,
              52.30769230769231
            ],
            [
              0.0,
              26.923076923076923,
              73.0769230769231
            ],
            [
              0.0,
              23.846153846153847,
              76.15384615384615
            ]
          ]
        },
        {
          "participant": "3216",
          "train_size": 1,
          "n_seeds": 10,
          "n_train_samples_mean": 3.0,
          "n_test_samples_mean": 39.0,
          "test_acc_mean": 0.37435897435897436,
          "test_acc_std": 0.036662582204320025,
          "test_bal_acc_mean": 0.37435897435897436,
          "test_bal_acc_std": 0.036662582204320025,
          "test_f1_mean": 0.36951690055878517,
          "test_f1_std": 0.03811871435151965,
          "test_kappa_mean": 0.06153846153846151,
          "test_kappa_std": 0.05499387330648006,
          "confusion_matrix": [
            [
              30.769230769230774,
              60.0,
              9.23076923076923
            ],
            [
              36.92307692307692,
              20.769230769230766,
              42.30769230769231
            ],
            [
              0.0,
              39.230769230769226,
              60.769230769230774
            ]
          ]
        },
        {
          "participant": "3217",
          "train_size": 1,
          "n_seeds": 10,
          "n_train_samples_mean": 3.0,
          "n_test_samples_mean": 39.0,
          "test_acc_mean": 0.32307692307692304,
          "test_acc_std": 0.024771584181520402,
          "test_bal_acc_mean": 0.32307692307692304,
          "test_bal_acc_std": 0.024771584181520402,
          "test_f1_mean": 0.3324393265552098,
          "test_f1_std": 0.025028086142205468,
          "test_kappa_mean": -0.015384615384615418,
          "test_kappa_std": 0.03715737627228062,
          "confusion_matrix": [
            [
              30.769230769230766,
              57.6923076923077,
              11.538461538461538
            ],
            [
              23.076923076923073,
              26.923076923076923,
              50.0
            ],
            [
              3.076923076923077,
              57.6923076923077,
              39.230769230769226
            ]
          ]
        },
        {
          "participant": "3218",
          "train_size": 1,
          "n_seeds": 10,
          "n_train_samples_mean": 3.0,
          "n_test_samples_mean": 39.0,
          "test_acc_mean": 0.5384615384615384,
          "test_acc_std": 0.0,
          "test_bal_acc_mean": 0.5384615384615384,
          "test_bal_acc_std": 0.0,
          "test_f1_mean": 0.4632034632034632,
          "test_f1_std": 0.0,
          "test_kappa_mean": 0.30769230769230765,
          "test_kappa_std": 5.851389114294502e-17,
          "confusion_matrix": [
            [
              0.0,
              100.0,
              0.0
            ],
            [
              7.692307692307692,
              92.30769230769229,
              0.0
            ],
            [
              0.0,
              30.769230769230766,
              69.23076923076924
            ]
          ]
        },
        {
          "participant": "3219",
          "train_size": 1,
          "n_seeds": 10,
          "n_train_samples_mean": 3.0,
          "n_test_samples_mean": 34.0,
          "test_acc_mean": 0.3205882352941177,
          "test_acc_std": 0.01669547682933961,
          "test_bal_acc_mean": 0.4028846153846154,
          "test_bal_acc_std": 0.02066417187122155,
          "test_f1_mean": 0.24552895645227296,
          "test_f1_std": 0.016031422469312474,
          "test_kappa_mean": 0.05080803977789342,
          "test_kappa_std": 0.02059790460495322,
          "confusion_matrix": [
            [
              7.692307692307692,
              43.07692307692308,
              49.23076923076924
            ],
            [
              16.923076923076923,
              16.923076923076923,
              66.15384615384616
            ],
            [
              0.0,
              3.75,
              96.25
            ]
          ]
        },
        {
          "participant": "3220",
          "train_size": 1,
          "n_seeds": 10,
          "n_train_samples_mean": 3.0,
          "n_test_samples_mean": 39.0,
          "test_acc_mean": 0.458974358974359,
          "test_acc_std": 0.030697923070201652,
          "test_bal_acc_mean": 0.458974358974359,
          "test_bal_acc_std": 0.03069792307020164,
          "test_f1_mean": 0.3936272500151219,
          "test_f1_std": 0.04083829504224256,
          "test_kappa_mean": 0.1884615384615385,
          "test_kappa_std": 0.04604688460530249,
          "confusion_matrix": [
            [
              3.076923076923077,
              83.07692307692308,
              13.846153846153845
            ],
            [
              8.461538461538462,
              70.00000000000003,
              21.538461538461537
            ],
            [
              0.0,
              35.38461538461538,
              64.61538461538461
            ]
          ]
        },
        {
          "participant": "3221",
          "train_size": 1,
          "n_seeds": 10,
          "n_train_samples_mean": 3.0,
          "n_test_samples_mean": 39.0,
          "test_acc_mean": 0.3820512820512821,
          "test_acc_std": 0.030697923070201666,
          "test_bal_acc_mean": 0.382051282051282,
          "test_bal_acc_std": 0.030697923070201673,
          "test_f1_mean": 0.3218490798490799,
          "test_f1_std": 0.045155070821962434,
          "test_kappa_mean": 0.07307692307692308,
          "test_kappa_std": 0.04604688460530251,
          "confusion_matrix": [
            [
              16.153846153846153,
              40.0,
              43.846153846153854
            ],
            [
              36.92307692307692,
              12.307692307692308,
              50.76923076923077
            ],
            [
              0.0,
              13.846153846153845,
              86.15384615384616
            ]
          ]
        },
        {
          "participant": "3222",
          "train_size": 1,
          "n_seeds": 10,
          "n_train_samples_mean": 3.0,
          "n_test_samples_mean": 35.0,
          "test_acc_mean": 0.4514285714285714,
          "test_acc_std": 0.0891379730041721,
          "test_bal_acc_mean": 0.46096866096866096,
          "test_bal_acc_std": 0.07958871885589067,
          "test_f1_mean": 0.44648958828286556,
          "test_f1_std": 0.08366355091450359,
          "test_kappa_mean": 0.20616105273251079,
          "test_kappa_std": 0.11511784488569173,
          "confusion_matrix": [
            [
              11.538461538461538,
              85.38461538461539,
              3.076923076923077
            ],
            [
              45.55555555555556,
              54.44444444444444,
              0.0
            ],
            [
              6.9230769230769225,
              20.769230769230766,
              72.3076923076923
            ]
          ]
        },
        {
          "participant": "3223",
          "train_size": 1,
          "n_seeds": 10,
          "n_train_samples_mean": 3.0,
          "n_test_samples_mean": 39.0,
          "test_acc_mean": 0.4384615384615385,
          "test_acc_std": 0.03715737627228061,
          "test_bal_acc_mean": 0.4384615384615385,
          "test_bal_acc_std": 0.037157376272280614,
          "test_f1_mean": 0.353091365388579,
          "test_f1_std": 0.03880072803162117,
          "test_kappa_mean": 0.15769230769230766,
          "test_kappa_std": 0.05573606440842091,
          "confusion_matrix": [
            [
              0.0,
              75.3846153846154,
              24.615384615384617
            ],
            [
              19.999999999999996,
              35.38461538461539,
              44.61538461538461
            ],
            [
              3.846153846153846,
              0.0,
              96.15384615384616
            ]
          ]
        },
        {
          "participant": "3224",
          "train_size": 1,
          "n_seeds": 10,
          "n_train_samples_mean": 3.0,
          "n_test_samples_mean": 39.0,
          "test_acc_mean": 0.4948717948717949,
          "test_acc_std": 0.021109553906373434,
          "test_bal_acc_mean": 0.4948717948717949,
          "test_bal_acc_std": 0.021109553906373455,
          "test_f1_mean": 0.47108842681058116,
          "test_f1_std": 0.02511345430604413,
          "test_kappa_mean": 0.24230769230769228,
          "test_kappa_std": 0.031664330859560205,
          "confusion_matrix": [
            [
              39.230769230769226,
              21.538461538461537,
              39.23076923076923
            ],
            [
              0.0,
              23.846153846153847,
              76.15384615384616
            ],
            [
              7.692307692307692,
              6.9230769230769225,
              85.38461538461539
            ]
          ]
        },
        {
          "participant": "3225",
          "train_size": 1,
          "n_seeds": 10,
          "n_train_samples_mean": 3.0,
          "n_test_samples_mean": 39.0,
          "test_acc_mean": 0.2897435897435897,
          "test_acc_std": 0.03209398864191212,
          "test_bal_acc_mean": 0.2897435897435897,
          "test_bal_acc_std": 0.032093988641912125,
          "test_f1_mean": 0.20483558298674182,
          "test_f1_std": 0.021022320711130978,
          "test_kappa_mean": -0.06538461538461542,
          "test_kappa_std": 0.0481409829628681,
          "confusion_matrix": [
            [
              12.307692307692308,
              87.69230769230768,
              0.0
            ],
            [
              25.384615384615383,
              72.3076923076923,
              2.3076923076923075
            ],
            [
              26.15384615384615,
              71.53846153846152,
              2.3076923076923075
            ]
          ]
        },
        {
          "participant": "3226",
          "train_size": 1,
          "n_seeds": 10,
          "n_train_samples_mean": 3.0,
          "n_test_samples_mean": 39.0,
          "test_acc_mean": 0.3538461538461538,
          "test_acc_std": 0.020225913788374756,
          "test_bal_acc_mean": 0.35384615384615387,
          "test_bal_acc_std": 0.02022591378837477,
          "test_f1_mean": 0.26998657938704895,
          "test_f1_std": 0.030632779777354246,
          "test_kappa_mean": 0.030769230769230736,
          "test_kappa_std": 0.030338870682562143,
          "confusion_matrix": [
            [
              0.0,
              92.30769230769229,
              7.692307692307692
            ],
            [
              0.0,
              77.6923076923077,
              22.307692307692303
            ],
            [
              1.5384615384615385,
              70.0,
              28.461538461538463
            ]
          ]
        },
        {
          "participant": "3227",
          "train_size": 1,
          "n_seeds": 10,
          "n_train_samples_mean": 3.0,
          "n_test_samples_mean": 39.0,
          "test_acc_mean": 0.40512820512820513,
          "test_acc_std": 0.0415212232529611,
          "test_bal_acc_mean": 0.4051282051282052,
          "test_bal_acc_std": 0.041521223252961086,
          "test_f1_mean": 0.36270922865389954,
          "test_f1_std": 0.05103657864659534,
          "test_kappa_mean": 0.10769230769230771,
          "test_kappa_std": 0.062281834879441625,
          "confusion_matrix": [
            [
              7.692307692307692,
              70.0,
              22.307692307692307
            ],
            [
              43.07692307692308,
              27.692307692307697,
              29.230769230769234
            ],
            [
              8.461538461538462,
              5.384615384615385,
              86.15384615384615
            ]
          ]
        },
        {
          "participant": "3228",
          "train_size": 1,
          "n_seeds": 10,
          "n_train_samples_mean": 3.0,
          "n_test_samples_mean": 30.0,
          "test_acc_mean": 0.4333333333333333,
          "test_acc_std": 0.03849001794597506,
          "test_bal_acc_mean": 0.36794871794871786,
          "test_bal_acc_std": 0.04200226453095934,
          "test_f1_mean": 0.3840444377440348,
          "test_f1_std": 0.05346151153443794,
          "test_kappa_mean": 0.047246510095672004,
          "test_kappa_std": 0.059934946844297225,
          "confusion_matrix": [
            [
              15.0,
              65.0,
              20.0
            ],
            [
              9.23076923076923,
              18.46153846153846,
              72.3076923076923
            ],
            [
              7.692307692307692,
              15.384615384615383,
              76.92307692307692
            ]
          ]
        },
        {
          "participant": "3229",
          "train_size": 1,
          "n_seeds": 10,
          "n_train_samples_mean": 3.0,
          "n_test_samples_mean": 39.0,
          "test_acc_mean": 0.49743589743589745,
          "test_acc_std": 0.021622411351578632,
          "test_bal_acc_mean": 0.49743589743589745,
          "test_bal_acc_std": 0.021622411351578674,
          "test_f1_mean": 0.49860239843448245,
          "test_f1_std": 0.02212966401014768,
          "test_kappa_mean": 0.24615384615384617,
          "test_kappa_std": 0.03243361702736803,
          "confusion_matrix": [
            [
              41.53846153846153,
              53.07692307692307,
              5.384615384615385
            ],
            [
              18.46153846153846,
              48.46153846153846,
              33.07692307692308
            ],
            [
              22.307692307692303,
              18.46153846153846,
              59.230769230769226
            ]
          ]
        },
        {
          "participant": "3230",
          "train_size": 1,
          "n_seeds": 10,
          "n_train_samples_mean": 3.0,
          "n_test_samples_mean": 39.0,
          "test_acc_mean": 0.4615384615384615,
          "test_acc_std": 0.0735241475815609,
          "test_bal_acc_mean": 0.4615384615384615,
          "test_bal_acc_std": 0.07352414758156092,
          "test_f1_mean": 0.37321901966949655,
          "test_f1_std": 0.07449199852845516,
          "test_kappa_mean": 0.1923076923076923,
          "test_kappa_std": 0.11028622137234138,
          "confusion_matrix": [
            [
              0.0,
              100.0,
              0.0
            ],
            [
              0.0,
              76.15384615384616,
              23.846153846153847
            ],
            [
              0.0,
              37.69230769230769,
              62.30769230769231
            ]
          ]
        },
        {
          "participant": "3231",
          "train_size": 1,
          "n_seeds": 10,
          "n_train_samples_mean": 3.0,
          "n_test_samples_mean": 39.0,
          "test_acc_mean": 0.3897435897435897,
          "test_acc_std": 0.02911006216397675,
          "test_bal_acc_mean": 0.3897435897435898,
          "test_bal_acc_std": 0.02911006216397677,
          "test_f1_mean": 0.33229433347544796,
          "test_f1_std": 0.026175348511667414,
          "test_kappa_mean": 0.08461538461538462,
          "test_kappa_std": 0.04366509324596515,
          "confusion_matrix": [
            [
              13.846153846153845,
              62.30769230769231,
              23.846153846153847
            ],
            [
              15.384615384615383,
              15.384615384615383,
              69.23076923076924
            ],
            [
              4.615384615384615,
              7.692307692307692,
              87.69230769230766
            ]
          ]
        },
        {
          "participant": "3232",
          "train_size": 1,
          "n_seeds": 10,
          "n_train_samples_mean": 3.0,
          "n_test_samples_mean": 39.0,
          "test_acc_mean": 0.3384615384615385,
          "test_acc_std": 0.026481937409965253,
          "test_bal_acc_mean": 0.3384615384615385,
          "test_bal_acc_std": 0.026481937409965236,
          "test_f1_mean": 0.2952897382912628,
          "test_f1_std": 0.03379399856936759,
          "test_kappa_mean": 0.007692307692307665,
          "test_kappa_std": 0.039722906114947845,
          "confusion_matrix": [
            [
              7.692307692307692,
              63.846153846153854,
              28.46153846153846
            ],
            [
              49.23076923076924,
              14.615384615384617,
              36.15384615384615
            ],
            [
              10.0,
              10.76923076923077,
              79.23076923076924
            ]
          ]
        },
        {
          "participant": "3233",
          "train_size": 1,
          "n_seeds": 10,
          "n_train_samples_mean": 3.0,
          "n_test_samples_mean": 39.0,
          "test_acc_mean": 0.41282051282051285,
          "test_acc_std": 0.040900807227368885,
          "test_bal_acc_mean": 0.4128205128205128,
          "test_bal_acc_std": 0.0409008072273689,
          "test_f1_mean": 0.42541830930733404,
          "test_f1_std": 0.0414132851733174,
          "test_kappa_mean": 0.11923076923076921,
          "test_kappa_std": 0.061351210841053334,
          "confusion_matrix": [
            [
              27.69230769230769,
              72.3076923076923,
              0.0
            ],
            [
              43.07692307692307,
              49.230769230769226,
              7.692307692307692
            ],
            [
              11.538461538461538,
              41.53846153846153,
              46.92307692307692
            ]
          ]
        },
        {
          "participant": "3234",
          "train_size": 1,
          "n_seeds": 10,
          "n_train_samples_mean": 3.0,
          "n_test_samples_mean": 39.0,
          "test_acc_mean": 0.4,
          "test_acc_std": 0.047124952998599055,
          "test_bal_acc_mean": 0.4,
          "test_bal_acc_std": 0.047124952998599055,
          "test_f1_mean": 0.39110780561675706,
          "test_f1_std": 0.06137491946830738,
          "test_kappa_mean": 0.1,
          "test_kappa_std": 0.07068742949789858,
          "confusion_matrix": [
            [
              28.46153846153846,
              53.84615384615385,
              17.69230769230769
            ],
            [
              23.076923076923077,
              49.23076923076924,
              27.69230769230769
            ],
            [
              13.076923076923077,
              44.6153846153846,
              42.30769230769231
            ]
          ]
        },
        {
          "participant": "3235",
          "train_size": 1,
          "n_seeds": 10,
          "n_train_samples_mean": 3.0,
          "n_test_samples_mean": 39.0,
          "test_acc_mean": 0.33333333333333337,
          "test_acc_std": 0.036261886214694734,
          "test_bal_acc_mean": 0.33333333333333337,
          "test_bal_acc_std": 0.03626188621469475,
          "test_f1_mean": 0.3326418111210815,
          "test_f1_std": 0.0324202552299874,
          "test_kappa_mean": -2.2204460492503132e-17,
          "test_kappa_std": 0.05439282932204214,
          "confusion_matrix": [
            [
              46.15384615384616,
              46.15384615384615,
              7.692307692307692
            ],
            [
              76.92307692307693,
              14.615384615384617,
              8.461538461538462
            ],
            [
              49.23076923076923,
              11.538461538461538,
              39.230769230769226
            ]
          ]
        },
        {
          "participant": "3236",
          "train_size": 1,
          "n_seeds": 10,
          "n_train_samples_mean": 3.0,
          "n_test_samples_mean": 39.0,
          "test_acc_mean": 0.2846153846153846,
          "test_acc_std": 0.008108404256842006,
          "test_bal_acc_mean": 0.2846153846153846,
          "test_bal_acc_std": 0.008108404256842006,
          "test_f1_mean": 0.21735852779844428,
          "test_f1_std": 0.013283647503431022,
          "test_kappa_mean": -0.07307692307692304,
          "test_kappa_std": 0.012162606385262955,
          "confusion_matrix": [
            [
              69.23076923076924,
              30.0,
              0.7692307692307693
            ],
            [
              76.92307692307692,
              0.7692307692307693,
              22.307692307692303
            ],
            [
              84.61538461538463,
              0.0,
              15.384615384615383
            ]
          ]
        },
        {
          "participant": "3237",
          "train_size": 1,
          "n_seeds": 10,
          "n_train_samples_mean": 3.0,
          "n_test_samples_mean": 39.0,
          "test_acc_mean": 0.41794871794871796,
          "test_acc_std": 0.017306373274629566,
          "test_bal_acc_mean": 0.41794871794871796,
          "test_bal_acc_std": 0.017306373274629562,
          "test_f1_mean": 0.3468517325779387,
          "test_f1_std": 0.024385753211550197,
          "test_kappa_mean": 0.12692307692307692,
          "test_kappa_std": 0.025959559911944347,
          "confusion_matrix": [
            [
              7.692307692307692,
              53.07692307692307,
              39.23076923076923
            ],
            [
              4.615384615384615,
              30.0,
              65.38461538461539
            ],
            [
              0.0,
              12.307692307692308,
              87.69230769230771
            ]
          ]
        },
        {
          "participant": "3238",
          "train_size": 1,
          "n_seeds": 10,
          "n_train_samples_mean": 3.0,
          "n_test_samples_mean": 39.0,
          "test_acc_mean": 0.6564102564102565,
          "test_acc_std": 0.03243361702736797,
          "test_bal_acc_mean": 0.6564102564102564,
          "test_bal_acc_std": 0.03243361702736799,
          "test_f1_mean": 0.661866220109275,
          "test_f1_std": 0.03318177546817597,
          "test_kappa_mean": 0.48461538461538467,
          "test_kappa_std": 0.04865042554105196,
          "confusion_matrix": [
            [
              57.69230769230769,
              42.30769230769231,
              0.0
            ],
            [
              15.384615384615383,
              66.15384615384616,
              18.46153846153846
            ],
            [
              0.0,
              26.923076923076916,
              73.07692307692307
            ]
          ]
        },
        {
          "participant": "3239",
          "train_size": 1,
          "n_seeds": 10,
          "n_train_samples_mean": 3.0,
          "n_test_samples_mean": 39.0,
          "test_acc_mean": 0.3153846153846153,
          "test_acc_std": 0.036362474164414786,
          "test_bal_acc_mean": 0.31538461538461543,
          "test_bal_acc_std": 0.03636247416441477,
          "test_f1_mean": 0.3043469656369572,
          "test_f1_std": 0.04491830655977867,
          "test_kappa_mean": -0.026923076923076973,
          "test_kappa_std": 0.054543711246622203,
          "confusion_matrix": [
            [
              13.846153846153845,
              58.46153846153845,
              27.69230769230769
            ],
            [
              28.461538461538463,
              34.61538461538461,
              36.92307692307692
            ],
            [
              15.384615384615383,
              38.46153846153846,
              46.153846153846146
            ]
          ]
        },
        {
          "participant": "3240",
          "train_size": 1,
          "n_seeds": 10,
          "n_train_samples_mean": 3.0,
          "n_test_samples_mean": 39.0,
          "test_acc_mean": 0.44102564102564096,
          "test_acc_std": 0.07529133519844526,
          "test_bal_acc_mean": 0.44102564102564107,
          "test_bal_acc_std": 0.07529133519844526,
          "test_f1_mean": 0.4407277318662288,
          "test_f1_std": 0.071886937463292,
          "test_kappa_mean": 0.16153846153846155,
          "test_kappa_std": 0.1129370027976679,
          "confusion_matrix": [
            [
              36.15384615384615,
              63.84615384615383,
              0.0
            ],
            [
              22.307692307692303,
              46.153846153846146,
              31.538461538461537
            ],
            [
              32.30769230769231,
              17.69230769230769,
              50.00000000000001
            ]
          ]
        },
        {
          "participant": "3241",
          "train_size": 1,
          "n_seeds": 10,
          "n_train_samples_mean": 3.0,
          "n_test_samples_mean": 39.0,
          "test_acc_mean": 0.35897435897435903,
          "test_acc_std": 0.020935809767377606,
          "test_bal_acc_mean": 0.35897435897435903,
          "test_bal_acc_std": 0.020935809767377606,
          "test_f1_mean": 0.2761798816778297,
          "test_f1_std": 0.03881086968220336,
          "test_kappa_mean": 0.038461538461538436,
          "test_kappa_std": 0.03140371465106637,
          "confusion_matrix": [
            [
              0.0,
              100.0,
              0.0
            ],
            [
              0.0,
              76.92307692307692,
              23.076923076923073
            ],
            [
              0.0,
              69.23076923076923,
              30.769230769230766
            ]
          ]
        },
        {
          "participant": "3242",
          "train_size": 1,
          "n_seeds": 10,
          "n_train_samples_mean": 3.0,
          "n_test_samples_mean": 39.0,
          "test_acc_mean": 0.47435897435897434,
          "test_acc_std": 0.013514007094736645,
          "test_bal_acc_mean": 0.47435897435897434,
          "test_bal_acc_std": 0.013514007094736675,
          "test_f1_mean": 0.3985799519203549,
          "test_f1_std": 0.024766457223411472,
          "test_kappa_mean": 0.2115384615384615,
          "test_kappa_std": 0.020271010642104983,
          "confusion_matrix": [
            [
              11.538461538461538,
              36.92307692307692,
              51.53846153846153
            ],
            [
              0.0,
              30.769230769230766,
              69.23076923076924
            ],
            [
              0.0,
              0.0,
              100.0
            ]
          ]
        },
        {
          "participant": "3243",
          "train_size": 1,
          "n_seeds": 10,
          "n_train_samples_mean": 3.0,
          "n_test_samples_mean": 39.0,
          "test_acc_mean": 0.3564102564102564,
          "test_acc_std": 0.05976797858819519,
          "test_bal_acc_mean": 0.3564102564102564,
          "test_bal_acc_std": 0.05976797858819519,
          "test_f1_mean": 0.3110631139678175,
          "test_f1_std": 0.08569331934465091,
          "test_kappa_mean": 0.03461538461538458,
          "test_kappa_std": 0.08965196788229277,
          "confusion_matrix": [
            [
              9.23076923076923,
              90.76923076923075,
              0.0
            ],
            [
              8.461538461538462,
              65.38461538461539,
              26.153846153846153
            ],
            [
              6.9230769230769225,
              60.76923076923076,
              32.30769230769231
            ]
          ]
        },
        {
          "participant": "3244",
          "train_size": 1,
          "n_seeds": 10,
          "n_train_samples_mean": 3.0,
          "n_test_samples_mean": 39.0,
          "test_acc_mean": 0.47948717948717945,
          "test_acc_std": 0.02432521277052596,
          "test_bal_acc_mean": 0.47948717948717945,
          "test_bal_acc_std": 0.02432521277052604,
          "test_f1_mean": 0.4541981167627827,
          "test_f1_std": 0.024544711786655043,
          "test_kappa_mean": 0.21923076923076917,
          "test_kappa_std": 0.036487819155789004,
          "confusion_matrix": [
            [
              33.07692307692308,
              61.53846153846153,
              5.384615384615385
            ],
            [
              23.846153846153843,
              23.076923076923073,
              53.07692307692308
            ],
            [
              4.615384615384615,
              7.692307692307692,
              87.69230769230768
            ]
          ]
        },
        {
          "participant": "3245",
          "train_size": 1,
          "n_seeds": 10,
          "n_train_samples_mean": 3.0,
          "n_test_samples_mean": 39.0,
          "test_acc_mean": 0.3153846153846154,
          "test_acc_std": 0.02973081560842066,
          "test_bal_acc_mean": 0.3153846153846154,
          "test_bal_acc_std": 0.02973081560842066,
          "test_f1_mean": 0.31313544212447186,
          "test_f1_std": 0.040136260013858824,
          "test_kappa_mean": -0.02692307692307694,
          "test_kappa_std": 0.04459622341263097,
          "confusion_matrix": [
            [
              20.76923076923077,
              61.53846153846153,
              17.692307692307686
            ],
            [
              8.461538461538462,
              19.999999999999996,
              71.53846153846155
            ],
            [
              0.0,
              46.153846153846146,
              53.846153846153854
            ]
          ]
        },
        {
          "participant": "3246",
          "train_size": 1,
          "n_seeds": 10,
          "n_train_samples_mean": 3.0,
          "n_test_samples_mean": 39.0,
          "test_acc_mean": 0.27179487179487183,
          "test_acc_std": 0.036662582204320025,
          "test_bal_acc_mean": 0.27179487179487183,
          "test_bal_acc_std": 0.03666258220432003,
          "test_f1_mean": 0.2076057776367452,
          "test_f1_std": 0.03393090934131972,
          "test_kappa_mean": -0.09230769230769229,
          "test_kappa_std": 0.05499387330647999,
          "confusion_matrix": [
            [
              4.615384615384615,
              95.38461538461539,
              0.0
            ],
            [
              16.923076923076923,
              66.92307692307693,
              16.153846153846153
            ],
            [
              19.23076923076923,
              70.76923076923079,
              10.0
            ]
          ]
        },
        {
          "participant": "3247",
          "train_size": 1,
          "n_seeds": 10,
          "n_train_samples_mean": 3.0,
          "n_test_samples_mean": 39.0,
          "test_acc_mean": 0.41282051282051285,
          "test_acc_std": 0.055981274850642096,
          "test_bal_acc_mean": 0.4128205128205128,
          "test_bal_acc_std": 0.0559812748506421,
          "test_f1_mean": 0.3723037794807885,
          "test_f1_std": 0.0895768007396365,
          "test_kappa_mean": 0.11923076923076922,
          "test_kappa_std": 0.08397191227596316,
          "confusion_matrix": [
            [
              39.999999999999986,
              60.000000000000014,
              0.0
            ],
            [
              18.46153846153846,
              63.84615384615385,
              17.69230769230769
            ],
            [
              10.76923076923077,
              69.23076923076923,
              20.0
            ]
          ]
        },
        {
          "participant": "3248",
          "train_size": 1,
          "n_seeds": 10,
          "n_train_samples_mean": 3.0,
          "n_test_samples_mean": 39.0,
          "test_acc_mean": 0.29743589743589743,
          "test_acc_std": 0.027563274353157443,
          "test_bal_acc_mean": 0.29743589743589743,
          "test_bal_acc_std": 0.027563274353157415,
          "test_f1_mean": 0.2312775215873414,
          "test_f1_std": 0.02277740412076037,
          "test_kappa_mean": -0.05384615384615388,
          "test_kappa_std": 0.04134491152973614,
          "confusion_matrix": [
            [
              0.0,
              3.076923076923077,
              96.92307692307692
            ],
            [
              2.3076923076923075,
              23.076923076923077,
              74.61538461538463
            ],
            [
              12.307692307692308,
              21.53846153846154,
              66.15384615384616
            ]
          ]
        },
        {
          "participant": "3249",
          "train_size": 1,
          "n_seeds": 10,
          "n_train_samples_mean": 3.0,
          "n_test_samples_mean": 39.0,
          "test_acc_mean": 0.5025641025641026,
          "test_acc_std": 0.055654087508033176,
          "test_bal_acc_mean": 0.5025641025641026,
          "test_bal_acc_std": 0.055654087508033155,
          "test_f1_mean": 0.48628482862212064,
          "test_f1_std": 0.06840373210825054,
          "test_kappa_mean": 0.25384615384615383,
          "test_kappa_std": 0.08348113126204974,
          "confusion_matrix": [
            [
              33.07692307692307,
              60.0,
              6.9230769230769225
            ],
            [
              20.769230769230766,
              40.769230769230774,
              38.46153846153847
            ],
            [
              6.153846153846154,
              16.923076923076923,
              76.92307692307692
            ]
          ]
        },
        {
          "participant": "3250",
          "train_size": 1,
          "n_seeds": 10,
          "n_train_samples_mean": 3.0,
          "n_test_samples_mean": 39.0,
          "test_acc_mean": 0.4076923076923077,
          "test_acc_std": 0.018919609932631323,
          "test_bal_acc_mean": 0.4076923076923077,
          "test_bal_acc_std": 0.018919609932631348,
