{
  "name": "perf_gsr_ecg",
  "config": {
    "n_seeds": 10,
    "feature_selection": "backward",
    "use_pca": false,
    "pca_variance": 0.95,
    "write_cm": true,
    "tune_hyperparameters": false,
    "tune_n_iter": 30,
    "tune_cv_folds": 5,
    "use_pose_derivatives": true,
    "use_time_features": false,
    "class_config": "all",
    "include_order": false,
    "name": "perf_gsr_ecg",
    "feature_groups": [
      "performance",
      "gsr",
      "ecg"
    ],
    "split_strategy": "participant_specific",
    "sampling_strategy": "temporal_stratified"
  },
  "sampling_strategy": "temporal_stratified",
  "n_seeds": 10,
  "learning_curve": [
    {
      "aggregated": {
        "train_size": 1,
        "n_participants": 37,
        "n_seeds": 10,
        "test_acc_mean": 0.46111328523093226,
        "test_acc_std": 0.10077608205980927,
        "test_bal_acc_mean": 0.4585932085932085,
        "test_bal_acc_std": 0.10379464132699416,
        "test_f1_mean": 0.42316341174078254,
        "test_f1_std": 0.1092082361054087,
        "test_kappa_mean": 0.1870701386780886,
        "test_kappa_std": 0.15777710311620846,
        "confusion_matrix": [
          [
            42.806652806652814,
            27.156964656964657,
            30.036382536382536
          ],
          [
            25.634095634095633,
            38.46153846153845,
            35.90436590436591
          ],
          [
            17.879417879417883,
            25.810810810810807,
            56.309771309771314
          ]
        ]
      },
      "per_participant": [
        {
          "participant": "3208",
          "train_size": 1,
          "n_seeds": 10,
          "n_train_samples_mean": 3.0,
          "n_test_samples_mean": 39.0,
          "test_acc_mean": 0.4666666666666667,
          "test_acc_std": 0.03972290611494785,
          "test_bal_acc_mean": 0.4666666666666667,
          "test_bal_acc_std": 0.03972290611494787,
          "test_f1_mean": 0.45355357793453993,
          "test_f1_std": 0.04098998342996471,
          "test_kappa_mean": 0.19999999999999998,
          "test_kappa_std": 0.0595843591724218,
          "confusion_matrix": [
            [
              31.53846153846154,
              35.38461538461539,
              33.07692307692308
            ],
            [
              28.461538461538463,
              49.23076923076923,
              22.307692307692307
            ],
            [
              7.692307692307692,
              33.07692307692308,
              59.23076923076924
            ]
          ]
        },
        {
          "participant": "3209",
          "train_size": 1,
          "n_seeds": 10,
          "n_train_samples_mean": 3.0,
          "n_test_samples_mean": 39.0,
          "test_acc_mean": 0.31025641025641026,
          "test_acc_std": 0.04090080722736889,
          "test_bal_acc_mean": 0.31025641025641026,
          "test_bal_acc_std": 0.04090080722736887,
          "test_f1_mean": 0.24339981951301293,
          "test_f1_std": 0.04247361221528647,
          "test_kappa_mean": -0.034615384615384624,
          "test_kappa_std": 0.06135121084105331,
          "confusion_matrix": [
            [
              61.53846153846155,
              0.0,
              38.46153846153847
            ],
            [
              56.15384615384617,
              3.076923076923077,
              40.76923076923077
            ],
            [
              64.61538461538461,
              6.9230769230769225,
              28.46153846153846
            ]
          ]
        },
        {
          "participant": "3210",
          "train_size": 1,
          "n_seeds": 10,
          "n_train_samples_mean": 3.0,
          "n_test_samples_mean": 39.0,
          "test_acc_mean": 0.3538461538461538,
          "test_acc_std": 0.033757978902788886,
          "test_bal_acc_mean": 0.3538461538461538,
          "test_bal_acc_std": 0.033757978902788886,
          "test_f1_mean": 0.2453587246657801,
          "test_f1_std": 0.06325697981478072,
          "test_kappa_mean": 0.03076923076923075,
          "test_kappa_std": 0.05063696835418335,
          "confusion_matrix": [
            [
              7.692307692307692,
              9.230769230769232,
              83.07692307692307
            ],
            [
              0.0,
              7.692307692307692,
              92.3076923076923
            ],
            [
              0.0,
              9.23076923076923,
              90.76923076923077
            ]
          ]
        },
        {
          "participant": "3214",
          "train_size": 1,
          "n_seeds": 10,
          "n_train_samples_mean": 3.0,
          "n_test_samples_mean": 39.0,
          "test_acc_mean": 0.5435897435897435,
          "test_acc_std": 0.029110062163976776,
          "test_bal_acc_mean": 0.5435897435897437,
          "test_bal_acc_std": 0.02911006216397674,
          "test_f1_mean": 0.5298979394192049,
          "test_f1_std": 0.03397908179908108,
          "test_kappa_mean": 0.3153846153846154,
          "test_kappa_std": 0.0436650932459651,
          "confusion_matrix": [
            [
              55.38461538461538,
              33.07692307692308,
              11.538461538461538
            ],
            [
              16.153846153846153,
              37.69230769230769,
              46.15384615384615
            ],
            [
              6.9230769230769225,
              23.076923076923077,
              70.00000000000001
            ]
          ]
        },
        {
          "participant": "3215",
          "train_size": 1,
          "n_seeds": 10,
          "n_train_samples_mean": 3.0,
          "n_test_samples_mean": 39.0,
          "test_acc_mean": 0.2692307692307692,
          "test_acc_std": 0.12282143472820439,
          "test_bal_acc_mean": 0.2692307692307692,
          "test_bal_acc_std": 0.12282143472820438,
          "test_f1_mean": 0.2158999617621719,
          "test_f1_std": 0.13117755122286115,
          "test_kappa_mean": -0.09615384615384615,
          "test_kappa_std": 0.1842321520923066,
          "confusion_matrix": [
            [
              14.615384615384613,
              14.615384615384617,
              70.76923076923076
            ],
            [
              0.0,
              11.538461538461538,
              88.46153846153847
            ],
            [
              0.0,
              45.38461538461538,
              54.615384615384606
            ]
          ]
        },
        {
          "participant": "3216",
          "train_size": 1,
          "n_seeds": 10,
          "n_train_samples_mean": 3.0,
          "n_test_samples_mean": 39.0,
          "test_acc_mean": 0.5333333333333333,
          "test_acc_std": 0.049543168363040825,
          "test_bal_acc_mean": 0.5333333333333334,
          "test_bal_acc_std": 0.049543168363040825,
          "test_f1_mean": 0.4913855251954592,
          "test_f1_std": 0.0480600356981126,
          "test_kappa_mean": 0.3,
          "test_kappa_std": 0.07431475254456124,
          "confusion_matrix": [
            [
              14.615384615384613,
              76.92307692307693,
              8.461538461538462
            ],
            [
              7.692307692307692,
              73.07692307692307,
              19.23076923076923
            ],
            [
              0.0,
              27.692307692307697,
              72.3076923076923
            ]
          ]
        },
        {
          "participant": "3217",
          "train_size": 1,
          "n_seeds": 10,
          "n_train_samples_mean": 3.0,
          "n_test_samples_mean": 39.0,
          "test_acc_mean": 0.43076923076923085,
          "test_acc_std": 0.050996355180089915,
          "test_bal_acc_mean": 0.43076923076923074,
          "test_bal_acc_std": 0.05099635518008991,
          "test_f1_mean": 0.41542322275584065,
          "test_f1_std": 0.04366913661441296,
          "test_kappa_mean": 0.14615384615384613,
          "test_kappa_std": 0.07649453277013486,
          "confusion_matrix": [
            [
              50.769230769230774,
              24.615384615384613,
              24.615384615384617
            ],
            [
              12.307692307692308,
              24.615384615384617,
              63.07692307692308
            ],
            [
              18.46153846153846,
              27.69230769230769,
              53.84615384615385
            ]
          ]
        },
        {
          "participant": "3218",
          "train_size": 1,
          "n_seeds": 10,
          "n_train_samples_mean": 3.0,
          "n_test_samples_mean": 39.0,
          "test_acc_mean": 0.5128205128205128,
          "test_acc_std": 0.059215412224577,
          "test_bal_acc_mean": 0.5128205128205128,
          "test_bal_acc_std": 0.05921541222457703,
          "test_f1_mean": 0.4963265408453287,
          "test_f1_std": 0.07172469440113599,
          "test_kappa_mean": 0.2692307692307693,
          "test_kappa_std": 0.08882311833686553,
          "confusion_matrix": [
            [
              28.461538461538463,
              29.230769230769234,
              42.30769230769231
            ],
            [
              3.076923076923077,
              51.53846153846153,
              45.38461538461537
            ],
            [
              0.0,
              26.15384615384615,
              73.84615384615385
            ]
          ]
        },
        {
          "participant": "3219",
          "train_size": 1,
          "n_seeds": 10,
          "n_train_samples_mean": 3.0,
          "n_test_samples_mean": 34.0,
          "test_acc_mean": 0.5352941176470588,
          "test_acc_std": 0.05150559033946549,
          "test_bal_acc_mean": 0.5243589743589744,
          "test_bal_acc_std": 0.05124197151720858,
          "test_f1_mean": 0.45208146964498275,
          "test_f1_std": 0.08652524008211583,
          "test_kappa_mean": 0.2936585318164001,
          "test_kappa_std": 0.0776215868464919,
          "confusion_matrix": [
            [
              98.46153846153847,
              1.5384615384615385,
              0.0
            ],
            [
              42.30769230769231,
              13.846153846153845,
              43.84615384615385
            ],
            [
              50.0,
              5.0,
              45.0
            ]
          ]
        },
        {
          "participant": "3220",
          "train_size": 1,
          "n_seeds": 10,
          "n_train_samples_mean": 3.0,
          "n_test_samples_mean": 39.0,
          "test_acc_mean": 0.35128205128205126,
          "test_acc_std": 0.058031607510317794,
          "test_bal_acc_mean": 0.35128205128205126,
          "test_bal_acc_std": 0.058031607510317794,
          "test_f1_mean": 0.34587829547125076,
          "test_f1_std": 0.053732729997115154,
          "test_kappa_mean": 0.02692307692307695,
          "test_kappa_std": 0.08704741126547667,
          "confusion_matrix": [
            [
              31.538461538461537,
              29.999999999999993,
              38.46153846153846
            ],
            [
              23.076923076923077,
              41.53846153846153,
              35.384615384615394
            ],
            [
              9.23076923076923,
              58.46153846153845,
              32.30769230769231
            ]
          ]
        },
        {
          "participant": "3221",
          "train_size": 1,
          "n_seeds": 10,
          "n_train_samples_mean": 3.0,
          "n_test_samples_mean": 39.0,
          "test_acc_mean": 0.4435897435897436,
          "test_acc_std": 0.03429470538075021,
          "test_bal_acc_mean": 0.4435897435897435,
          "test_bal_acc_std": 0.03429470538075023,
          "test_f1_mean": 0.3759451684913681,
          "test_f1_std": 0.0651733869763186,
          "test_kappa_mean": 0.16538461538461538,
          "test_kappa_std": 0.05144205807112534,
          "confusion_matrix": [
            [
              7.692307692307692,
              72.30769230769229,
              20.0
            ],
            [
              3.846153846153846,
              79.99999999999999,
              16.153846153846153
            ],
            [
              5.384615384615385,
              49.23076923076924,
              45.38461538461538
            ]
          ]
        },
        {
          "participant": "3223",
          "train_size": 1,
          "n_seeds": 10,
          "n_train_samples_mean": 3.0,
          "n_test_samples_mean": 39.0,
          "test_acc_mean": 0.7307692307692308,
          "test_acc_std": 0.06424485631783293,
          "test_bal_acc_mean": 0.7307692307692307,
          "test_bal_acc_std": 0.06424485631783296,
          "test_f1_mean": 0.7276652160642878,
          "test_f1_std": 0.06751955229620826,
          "test_kappa_mean": 0.5961538461538461,
          "test_kappa_std": 0.09636728447674942,
          "confusion_matrix": [
            [
              83.84615384615384,
              4.615384615384615,
              11.538461538461538
            ],
            [
              2.3076923076923075,
              74.61538461538461,
              23.076923076923077
            ],
            [
              1.5384615384615385,
              37.69230769230769,
              60.76923076923076
            ]
          ]
        },
        {
          "participant": "3224",
          "train_size": 1,
          "n_seeds": 10,
          "n_train_samples_mean": 3.0,
          "n_test_samples_mean": 39.0,
          "test_acc_mean": 0.5051282051282051,
          "test_acc_std": 0.06286555743054117,
          "test_bal_acc_mean": 0.5051282051282051,
          "test_bal_acc_std": 0.06286555743054119,
          "test_f1_mean": 0.47465574391808174,
          "test_f1_std": 0.08777796032094819,
          "test_kappa_mean": 0.2576923076923077,
          "test_kappa_std": 0.09429833614581178,
          "confusion_matrix": [
            [
              35.38461538461538,
              30.0,
              34.61538461538461
            ],
            [
              4.615384615384615,
              30.769230769230766,
              64.61538461538461
            ],
            [
              1.5384615384615385,
              13.076923076923077,
              85.38461538461539
            ]
          ]
        },
        {
          "participant": "3225",
          "train_size": 1,
          "n_seeds": 10,
          "n_train_samples_mean": 3.0,
          "n_test_samples_mean": 39.0,
          "test_acc_mean": 0.5051282051282051,
          "test_acc_std": 0.055456848538490026,
          "test_bal_acc_mean": 0.5051282051282051,
          "test_bal_acc_std": 0.05545684853849002,
          "test_f1_mean": 0.4550670819784258,
          "test_f1_std": 0.05920653070205416,
          "test_kappa_mean": 0.2576923076923077,
          "test_kappa_std": 0.08318527280773506,
          "confusion_matrix": [
            [
              78.46153846153847,
              18.461538461538463,
              3.076923076923077
            ],
            [
              72.30769230769229,
              10.0,
              17.692307692307693
            ],
            [
              24.615384615384613,
              12.307692307692308,
              63.07692307692307
            ]
          ]
        },
        {
          "participant": "3226",
          "train_size": 1,
          "n_seeds": 10,
          "n_train_samples_mean": 3.0,
          "n_test_samples_mean": 39.0,
          "test_acc_mean": 0.5923076923076922,
          "test_acc_std": 0.05191911982388869,
          "test_bal_acc_mean": 0.5923076923076922,
          "test_bal_acc_std": 0.05191911982388869,
          "test_f1_mean": 0.49702844344232205,
          "test_f1_std": 0.03771689726557446,
          "test_kappa_mean": 0.3884615384615385,
          "test_kappa_std": 0.07787867973583303,
          "confusion_matrix": [
            [
              94.61538461538461,
              0.0,
              5.384615384615385
            ],
            [
              5.384615384615385,
              0.0,
              94.61538461538461
            ],
            [
              8.461538461538462,
              8.461538461538463,
              83.07692307692307
            ]
          ]
        },
        {
          "participant": "3227",
          "train_size": 1,
          "n_seeds": 10,
          "n_train_samples_mean": 3.0,
          "n_test_samples_mean": 39.0,
          "test_acc_mean": 0.37948717948717947,
          "test_acc_std": 0.07027283689263064,
          "test_bal_acc_mean": 0.3794871794871795,
          "test_bal_acc_std": 0.07027283689263066,
          "test_f1_mean": 0.3725314286598013,
          "test_f1_std": 0.07336217677383199,
          "test_kappa_mean": 0.06923076923076923,
          "test_kappa_std": 0.10540925533894603,
          "confusion_matrix": [
            [
              53.07692307692308,
              43.07692307692307,
              3.846153846153846
            ],
            [
              49.23076923076923,
              30.769230769230774,
              20.0
            ],
            [
              23.846153846153847,
              46.153846153846146,
              30.0
            ]
          ]
        },
        {
          "participant": "3228",
          "train_size": 1,
          "n_seeds": 10,
          "n_train_samples_mean": 3.0,
          "n_test_samples_mean": 30.0,
          "test_acc_mean": 0.3566666666666667,
          "test_acc_std": 0.05676462121975469,
          "test_bal_acc_mean": 0.2743589743589744,
          "test_bal_acc_std": 0.04366509324596514,
          "test_f1_mean": 0.3262707290066704,
          "test_f1_std": 0.05246326353189329,
          "test_kappa_mean": -0.12590955457327446,
          "test_kappa_std": 0.10530183514035364,
          "confusion_matrix": [
            [
              0.0,
              42.5,
              57.5
            ],
            [
              0.0,
              34.61538461538462,
              65.38461538461539
            ],
            [
              3.846153846153846,
              48.46153846153845,
              47.69230769230769
            ]
          ]
        },
        {
          "participant": "3229",
          "train_size": 1,
          "n_seeds": 10,
          "n_train_samples_mean": 3.0,
          "n_test_samples_mean": 39.0,
          "test_acc_mean": 0.535897435897436,
          "test_acc_std": 0.0759193777477007,
          "test_bal_acc_mean": 0.535897435897436,
          "test_bal_acc_std": 0.07591937774770072,
          "test_f1_mean": 0.4817331527765386,
          "test_f1_std": 0.09864776861598297,
          "test_kappa_mean": 0.3038461538461539,
          "test_kappa_std": 0.11387906662155105,
          "confusion_matrix": [
            [
              18.46153846153846,
              53.07692307692308,
              28.46153846153846
            ],
            [
              0.7692307692307693,
              74.61538461538461,
              24.615384615384613
            ],
            [
              1.5384615384615385,
              30.769230769230766,
              67.6923076923077
            ]
          ]
        },
        {
          "participant": "3230",
          "train_size": 1,
          "n_seeds": 10,
          "n_train_samples_mean": 3.0,
          "n_test_samples_mean": 39.0,
          "test_acc_mean": 0.5128205128205128,
          "test_acc_std": 0.03822338423076563,
          "test_bal_acc_mean": 0.5128205128205128,
          "test_bal_acc_std": 0.03822338423076563,
          "test_f1_mean": 0.43925359510578577,
          "test_f1_std": 0.05434002960080435,
          "test_kappa_mean": 0.2692307692307693,
          "test_kappa_std": 0.05733507634614847,
          "confusion_matrix": [
            [
              13.076923076923077,
              28.46153846153846,
              58.46153846153845
            ],
            [
              12.307692307692308,
              44.61538461538462,
              43.07692307692308
            ],
            [
              0.0,
              3.846153846153846,
              96.15384615384616
            ]
          ]
        },
        {
          "participant": "3232",
          "train_size": 1,
          "n_seeds": 10,
          "n_train_samples_mean": 3.0,
          "n_test_samples_mean": 39.0,
          "test_acc_mean": 0.382051282051282,
          "test_acc_std": 0.032991895838664576,
          "test_bal_acc_mean": 0.3820512820512821,
          "test_bal_acc_std": 0.03299189583866459,
          "test_f1_mean": 0.35974335883985037,
          "test_f1_std": 0.0463667488917732,
          "test_kappa_mean": 0.07307692307692305,
          "test_kappa_std": 0.049487843757996905,
          "confusion_matrix": [
            [
              18.46153846153846,
              32.30769230769231,
              49.23076923076923
            ],
            [
              43.846153846153854,
              33.07692307692308,
              23.076923076923077
            ],
            [
              13.846153846153845,
              23.076923076923073,
              63.07692307692307
            ]
          ]
        },
        {
          "participant": "3233",
          "train_size": 1,
          "n_seeds": 10,
          "n_train_samples_mean": 3.0,
          "n_test_samples_mean": 39.0,
          "test_acc_mean": 0.4487179487179488,
          "test_acc_std": 0.05439282932204211,
          "test_bal_acc_mean": 0.44871794871794873,
          "test_bal_acc_std": 0.05439282932204215,
          "test_f1_mean": 0.41484578877652545,
          "test_f1_std": 0.06913024109565567,
          "test_kappa_mean": 0.17307692307692307,
          "test_kappa_std": 0.08158924398306318,
          "confusion_matrix": [
            [
              44.61538461538461,
              45.38461538461538,
              10.0
            ],
            [
              24.61538461538462,
              73.07692307692307,
              2.3076923076923075
            ],
            [
              6.153846153846154,
              76.92307692307693,
              16.923076923076923
            ]
          ]
        },
        {
          "participant": "3234",
          "train_size": 1,
          "n_seeds": 10,
          "n_train_samples_mean": 3.0,
          "n_test_samples_mean": 39.0,
          "test_acc_mean": 0.3871794871794872,
          "test_acc_std": 0.0409008072273689,
          "test_bal_acc_mean": 0.38717948717948714,
          "test_bal_acc_std": 0.04090080722736889,
          "test_f1_mean": 0.32398342680674935,
          "test_f1_std": 0.044640339049649126,
          "test_kappa_mean": 0.08076923076923076,
          "test_kappa_std": 0.061351210841053334,
          "confusion_matrix": [
            [
              26.15384615384615,
              3.076923076923077,
              70.76923076923077
            ],
            [
              37.69230769230769,
              10.76923076923077,
              51.53846153846153
            ],
            [
              13.846153846153845,
              6.9230769230769225,
              79.23076923076923
            ]
          ]
        },
        {
          "participant": "3235",
          "train_size": 1,
          "n_seeds": 10,
          "n_train_samples_mean": 3.0,
          "n_test_samples_mean": 39.0,
          "test_acc_mean": 0.44871794871794873,
          "test_acc_std": 0.05020230822423388,
          "test_bal_acc_mean": 0.44871794871794873,
          "test_bal_acc_std": 0.050202308224233876,
          "test_f1_mean": 0.43088733637887017,
          "test_f1_std": 0.06290959867569335,
          "test_kappa_mean": 0.17307692307692307,
          "test_kappa_std": 0.07530346233635087,
          "confusion_matrix": [
            [
              65.38461538461539,
              14.615384615384617,
              19.999999999999996
            ],
            [
              34.61538461538462,
              31.53846153846154,
              33.846153846153854
            ],
            [
              41.53846153846153,
              20.769230769230766,
              37.69230769230769
            ]
          ]
        },
        {
          "participant": "3236",
          "train_size": 1,
          "n_seeds": 10,
          "n_train_samples_mean": 3.0,
          "n_test_samples_mean": 39.0,
          "test_acc_mean": 0.4871794871794871,
          "test_acc_std": 0.04681389380386034,
          "test_bal_acc_mean": 0.4871794871794871,
          "test_bal_acc_std": 0.04681389380386033,
          "test_f1_mean": 0.4247486786538861,
          "test_f1_std": 0.0790308393422673,
          "test_kappa_mean": 0.23076923076923075,
          "test_kappa_std": 0.0702208407057905,
          "confusion_matrix": [
            [
              36.92307692307692,
              1.5384615384615385,
              61.53846153846155
            ],
            [
              0.0,
              11.538461538461538,
              88.46153846153845
            ],
            [
              0.7692307692307693,
              1.5384615384615385,
              97.6923076923077
            ]
          ]
        },
        {
          "participant": "3237",
          "train_size": 1,
          "n_seeds": 10,
          "n_train_samples_mean": 3.0,
          "n_test_samples_mean": 39.0,
          "test_acc_mean": 0.41538461538461535,
          "test_acc_std": 0.04324482270315731,
          "test_bal_acc_mean": 0.41538461538461535,
          "test_bal_acc_std": 0.043244822703157305,
          "test_f1_mean": 0.3886712848908299,
          "test_f1_std": 0.04221201775719375,
          "test_kappa_mean": 0.12307692307692308,
          "test_kappa_std": 0.064867234054736,
          "confusion_matrix": [
            [
              66.15384615384616,
              28.46153846153846,
              5.384615384615385
            ],
            [
              53.07692307692307,
              26.923076923076916,
              20.0
            ],
            [
              50.0,
              18.46153846153846,
              31.53846153846154
            ]
          ]
        },
        {
          "participant": "3238",
          "train_size": 1,
          "n_seeds": 10,
          "n_train_samples_mean": 3.0,
          "n_test_samples_mean": 39.0,
          "test_acc_mean": 0.5871794871794872,
          "test_acc_std": 0.05049249739398951,
          "test_bal_acc_mean": 0.5871794871794872,
          "test_bal_acc_std": 0.05049249739398949,
          "test_f1_mean": 0.577840657383103,
          "test_f1_std": 0.06258257254830149,
          "test_kappa_mean": 0.3807692307692308,
          "test_kappa_std": 0.07573874609098427,
          "confusion_matrix": [
            [
              45.38461538461539,
              50.00000000000001,
              4.615384615384615
            ],
            [
              4.615384615384615,
              52.3076923076923,
              43.07692307692308
            ],
            [
              2.3076923076923075,
              19.230769230769234,
              78.46153846153847
            ]
          ]
        },
        {
          "participant": "3239",
          "train_size": 1,
          "n_seeds": 10,
          "n_train_samples_mean": 3.0,
          "n_test_samples_mean": 39.0,
          "test_acc_mean": 0.5897435897435896,
          "test_acc_std": 0.057968632334404,
          "test_bal_acc_mean": 0.5897435897435896,
          "test_bal_acc_std": 0.05796863233440401,
          "test_f1_mean": 0.5679935556021679,
          "test_f1_std": 0.07095985132186727,
          "test_kappa_mean": 0.3846153846153847,
          "test_kappa_std": 0.086952948501606,
          "confusion_matrix": [
            [
              66.92307692307693,
              26.923076923076923,
              6.153846153846154
            ],
            [
              18.46153846153846,
              79.23076923076924,
              2.3076923076923075
            ],
            [
              10.76923076923077,
              58.46153846153847,
              30.769230769230766
            ]
          ]
        },
        {
          "participant": "3240",
          "train_size": 1,
          "n_seeds": 10,
          "n_train_samples_mean": 3.0,
          "n_test_samples_mean": 39.0,
          "test_acc_mean": 0.5179487179487179,
          "test_acc_std": 0.056436150493057016,
          "test_bal_acc_mean": 0.5179487179487179,
          "test_bal_acc_std": 0.05643615049305702,
          "test_f1_mean": 0.5078582377567773,
          "test_f1_std": 0.06632637594041833,
          "test_kappa_mean": 0.27692307692307694,
          "test_kappa_std": 0.08465422573958552,
          "confusion_matrix": [
            [
              36.92307692307692,
              50.00000000000001,
              13.076923076923077
            ],
            [
              13.076923076923077,
              66.15384615384616,
              20.769230769230766
            ],
            [
              3.076923076923077,
              44.61538461538462,
              52.30769230769231
            ]
          ]
        },
        {
          "participant": "3241",
          "train_size": 1,
          "n_seeds": 10,
          "n_train_samples_mean": 3.0,
          "n_test_samples_mean": 39.0,
          "test_acc_mean": 0.2794871794871795,
          "test_acc_std": 0.04264948700811846,
          "test_bal_acc_mean": 0.27948717948717955,
          "test_bal_acc_std": 0.04264948700811846,
          "test_f1_mean": 0.2441371583066665,
          "test_f1_std": 0.04129734625065903,
          "test_kappa_mean": -0.08076923076923079,
          "test_kappa_std": 0.0639742305121777,
          "confusion_matrix": [
            [
              43.84615384615385,
              56.15384615384615,
              0.0
            ],
            [
              67.6923076923077,
              31.538461538461537,
              0.7692307692307693
            ],
            [
              53.84615384615385,
              37.69230769230769,
              8.461538461538462
            ]
          ]
        },
        {
          "participant": "3242",
          "train_size": 1,
          "n_seeds": 10,
          "n_train_samples_mean": 3.0,
          "n_test_samples_mean": 39.0,
          "test_acc_mean": 0.43076923076923074,
          "test_acc_std": 0.03585671275795391,
          "test_bal_acc_mean": 0.43076923076923074,
          "test_bal_acc_std": 0.035856712757953886,
          "test_f1_mean": 0.3709004916797628,
          "test_f1_std": 0.05476660897193414,
          "test_kappa_mean": 0.14615384615384613,
          "test_kappa_std": 0.05378506913693084,
          "confusion_matrix": [
            [
              73.84615384615384,
              16.923076923076923,
              9.23076923076923
            ],
            [
              48.46153846153847,
              48.46153846153846,
              3.076923076923077
            ],
            [
              64.61538461538463,
              28.46153846153846,
              6.9230769230769225
            ]
          ]
        },
        {
          "participant": "3243",
          "train_size": 1,
          "n_seeds": 10,
          "n_train_samples_mean": 3.0,
          "n_test_samples_mean": 39.0,
          "test_acc_mean": 0.38461538461538464,
          "test_acc_std": 0.043581363364040906,
          "test_bal_acc_mean": 0.3846153846153846,
          "test_bal_acc_std": 0.04358136336404089,
          "test_f1_mean": 0.3514439252127999,
          "test_f1_std": 0.07576426836817488,
          "test_kappa_mean": 0.07692307692307693,
          "test_kappa_std": 0.06537204504606137,
          "confusion_matrix": [
            [
              53.07692307692308,
              46.92307692307692,
              0.0
            ],
            [
              51.53846153846153,
              47.69230769230769,
              0.7692307692307693
            ],
            [
              61.53846153846153,
              23.846153846153847,
              14.615384615384617
            ]
          ]
        },
        {
          "participant": "3244",
          "train_size": 1,
          "n_seeds": 10,
          "n_train_samples_mean": 3.0,
          "n_test_samples_mean": 39.0,
          "test_acc_mean": 0.36153846153846153,
          "test_acc_std": 0.08148845426702923,
          "test_bal_acc_mean": 0.36153846153846153,
          "test_bal_acc_std": 0.08148845426702925,
          "test_f1_mean": 0.3228930099288592,
          "test_f1_std": 0.06898492695540535,
          "test_kappa_mean": 0.04230769230769229,
          "test_kappa_std": 0.1222326814005439,
          "confusion_matrix": [
            [
              26.15384615384615,
              21.53846153846154,
              52.30769230769231
            ],
            [
              66.92307692307692,
              14.615384615384613,
              18.46153846153846
            ],
            [
              26.923076923076923,
              5.384615384615385,
              67.69230769230771
            ]
          ]
        },
        {
          "participant": "3245",
          "train_size": 1,
          "n_seeds": 10,
          "n_train_samples_mean": 3.0,
          "n_test_samples_mean": 39.0,
          "test_acc_mean": 0.6307692307692307,
          "test_acc_std": 0.07068742949789857,
          "test_bal_acc_mean": 0.6307692307692309,
          "test_bal_acc_std": 0.07068742949789855,
          "test_f1_mean": 0.6321994135364275,
          "test_f1_std": 0.07064821903414517,
          "test_kappa_mean": 0.44615384615384607,
          "test_kappa_std": 0.10603114424684786,
          "confusion_matrix": [
            [
              53.07692307692308,
              23.846153846153847,
              23.076923076923073
            ],
            [
              2.3076923076923075,
              66.92307692307693,
              30.769230769230766
            ],
            [
              1.5384615384615385,
              29.230769230769234,
              69.23076923076923
            ]
          ]
        },
        {
          "participant": "3246",
          "train_size": 1,
          "n_seeds": 10,
          "n_train_samples_mean": 3.0,
          "n_test_samples_mean": 39.0,
          "test_acc_mean": 0.5435897435897437,
          "test_acc_std": 0.02356247649929954,
          "test_bal_acc_mean": 0.5435897435897437,
          "test_bal_acc_std": 0.023562476499299545,
          "test_f1_mean": 0.5144145522380236,
          "test_f1_std": 0.032927909281033084,
          "test_kappa_mean": 0.3153846153846155,
          "test_kappa_std": 0.035343714748949255,
          "confusion_matrix": [
            [
              28.46153846153846,
              3.846153846153846,
              67.6923076923077
            ],
            [
              28.461538461538453,
              45.38461538461538,
              26.153846153846153
            ],
            [
              5.384615384615385,
              5.384615384615385,
              89.23076923076923
            ]
          ]
        },
        {
          "participant": "3247",
          "train_size": 1,
          "n_seeds": 10,
          "n_train_samples_mean": 3.0,
          "n_test_samples_mean": 39.0,
          "test_acc_mean": 0.47435897435897434,
          "test_acc_std": 0.051636948605104996,
          "test_bal_acc_mean": 0.47435897435897434,
          "test_bal_acc_std": 0.05163694860510498,
          "test_f1_mean": 0.4167635313139752,
          "test_f1_std": 0.06647440008496935,
          "test_kappa_mean": 0.21153846153846154,
          "test_kappa_std": 0.07745542290765749,
          "confusion_matrix": [
            [
              74.61538461538461,
              13.076923076923077,
              12.307692307692308
            ],
            [
              77.6923076923077,
              6.9230769230769225,
              15.384615384615383
            ],
            [
              36.153846153846146,
              3.076923076923077,
              60.76923076923076
            ]
          ]
        },
        {
          "participant": "3248",
          "train_size": 1,
          "n_seeds": 10,
          "n_train_samples_mean": 3.0,
          "n_test_samples_mean": 39.0,
          "test_acc_mean": 0.39487179487179486,
          "test_acc_std": 0.06303962022080607,
          "test_bal_acc_mean": 0.39487179487179486,
          "test_bal_acc_std": 0.06303962022080609,
          "test_f1_mean": 0.35949966527525146,
          "test_f1_std": 0.08177643567736548,
          "test_kappa_mean": 0.0923076923076923,
          "test_kappa_std": 0.0945594303312091,
          "confusion_matrix": [
            [
              18.46153846153846,
              0.0,
              81.53846153846153
            ],
            [
              13.076923076923077,
              31.538461538461537,
              55.38461538461538
            ],
            [
              17.692307692307693,
              13.846153846153845,
              68.46153846153848
            ]
          ]
        },
        {
          "participant": "3250",
          "train_size": 1,
          "n_seeds": 10,
          "n_train_samples_mean": 3.0,
          "n_test_samples_mean": 39.0,
          "test_acc_mean": 0.4282051282051282,
          "test_acc_std": 0.032093988641912125,
          "test_bal_acc_mean": 0.4282051282051282,
          "test_bal_acc_std": 0.03209398864191209,
          "test_f1_mean": 0.4088665251775746,
          "test_f1_std": 0.037251202767784486,
          "test_kappa_mean": 0.1423076923076923,
          "test_kappa_std": 0.04814098296286817,
          "confusion_matrix": [
            [
              26.153846153846153,
              23.076923076923073,
              50.76923076923076
            ],
            [
              22.307692307692307,
              51.53846153846153,
              26.153846153846153
            ],
            [
              23.846153846153843,
              25.38461538461538,
              50.769230769230774
            ]
          ]
        }
      ]
    },
    {
      "aggregated": {
        "train_size": 2,
        "n_participants": 37,
        "n_seeds": 10,
        "test_acc_mean": 0.5166892699150764,
        "test_acc_std": 0.11624432661860007,
        "test_bal_acc_mean": 0.5135242385242385,
        "test_bal_acc_std": 0.11991298422414118,
        "test_f1_mean": 0.4925798410236295,
        "test_f1_std": 0.12736995151069264,
        "test_kappa_mean": 0.26891568382021125,
        "test_kappa_std": 0.18663027139703298,
        "confusion_matrix": [
          [
            51.936936936936945,
            27.342342342342345,
            20.720720720720717
          ],
          [
            24.77477477477477,
            44.77477477477478,
            30.450450450450447
          ],
          [
            15.331402831402833,
            27.323037323037326,
            57.34555984555983
          ]
        ]
      },
      "per_participant": [
        {
          "participant": "3208",
          "train_size": 2,
          "n_seeds": 10,
          "n_train_samples_mean": 6.0,
          "n_test_samples_mean": 36.0,
          "test_acc_mean": 0.5083333333333333,
          "test_acc_std": 0.013417941431656895,
          "test_bal_acc_mean": 0.5083333333333333,
          "test_bal_acc_std": 0.013417941431656895,
          "test_f1_mean": 0.5027171913319892,
          "test_f1_std": 0.013353615282845973,
          "test_kappa_mean": 0.26249999999999996,
          "test_kappa_std": 0.020126912147485312,
          "confusion_matrix": [
            [
              35.83333333333333,
              41.66666666666667,
              22.499999999999996
            ],
            [
              28.333333333333332,
              52.5,
              19.166666666666664
            ],
            [
              8.333333333333332,
              27.499999999999993,
              64.16666666666666
            ]
          ]
        },
