{
  "name": "performance",
  "config": {
    "n_seeds": 10,
    "feature_selection": "backward",
    "use_pca": false,
    "pca_variance": 0.95,
    "write_cm": true,
    "tune_hyperparameters": false,
    "tune_n_iter": 30,
    "tune_cv_folds": 5,
    "use_pose_derivatives": true,
    "use_time_features": false,
    "class_config": "all",
    "include_order": false,
    "name": "performance",
    "feature_groups": [
      "performance"
    ],
    "split_strategy": "participant_specific",
    "sampling_strategy": "temporal_stratified"
  },
  "sampling_strategy": "temporal_stratified",
  "n_seeds": 10,
  "learning_curve": [
    {
      "aggregated": {
        "train_size": 1,
        "n_participants": 43,
        "n_seeds": 10,
        "test_acc_mean": 0.4540250447227191,
        "test_acc_std": 0.09692268179083169,
        "test_bal_acc_mean": 0.4540250447227191,
        "test_bal_acc_std": 0.0969226817908317,
        "test_f1_mean": 0.4173481966696537,
        "test_f1_std": 0.10642258030935232,
        "test_kappa_mean": 0.18103756708407873,
        "test_kappa_std": 0.14538402268624753,
        "confusion_matrix": [
          [
            26.69051878354205,
            55.026833631484806,
            18.282647584973162
          ],
          [
            20.894454382826478,
            41.68157423971377,
            37.423971377459765
          ],
          [
            5.438282647584973,
            26.726296958855105,
            67.83542039355993
          ]
        ]
      },
      "per_participant": [
        {
          "participant": "3105",
          "train_size": 1,
          "n_seeds": 10,
          "n_train_samples_mean": 3.0,
          "n_test_samples_mean": 39.0,
          "test_acc_mean": 0.5102564102564102,
          "test_acc_std": 0.01891960993263132,
          "test_bal_acc_mean": 0.5102564102564102,
          "test_bal_acc_std": 0.018919609932631302,
          "test_f1_mean": 0.4990933686594716,
          "test_f1_std": 0.02151867304205986,
          "test_kappa_mean": 0.26538461538461544,
          "test_kappa_std": 0.02837941489894702,
          "confusion_matrix": [
            [
              26.923076923076923,
              65.38461538461539,
              7.692307692307692
            ],
            [
              7.692307692307692,
              54.61538461538462,
              37.69230769230769
            ],
            [
              0.0,
              28.461538461538463,
              71.53846153846152
            ]
          ]
        },
        {
          "participant": "3206",
          "train_size": 1,
          "n_seeds": 10,
          "n_train_samples_mean": 3.0,
          "n_test_samples_mean": 39.0,
          "test_acc_mean": 0.3820512820512821,
          "test_acc_std": 0.047510913195512115,
          "test_bal_acc_mean": 0.3820512820512821,
          "test_bal_acc_std": 0.04751091319551213,
          "test_f1_mean": 0.378778978894405,
          "test_f1_std": 0.05392964827869231,
          "test_kappa_mean": 0.07307692307692307,
          "test_kappa_std": 0.07126636979326822,
          "confusion_matrix": [
            [
              27.69230769230769,
              70.0,
              2.3076923076923075
            ],
            [
              37.69230769230769,
              53.07692307692308,
              9.23076923076923
            ],
            [
              7.692307692307692,
              58.46153846153847,
              33.84615384615385
            ]
          ]
        },
        {
          "participant": "3207",
          "train_size": 1,
          "n_seeds": 10,
          "n_train_samples_mean": 3.0,
          "n_test_samples_mean": 39.0,
          "test_acc_mean": 0.5487179487179487,
          "test_acc_std": 0.04045182757674952,
          "test_bal_acc_mean": 0.5487179487179488,
          "test_bal_acc_std": 0.040451827576749526,
          "test_f1_mean": 0.5385234109812937,
          "test_f1_std": 0.05134028067022694,
          "test_kappa_mean": 0.3230769230769231,
          "test_kappa_std": 0.06067774136512425,
          "confusion_matrix": [
            [
              40.0,
              56.92307692307693,
              3.076923076923077
            ],
            [
              8.461538461538462,
              44.615384615384606,
              46.92307692307693
            ],
            [
              0.0,
              20.0,
              80.00000000000001
            ]
          ]
        },
        {
          "participant": "3208",
          "train_size": 1,
          "n_seeds": 10,
          "n_train_samples_mean": 3.0,
          "n_test_samples_mean": 39.0,
          "test_acc_mean": 0.34615384615384615,
          "test_acc_std": 0.060737907707486744,
          "test_bal_acc_mean": 0.3461538461538462,
          "test_bal_acc_std": 0.06073790770748674,
          "test_f1_mean": 0.34123603788361156,
          "test_f1_std": 0.0561062896234133,
          "test_kappa_mean": 0.019230769230769218,
          "test_kappa_std": 0.09110686156123012,
          "confusion_matrix": [
            [
              26.153846153846153,
              54.61538461538462,
              19.230769230769234
            ],
            [
              33.84615384615385,
              31.53846153846154,
              34.61538461538461
            ],
            [
              0.7692307692307693,
              53.07692307692308,
              46.153846153846146
            ]
          ]
        },
        {
          "participant": "3209",
          "train_size": 1,
          "n_seeds": 10,
          "n_train_samples_mean": 3.0,
          "n_test_samples_mean": 39.0,
          "test_acc_mean": 0.32564102564102565,
          "test_acc_std": 0.06842946632905332,
          "test_bal_acc_mean": 0.32564102564102565,
          "test_bal_acc_std": 0.06842946632905329,
          "test_f1_mean": 0.2886293293815465,
          "test_f1_std": 0.04666635543355549,
          "test_kappa_mean": -0.011538461538461553,
          "test_kappa_std": 0.10264419949357997,
          "confusion_matrix": [
            [
              9.23076923076923,
              43.846153846153854,
              46.923076923076934
            ],
            [
              11.538461538461538,
              30.0,
              58.46153846153845
            ],
            [
              0.0,
              41.53846153846154,
              58.46153846153845
            ]
          ]
        },
        {
          "participant": "3210",
          "train_size": 1,
          "n_seeds": 10,
          "n_train_samples_mean": 3.0,
          "n_test_samples_mean": 39.0,
          "test_acc_mean": 0.2538461538461539,
          "test_acc_std": 0.05330757651115444,
          "test_bal_acc_mean": 0.2538461538461539,
          "test_bal_acc_std": 0.05330757651115443,
          "test_f1_mean": 0.25326614494699806,
          "test_f1_std": 0.04004053854771834,
          "test_kappa_mean": -0.11923076923076917,
          "test_kappa_std": 0.07996136476673166,
          "confusion_matrix": [
            [
              15.384615384615381,
              63.84615384615385,
              20.769230769230766
            ],
            [
              63.846153846153854,
              12.307692307692308,
              23.846153846153847
            ],
            [
              31.538461538461537,
              20.0,
              48.46153846153847
            ]
          ]
        },
        {
          "participant": "3214",
          "train_size": 1,
          "n_seeds": 10,
          "n_train_samples_mean": 3.0,
          "n_test_samples_mean": 39.0,
          "test_acc_mean": 0.44102564102564107,
          "test_acc_std": 0.02356247649929953,
          "test_bal_acc_mean": 0.44102564102564107,
          "test_bal_acc_std": 0.023562476499299503,
          "test_f1_mean": 0.41946257815751153,
          "test_f1_std": 0.02297586194690824,
          "test_kappa_mean": 0.16153846153846152,
          "test_kappa_std": 0.03534371474894926,
          "confusion_matrix": [
            [
              24.615384615384613,
              47.69230769230769,
              27.69230769230769
            ],
            [
              6.9230769230769225,
              32.30769230769231,
              60.769230769230774
            ],
            [
              0.0,
              24.615384615384617,
              75.38461538461539
            ]
          ]
        },
        {
          "participant": "3215",
          "train_size": 1,
          "n_seeds": 10,
          "n_train_samples_mean": 3.0,
          "n_test_samples_mean": 39.0,
          "test_acc_mean": 0.3358974358974359,
          "test_acc_std": 0.014555031081988377,
          "test_bal_acc_mean": 0.3358974358974359,
          "test_bal_acc_std": 0.014555031081988377,
          "test_f1_mean": 0.24584669197464776,
          "test_f1_std": 0.029038737018033972,
          "test_kappa_mean": 0.0038461538461538438,
          "test_kappa_std": 0.021832546622982528,
          "confusion_matrix": [
            [
              0.0,
              50.00000000000001,
              49.99999999999999
            ],
            [
              0.0,
              24.61538461538461,
              75.38461538461537
            ],
            [
              0.0,
              23.846153846153847,
              76.15384615384616
            ]
          ]
        },
        {
          "participant": "3216",
          "train_size": 1,
          "n_seeds": 10,
          "n_train_samples_mean": 3.0,
          "n_test_samples_mean": 39.0,
          "test_acc_mean": 0.44102564102564096,
          "test_acc_std": 0.03585671275795389,
          "test_bal_acc_mean": 0.44102564102564096,
          "test_bal_acc_std": 0.03585671275795389,
          "test_f1_mean": 0.42388236774374394,
          "test_f1_std": 0.031737619506817576,
          "test_kappa_mean": 0.1615384615384615,
          "test_kappa_std": 0.053785069136930805,
          "confusion_matrix": [
            [
              24.615384615384617,
              53.84615384615385,
              21.538461538461537
            ],
            [
              30.0,
              34.61538461538461,
              35.38461538461538
            ],
            [
              0.0,
              26.923076923076927,
              73.07692307692308
            ]
          ]
        },
        {
          "participant": "3217",
          "train_size": 1,
          "n_seeds": 10,
          "n_train_samples_mean": 3.0,
          "n_test_samples_mean": 39.0,
          "test_acc_mean": 0.4230769230769231,
          "test_acc_std": 0.05952302682557316,
          "test_bal_acc_mean": 0.4230769230769231,
          "test_bal_acc_std": 0.05952302682557316,
          "test_f1_mean": 0.4169506651592457,
          "test_f1_std": 0.048033742060263764,
          "test_kappa_mean": 0.1346153846153846,
          "test_kappa_std": 0.08928454023835974,
          "confusion_matrix": [
            [
              28.461538461538463,
              56.15384615384615,
              15.384615384615383
            ],
            [
              5.384615384615385,
              39.23076923076923,
              55.38461538461538
            ],
            [
              0.0,
              40.76923076923076,
              59.23076923076924
            ]
          ]
        },
        {
          "participant": "3218",
          "train_size": 1,
          "n_seeds": 10,
          "n_train_samples_mean": 3.0,
          "n_test_samples_mean": 39.0,
          "test_acc_mean": 0.5666666666666667,
          "test_acc_std": 0.06332866171912037,
          "test_bal_acc_mean": 0.5666666666666667,
          "test_bal_acc_std": 0.06332866171912037,
          "test_f1_mean": 0.4723453265081172,
          "test_f1_std": 0.05445259822904339,
          "test_kappa_mean": 0.35,
          "test_kappa_std": 0.09499299257868056,
          "confusion_matrix": [
            [
              0.0,
              100.0,
              0.0
            ],
            [
              0.0,
              94.61538461538461,
              5.384615384615385
            ],
            [
              0.0,
              24.615384615384613,
              75.38461538461539
            ]
          ]
        },
        {
          "participant": "3219",
          "train_size": 1,
          "n_seeds": 10,
          "n_train_samples_mean": 3.0,
          "n_test_samples_mean": 39.0,
          "test_acc_mean": 0.47435897435897434,
          "test_acc_std": 0.013514007094736645,
          "test_bal_acc_mean": 0.47435897435897434,
          "test_bal_acc_std": 0.013514007094736675,
          "test_f1_mean": 0.43145983268488186,
          "test_f1_std": 0.017107317971579886,
          "test_kappa_mean": 0.21153846153846154,
          "test_kappa_std": 0.020271010642104983,
          "confusion_matrix": [
            [
              14.615384615384617,
              76.92307692307693,
              8.461538461538462
            ],
            [
              40.0,
              28.46153846153846,
              31.53846153846154
            ],
            [
              0.0,
              0.7692307692307693,
              99.23076923076923
            ]
          ]
        },
        {
          "participant": "3220",
          "train_size": 1,
          "n_seeds": 10,
          "n_train_samples_mean": 3.0,
          "n_test_samples_mean": 39.0,
          "test_acc_mean": 0.5487179487179488,
          "test_acc_std": 0.043915325055265415,
          "test_bal_acc_mean": 0.5487179487179488,
          "test_bal_acc_std": 0.0439153250552654,
          "test_f1_mean": 0.5103255060681122,
          "test_f1_std": 0.03052762021041273,
          "test_kappa_mean": 0.3230769230769231,
          "test_kappa_std": 0.06587298758289811,
          "confusion_matrix": [
            [
              16.153846153846153,
              82.3076923076923,
              1.5384615384615385
            ],
            [
              8.461538461538462,
              66.15384615384615,
              25.384615384615387
            ],
            [
              0.0,
              17.692307692307693,
              82.3076923076923
            ]
          ]
        },
        {
          "participant": "3221",
          "train_size": 1,
          "n_seeds": 10,
          "n_train_samples_mean": 3.0,
          "n_test_samples_mean": 39.0,
          "test_acc_mean": 0.558974358974359,
          "test_acc_std": 0.05643615049305702,
          "test_bal_acc_mean": 0.558974358974359,
          "test_bal_acc_std": 0.056436150493057044,
          "test_f1_mean": 0.5516185918041575,
          "test_f1_std": 0.060460925919532164,
          "test_kappa_mean": 0.3384615384615385,
          "test_kappa_std": 0.08465422573958552,
          "confusion_matrix": [
            [
              39.230769230769226,
              45.38461538461538,
              15.384615384615383
            ],
            [
              22.307692307692307,
              56.15384615384615,
              21.53846153846154
            ],
            [
              0.0,
              27.69230769230769,
              72.3076923076923
            ]
          ]
        },
        {
          "participant": "3222",
          "train_size": 1,
          "n_seeds": 10,
          "n_train_samples_mean": 3.0,
          "n_test_samples_mean": 39.0,
          "test_acc_mean": 0.36410256410256403,
          "test_acc_std": 0.08865847849497394,
          "test_bal_acc_mean": 0.36410256410256414,
          "test_bal_acc_std": 0.08865847849497394,
          "test_f1_mean": 0.3480927545739883,
          "test_f1_std": 0.08360290715807622,
          "test_kappa_mean": 0.046153846153846136,
          "test_kappa_std": 0.13298771774246096,
          "confusion_matrix": [
            [
              14.615384615384613,
              80.00000000000001,
              5.384615384615385
            ],
            [
              40.76923076923077,
              56.15384615384615,
              3.076923076923077
            ],
            [
              10.76923076923077,
              50.76923076923077,
              38.46153846153847
            ]
          ]
        },
        {
          "participant": "3223",
          "train_size": 1,
          "n_seeds": 10,
          "n_train_samples_mean": 3.0,
          "n_test_samples_mean": 39.0,
          "test_acc_mean": 0.44871794871794873,
          "test_acc_std": 0.021790681682020457,
          "test_bal_acc_mean": 0.44871794871794873,
          "test_bal_acc_std": 0.02179068168202044,
          "test_f1_mean": 0.36389499464198044,
          "test_f1_std": 0.02745836138936458,
          "test_kappa_mean": 0.17307692307692307,
          "test_kappa_std": 0.032686022523030656,
          "confusion_matrix": [
            [
              2.3076923076923075,
              72.30769230769232,
              25.384615384615383
            ],
            [
              14.615384615384617,
              36.92307692307692,
              48.46153846153847
            ],
            [
              0.7692307692307693,
              3.846153846153846,
              95.38461538461539
            ]
          ]
        },
        {
          "participant": "3224",
          "train_size": 1,
          "n_seeds": 10,
          "n_train_samples_mean": 3.0,
          "n_test_samples_mean": 39.0,
          "test_acc_mean": 0.4461538461538462,
          "test_acc_std": 0.03243361702736799,
          "test_bal_acc_mean": 0.4461538461538462,
          "test_bal_acc_std": 0.03243361702736797,
          "test_f1_mean": 0.36049062330633286,
          "test_f1_std": 0.042314334336931644,
          "test_kappa_mean": 0.16923076923076924,
          "test_kappa_std": 0.048650425541051985,
          "confusion_matrix": [
            [
              9.23076923076923,
              45.38461538461538,
              45.38461538461538
            ],
            [
              0.0,
              25.38461538461538,
              74.61538461538461
            ],
            [
              0.7692307692307693,
              0.0,
              99.23076923076924
            ]
          ]
        },
        {
          "participant": "3225",
          "train_size": 1,
          "n_seeds": 10,
          "n_train_samples_mean": 3.0,
          "n_test_samples_mean": 39.0,
          "test_acc_mean": 0.3538461538461538,
          "test_acc_std": 0.05378506913693084,
          "test_bal_acc_mean": 0.35384615384615387,
          "test_bal_acc_std": 0.05378506913693086,
          "test_f1_mean": 0.31479852424524535,
          "test_f1_std": 0.05508234583232004,
          "test_kappa_mean": 0.03076923076923076,
          "test_kappa_std": 0.08067760370539626,
          "confusion_matrix": [
            [
              21.53846153846154,
              78.46153846153847,
              0.0
            ],
            [
              20.769230769230766,
              68.46153846153845,
              10.76923076923077
            ],
            [
              17.69230769230769,
              66.15384615384616,
              16.153846153846153
            ]
          ]
        },
        {
          "participant": "3226",
          "train_size": 1,
          "n_seeds": 10,
          "n_train_samples_mean": 3.0,
          "n_test_samples_mean": 39.0,
          "test_acc_mean": 0.41794871794871796,
          "test_acc_std": 0.017306373274629562,
          "test_bal_acc_mean": 0.4179487179487181,
          "test_bal_acc_std": 0.01730637327462955,
          "test_f1_mean": 0.325974828577342,
          "test_f1_std": 0.016152853281549324,
          "test_kappa_mean": 0.12692307692307692,
          "test_kappa_std": 0.025959559911944347,
          "confusion_matrix": [
            [
              0.0,
              93.07692307692307,
              6.9230769230769225
            ],
            [
              0.0,
              90.76923076923075,
              9.23076923076923
            ],
            [
              0.0,
              65.38461538461539,
              34.61538461538461
            ]
          ]
        },
        {
          "participant": "3227",
          "train_size": 1,
          "n_seeds": 10,
          "n_train_samples_mean": 3.0,
          "n_test_samples_mean": 39.0,
          "test_acc_mean": 0.4641025641025641,
          "test_acc_std": 0.05191911982388867,
          "test_bal_acc_mean": 0.46410256410256406,
          "test_bal_acc_std": 0.0519191198238887,
          "test_f1_mean": 0.39943565672432974,
          "test_f1_std": 0.06278664956281448,
          "test_kappa_mean": 0.19615384615384618,
          "test_kappa_std": 0.07787867973583303,
          "confusion_matrix": [
            [
              12.307692307692308,
              68.46153846153847,
              19.23076923076923
            ],
            [
              26.153846153846153,
              29.999999999999993,
              43.84615384615385
            ],
            [
              0.0,
              3.076923076923077,
              96.92307692307692
            ]
          ]
        },
        {
          "participant": "3228",
          "train_size": 1,
          "n_seeds": 10,
          "n_train_samples_mean": 3.0,
          "n_test_samples_mean": 39.0,
          "test_acc_mean": 0.2948717948717948,
          "test_acc_std": 0.03254603891394833,
          "test_bal_acc_mean": 0.2948717948717949,
          "test_bal_acc_std": 0.032546038913948305,
          "test_f1_mean": 0.22438888177274366,
          "test_f1_std": 0.036480981784063275,
          "test_kappa_mean": -0.05769230769230771,
          "test_kappa_std": 0.04881905837092249,
          "confusion_matrix": [
            [
              5.384615384615385,
              79.23076923076924,
              15.384615384615383
            ],
            [
              21.538461538461537,
              1.5384615384615385,
              76.92307692307692
            ],
            [
              15.384615384615383,
              3.076923076923077,
              81.53846153846155
            ]
          ]
        },
        {
          "participant": "3229",
          "train_size": 1,
          "n_seeds": 10,
          "n_train_samples_mean": 3.0,
          "n_test_samples_mean": 39.0,
          "test_acc_mean": 0.5692307692307692,
          "test_acc_std": 0.04490230952671353,
          "test_bal_acc_mean": 0.5692307692307692,
          "test_bal_acc_std": 0.04490230952671353,
          "test_f1_mean": 0.5607826046872356,
          "test_f1_std": 0.04338887209593373,
          "test_kappa_mean": 0.3538461538461538,
          "test_kappa_std": 0.06735346429007023,
          "confusion_matrix": [
            [
              33.84615384615385,
              59.23076923076924,
              6.9230769230769225
            ],
            [
              7.692307692307692,
              60.0,
              32.30769230769231
            ],
            [
              0.0,
              23.076923076923073,
              76.92307692307692
            ]
          ]
        },
        {
          "participant": "3230",
          "train_size": 1,
          "n_seeds": 10,
          "n_train_samples_mean": 3.0,
          "n_test_samples_mean": 39.0,
          "test_acc_mean": 0.4923076923076922,
          "test_acc_std": 0.06486723405473598,
          "test_bal_acc_mean": 0.4923076923076922,
          "test_bal_acc_std": 0.06486723405473599,
          "test_f1_mean": 0.43865870901953957,
          "test_f1_std": 0.06952359049332633,
          "test_kappa_mean": 0.23846153846153842,
          "test_kappa_std": 0.09730085108210401,
          "confusion_matrix": [
            [
              9.23076923076923,
              90.76923076923075,
              0.0
            ],
            [
              0.7692307692307693,
              83.07692307692308,
              16.153846153846153
            ],
            [
              0.0,
              44.61538461538461,
              55.384615384615394
            ]
          ]
        },
        {
          "participant": "3231",
          "train_size": 1,
          "n_seeds": 10,
          "n_train_samples_mean": 3.0,
          "n_test_samples_mean": 39.0,
          "test_acc_mean": 0.45897435897435895,
          "test_acc_std": 0.03513641844631532,
          "test_bal_acc_mean": 0.45897435897435895,
          "test_bal_acc_std": 0.03513641844631531,
          "test_f1_mean": 0.4158327788378939,
          "test_f1_std": 0.03778768901151192,
          "test_kappa_mean": 0.18846153846153849,
          "test_kappa_std": 0.05270462766947298,
          "confusion_matrix": [
            [
              26.15384615384615,
              56.15384615384615,
              17.69230769230769
            ],
            [
              10.0,
              20.769230769230766,
              69.23076923076924
            ],
            [
              0.0,
              9.23076923076923,
              90.76923076923075
            ]
          ]
        },
        {
          "participant": "3232",
          "train_size": 1,
          "n_seeds": 10,
          "n_train_samples_mean": 3.0,
          "n_test_samples_mean": 39.0,
          "test_acc_mean": 0.5282051282051283,
          "test_acc_std": 0.03461274654925912,
          "test_bal_acc_mean": 0.5282051282051283,
          "test_bal_acc_std": 0.03461274654925914,
          "test_f1_mean": 0.49606707434089337,
          "test_f1_std": 0.04476389242188249,
          "test_kappa_mean": 0.2923076923076923,
          "test_kappa_std": 0.05191911982388867,
          "confusion_matrix": [
            [
              20.769230769230766,
              55.38461538461538,
              23.846153846153843
            ],
            [
              21.538461538461537,
              56.92307692307693,
              21.538461538461537
            ],
            [
              0.0,
              19.23076923076923,
              80.76923076923077
            ]
          ]
        },
        {
          "participant": "3233",
          "train_size": 1,
          "n_seeds": 10,
          "n_train_samples_mean": 3.0,
          "n_test_samples_mean": 39.0,
          "test_acc_mean": 0.382051282051282,
          "test_acc_std": 0.02821807524652851,
          "test_bal_acc_mean": 0.3820512820512821,
          "test_bal_acc_std": 0.028218075246528522,
          "test_f1_mean": 0.34894851946970623,
          "test_f1_std": 0.04575857241777719,
          "test_kappa_mean": 0.0730769230769231,
          "test_kappa_std": 0.0423271128697928,
          "confusion_matrix": [
            [
              75.38461538461539,
              24.615384615384613,
              0.0
            ],
            [
              82.3076923076923,
              13.076923076923077,
              4.615384615384615
            ],
            [
              24.615384615384617,
              49.23076923076923,
              26.153846153846153
            ]
          ]
        },
        {
          "participant": "3234",
          "train_size": 1,
          "n_seeds": 10,
          "n_train_samples_mean": 3.0,
          "n_test_samples_mean": 39.0,
          "test_acc_mean": 0.37948717948717947,
          "test_acc_std": 0.043244822703157326,
          "test_bal_acc_mean": 0.37948717948717947,
          "test_bal_acc_std": 0.04324482270315732,
          "test_f1_mean": 0.3632415717481635,
          "test_f1_std": 0.042051913321092184,
          "test_kappa_mean": 0.0692307692307692,
          "test_kappa_std": 0.06486723405473598,
          "confusion_matrix": [
            [
              48.46153846153847,
              33.84615384615384,
              17.69230769230769
            ],
            [
              59.230769230769226,
              34.615384615384606,
              6.153846153846154
            ],
            [
              23.076923076923073,
              46.15384615384615,
              30.769230769230766
            ]
          ]
        },
        {
          "participant": "3235",
          "train_size": 1,
          "n_seeds": 10,
          "n_train_samples_mean": 3.0,
          "n_test_samples_mean": 39.0,
          "test_acc_mean": 0.5,
          "test_acc_std": 0.02491859784121921,
          "test_bal_acc_mean": 0.5,
          "test_bal_acc_std": 0.02491859784121923,
          "test_f1_mean": 0.4748983398081347,
          "test_f1_std": 0.023713105836222267,
          "test_kappa_mean": 0.24999999999999994,
          "test_kappa_std": 0.03737789676182886,
          "confusion_matrix": [
            [
              20.769230769230766,
              73.07692307692308,
              6.153846153846154
            ],
            [
              34.61538461538461,
              39.23076923076923,
              26.15384615384615
            ],
            [
              0.0,
              10.0,
              90.0
            ]
          ]
        },
        {
          "participant": "3236",
          "train_size": 1,
          "n_seeds": 10,
          "n_train_samples_mean": 3.0,
          "n_test_samples_mean": 39.0,
          "test_acc_mean": 0.3128205128205129,
          "test_acc_std": 0.023562476499299514,
          "test_bal_acc_mean": 0.31282051282051276,
          "test_bal_acc_std": 0.02356247649929953,
          "test_f1_mean": 0.2516017315079908,
          "test_f1_std": 0.022122900248527845,
          "test_kappa_mean": -0.03076923076923076,
          "test_kappa_std": 0.035343714748949255,
          "confusion_matrix": [
            [
              72.3076923076923,
              27.69230769230769,
              0.0
            ],
            [
              76.15384615384616,
              9.23076923076923,
              14.615384615384617
            ],
            [
              87.69230769230771,
              0.0,
              12.307692307692308
            ]
          ]
        },
        {
          "participant": "3237",
          "train_size": 1,
          "n_seeds": 10,
          "n_train_samples_mean": 3.0,
          "n_test_samples_mean": 39.0,
          "test_acc_mean": 0.4871794871794871,
          "test_acc_std": 0.02702801418947331,
          "test_bal_acc_mean": 0.4871794871794871,
          "test_bal_acc_std": 0.02702801418947332,
          "test_f1_mean": 0.41061832531893555,
          "test_f1_std": 0.04142356405236696,
          "test_kappa_mean": 0.23076923076923075,
          "test_kappa_std": 0.04054202128421,
          "confusion_matrix": [
            [
              12.30769230769231,
              52.30769230769231,
              35.38461538461539
            ],
            [
              0.0,
              33.84615384615385,
              66.15384615384616
            ],
            [
              0.0,
              0.0,
              100.0
            ]
          ]
        },
        {
          "participant": "3238",
          "train_size": 1,
          "n_seeds": 10,
          "n_train_samples_mean": 3.0,
          "n_test_samples_mean": 39.0,
          "test_acc_mean": 0.7102564102564103,
          "test_acc_std": 0.038318823540957093,
          "test_bal_acc_mean": 0.7102564102564104,
          "test_bal_acc_std": 0.03831882354095711,
          "test_f1_mean": 0.7122530038614336,
          "test_f1_std": 0.040638774639276516,
          "test_kappa_mean": 0.5653846153846154,
          "test_kappa_std": 0.05747823531143562,
          "confusion_matrix": [
            [
              60.769230769230774,
              39.23076923076924,
              0.0
            ],
            [
              6.9230769230769225,
              70.0,
              23.076923076923077
            ],
            [
              0.0,
              17.69230769230769,
              82.30769230769229
            ]
          ]
        },
        {
          "participant": "3239",
          "train_size": 1,
          "n_seeds": 10,
          "n_train_samples_mean": 3.0,
          "n_test_samples_mean": 39.0,
          "test_acc_mean": 0.37948717948717947,
          "test_acc_std": 0.02911006216397675,
          "test_bal_acc_mean": 0.37948717948717947,
          "test_bal_acc_std": 0.02911006216397674,
          "test_f1_mean": 0.36028598630234693,
          "test_f1_std": 0.03619544228493579,
          "test_kappa_mean": 0.06923076923076918,
          "test_kappa_std": 0.04366509324596519,
          "confusion_matrix": [
            [
              39.230769230769226,
              13.076923076923077,
              47.69230769230769
            ],
            [
              40.76923076923076,
              19.999999999999996,
              39.23076923076923
            ],
            [
              7.692307692307692,
              37.69230769230769,
              54.61538461538462
            ]
          ]
        },
        {
          "participant": "3240",
          "train_size": 1,
          "n_seeds": 10,
          "n_train_samples_mean": 3.0,
          "n_test_samples_mean": 39.0,
          "test_acc_mean": 0.6307692307692307,
          "test_acc_std": 0.040451827576749505,
          "test_bal_acc_mean": 0.6307692307692307,
          "test_bal_acc_std": 0.04045182757674948,
          "test_f1_mean": 0.6108061257207462,
          "test_f1_std": 0.04397300766478649,
          "test_kappa_mean": 0.4461538461538462,
          "test_kappa_std": 0.06067774136512428,
          "confusion_matrix": [
            [
              59.230769230769226,
              28.46153846153846,
              12.307692307692308
            ],
            [
              24.615384615384617,
              40.00000000000001,
              35.38461538461539
            ],
            [
              0.0,
              10.0,
              90.0
            ]
          ]
        },
        {
          "participant": "3241",
          "train_size": 1,
          "n_seeds": 10,
          "n_train_samples_mean": 3.0,
          "n_test_samples_mean": 39.0,
          "test_acc_mean": 0.6051282051282052,
          "test_acc_std": 0.14714761857543482,
          "test_bal_acc_mean": 0.6051282051282052,
          "test_bal_acc_std": 0.14714761857543485,
          "test_f1_mean": 0.5866931767735042,
          "test_f1_std": 0.15267556870986299,
          "test_kappa_mean": 0.4076923076923077,
          "test_kappa_std": 0.22072142786315224,
          "confusion_matrix": [
            [
              76.92307692307692,
              23.076923076923073,
              0.0
            ],
            [
              21.538461538461537,
              53.07692307692308,
              25.384615384615387
            ],
            [
              0.0,
              48.46153846153847,
              51.53846153846153
            ]
          ]
        },
        {
          "participant": "3242",
          "train_size": 1,
          "n_seeds": 10,
          "n_train_samples_mean": 3.0,
          "n_test_samples_mean": 39.0,
          "test_acc_mean": 0.4512820512820513,
          "test_acc_std": 0.013240968704982632,
          "test_bal_acc_mean": 0.4512820512820513,
          "test_bal_acc_std": 0.013240968704982604,
          "test_f1_mean": 0.3640786956821228,
          "test_f1_std": 0.01616216378321295,
          "test_kappa_mean": 0.1769230769230769,
          "test_kappa_std": 0.01986145305747392,
          "confusion_matrix": [
            [
              7.692307692307692,
              29.230769230769226,
              63.076923076923094
            ],
            [
              0.0,
              27.69230769230769,
              72.3076923076923
            ],
            [
              0.0,
              0.0,
              100.0
            ]
          ]
        },
        {
          "participant": "3243",
          "train_size": 1,
          "n_seeds": 10,
          "n_train_samples_mean": 3.0,
          "n_test_samples_mean": 39.0,
          "test_acc_mean": 0.4564102564102564,
          "test_acc_std": 0.10797683211865818,
          "test_bal_acc_mean": 0.45641025641025645,
          "test_bal_acc_std": 0.10797683211865818,
          "test_f1_mean": 0.43115730774786504,
          "test_f1_std": 0.1256108922666879,
          "test_kappa_mean": 0.1846153846153846,
          "test_kappa_std": 0.1619652481779873,
          "confusion_matrix": [
            [
              23.846153846153847,
              76.15384615384616,
              0.0
            ],
            [
              17.69230769230769,
              73.07692307692307,
              9.23076923076923
            ],
            [
              0.7692307692307693,
              59.23076923076924,
              40.0
            ]
          ]
        },
        {
          "participant": "3244",
          "train_size": 1,
          "n_seeds": 10,
          "n_train_samples_mean": 3.0,
          "n_test_samples_mean": 39.0,
          "test_acc_mean": 0.5743589743589743,
          "test_acc_std": 0.03009712284044277,
          "test_bal_acc_mean": 0.5743589743589743,
          "test_bal_acc_std": 0.030097122840442747,
          "test_f1_mean": 0.5492260748575614,
          "test_f1_std": 0.03627493204741539,
          "test_kappa_mean": 0.3615384615384615,
          "test_kappa_std": 0.04514568426066413,
          "confusion_matrix": [
            [
              39.23076923076923,
              60.769230769230774,
              0.0
            ],
            [
              18.46153846153846,
              34.61538461538462,
              46.92307692307692
            ],
            [
              0.0,
              1.5384615384615385,
              98.46153846153847
            ]
          ]
        },
        {
          "participant": "3245",
          "train_size": 1,
          "n_seeds": 10,
          "n_train_samples_mean": 3.0,
          "n_test_samples_mean": 39.0,
          "test_acc_mean": 0.41282051282051285,
          "test_acc_std": 0.05191911982388867,
          "test_bal_acc_mean": 0.4128205128205128,
          "test_bal_acc_std": 0.051919119823888665,
          "test_f1_mean": 0.41492702260958836,
          "test_f1_std": 0.05274806616090885,
          "test_kappa_mean": 0.11923076923076921,
          "test_kappa_std": 0.07787867973583304,
          "confusion_matrix": [
            [
              40.0,
              48.46153846153847,
              11.538461538461538
            ],
            [
              0.7692307692307693,
              20.0,
              79.23076923076924
            ],
            [
              0.0,
              36.15384615384615,
              63.84615384615383
            ]
          ]
        },
        {
          "participant": "3246",
          "train_size": 1,
          "n_seeds": 10,
          "n_train_samples_mean": 3.0,
          "n_test_samples_mean": 39.0,
          "test_acc_mean": 0.4230769230769231,
          "test_acc_std": 0.03254603891394833,
          "test_bal_acc_mean": 0.4230769230769231,
          "test_bal_acc_std": 0.032546038913948305,
          "test_f1_mean": 0.3927073739916399,
          "test_f1_std": 0.030391425126519038,
          "test_kappa_mean": 0.1346153846153846,
          "test_kappa_std": 0.0488190583709225,
          "confusion_matrix": [
            [
              16.153846153846153,
              57.69230769230769,
              26.15384615384615
            ],
            [
              39.99999999999999,
              36.15384615384616,
              23.846153846153847
            ],
            [
              2.3076923076923075,
              23.076923076923073,
              74.61538461538461
            ]
          ]
        },
        {
          "participant": "3247",
          "train_size": 1,
          "n_seeds": 10,
          "n_train_samples_mean": 3.0,
          "n_test_samples_mean": 39.0,
          "test_acc_mean": 0.4205128205128205,
          "test_acc_std": 0.034612746549259124,
          "test_bal_acc_mean": 0.4205128205128205,
          "test_bal_acc_std": 0.034612746549259124,
          "test_f1_mean": 0.4081331317761533,
          "test_f1_std": 0.040655601504057746,
