{
  "name": "perf_eye_ecg",
  "config": {
    "n_seeds": 10,
    "feature_selection": "backward",
    "use_pca": false,
    "pca_variance": 0.95,
    "write_cm": true,
    "tune_hyperparameters": false,
    "tune_n_iter": 30,
    "tune_cv_folds": 5,
    "use_pose_derivatives": true,
    "use_time_features": false,
    "class_config": "all",
    "include_order": false,
    "name": "perf_eye_ecg",
    "feature_groups": [
      "performance",
      "eye_tracking",
      "ecg"
    ],
    "split_strategy": "participant_specific",
    "sampling_strategy": "temporal_stratified"
  },
  "sampling_strategy": "temporal_stratified",
  "n_seeds": 10,
  "learning_curve": [
    {
      "aggregated": {
        "train_size": 1,
        "n_participants": 36,
        "n_seeds": 10,
        "test_acc_mean": 0.5396854959744037,
        "test_acc_std": 0.11561660555618215,
        "test_bal_acc_mean": 0.5367332513165847,
        "test_bal_acc_std": 0.11039097338167758,
        "test_f1_mean": 0.5085382859634096,
        "test_f1_std": 0.1264576007485632,
        "test_kappa_mean": 0.3072121055175647,
        "test_kappa_std": 0.16895170502884377,
        "confusion_matrix": [
          [
            50.94907407407409,
            25.57514245014245,
            23.475783475783473
          ],
          [
            23.05128205128205,
            46.69337606837607,
            30.255341880341877
          ],
          [
            12.492877492877493,
            24.129597254597254,
            63.37752525252526
          ]
        ]
      },
      "per_participant": [
        {
          "participant": "3208",
          "train_size": 1,
          "n_seeds": 10,
          "n_train_samples_mean": 3.0,
          "n_test_samples_mean": 39.0,
          "test_acc_mean": 0.5205128205128206,
          "test_acc_std": 0.06625999125919421,
          "test_bal_acc_mean": 0.5205128205128206,
          "test_bal_acc_std": 0.06625999125919421,
          "test_f1_mean": 0.49270925972947444,
          "test_f1_std": 0.08144954806417923,
          "test_kappa_mean": 0.28076923076923077,
          "test_kappa_std": 0.09938998688879133,
          "confusion_matrix": [
            [
              27.69230769230769,
              60.0,
              12.307692307692308
            ],
            [
              3.846153846153846,
              81.53846153846155,
              14.615384615384617
            ],
            [
              0.0,
              53.07692307692307,
              46.92307692307693
            ]
          ]
        },
        {
          "participant": "3209",
          "train_size": 1,
          "n_seeds": 10,
          "n_train_samples_mean": 3.0,
          "n_test_samples_mean": 38.0,
          "test_acc_mean": 0.44210526315789467,
          "test_acc_std": 0.09349412346999458,
          "test_bal_acc_mean": 0.4384615384615385,
          "test_bal_acc_std": 0.09338256044329944,
          "test_f1_mean": 0.3975892062814237,
          "test_f1_std": 0.11673438845596262,
          "test_kappa_mean": 0.1605546124457425,
          "test_kappa_std": 0.14161100717789768,
          "confusion_matrix": [
            [
              69.23076923076924,
              4.615384615384615,
              26.153846153846153
            ],
            [
              45.38461538461538,
              32.30769230769231,
              22.307692307692307
            ],
            [
              64.99999999999999,
              5.0,
              30.0
            ]
          ]
        },
        {
          "participant": "3214",
          "train_size": 1,
          "n_seeds": 10,
          "n_train_samples_mean": 3.0,
          "n_test_samples_mean": 39.0,
          "test_acc_mean": 0.4948717948717948,
          "test_acc_std": 0.08112907675271305,
          "test_bal_acc_mean": 0.4948717948717949,
          "test_bal_acc_std": 0.08112907675271307,
          "test_f1_mean": 0.46498075449416865,
          "test_f1_std": 0.07614881082332385,
          "test_kappa_mean": 0.24230769230769225,
          "test_kappa_std": 0.1216936151290696,
          "confusion_matrix": [
            [
              53.84615384615383,
              28.461538461538463,
              17.69230769230769
            ],
            [
              19.230769230769226,
              20.769230769230766,
              60.000000000000014
            ],
            [
              4.615384615384615,
              21.538461538461537,
              73.84615384615384
            ]
          ]
        },
        {
          "participant": "3215",
          "train_size": 1,
          "n_seeds": 10,
          "n_train_samples_mean": 3.0,
          "n_test_samples_mean": 39.0,
          "test_acc_mean": 0.24871794871794872,
          "test_acc_std": 0.08803833696969635,
          "test_bal_acc_mean": 0.24871794871794872,
          "test_bal_acc_std": 0.08803833696969633,
          "test_f1_mean": 0.2527636328009772,
          "test_f1_std": 0.08493637620523967,
          "test_kappa_mean": -0.12692307692307692,
          "test_kappa_std": 0.1320575054545445,
          "confusion_matrix": [
            [
              30.0,
              14.615384615384617,
              55.38461538461538
            ],
            [
              1.5384615384615385,
              19.23076923076923,
              79.23076923076923
            ],
            [
              0.0,
              74.61538461538461,
              25.384615384615383
            ]
          ]
        },
        {
          "participant": "3216",
          "train_size": 1,
          "n_seeds": 10,
          "n_train_samples_mean": 3.0,
          "n_test_samples_mean": 37.0,
          "test_acc_mean": 0.5351351351351351,
          "test_acc_std": 0.035582734519155855,
          "test_bal_acc_mean": 0.5524475524475524,
          "test_bal_acc_std": 0.030233219049485182,
          "test_f1_mean": 0.4838092899552417,
          "test_f1_std": 0.05571041159440444,
          "test_kappa_mean": 0.30795257983135826,
          "test_kappa_std": 0.04793668825245119,
          "confusion_matrix": [
            [
              16.153846153846153,
              74.61538461538461,
              9.23076923076923
            ],
            [
              0.7692307692307693,
              62.30769230769231,
              36.92307692307692
            ],
            [
              0.0,
              12.727272727272727,
              87.27272727272728
            ]
          ]
        },
        {
          "participant": "3217",
          "train_size": 1,
          "n_seeds": 10,
          "n_train_samples_mean": 3.0,
          "n_test_samples_mean": 39.0,
          "test_acc_mean": 0.45641025641025645,
          "test_acc_std": 0.05099635518008989,
          "test_bal_acc_mean": 0.45641025641025645,
          "test_bal_acc_std": 0.05099635518008992,
          "test_f1_mean": 0.4437232980993121,
          "test_f1_std": 0.03953511782904386,
          "test_kappa_mean": 0.18461538461538463,
          "test_kappa_std": 0.07649453277013488,
          "confusion_matrix": [
            [
              63.84615384615385,
              23.846153846153847,
              12.307692307692308
            ],
            [
              6.153846153846153,
              14.615384615384617,
              79.23076923076924
            ],
            [
              10.76923076923077,
              30.769230769230766,
              58.46153846153847
            ]
          ]
        },
        {
          "participant": "3218",
          "train_size": 1,
          "n_seeds": 10,
          "n_train_samples_mean": 3.0,
          "n_test_samples_mean": 39.0,
          "test_acc_mean": 0.6897435897435897,
          "test_acc_std": 0.055981274850642075,
          "test_bal_acc_mean": 0.6897435897435897,
          "test_bal_acc_std": 0.055981274850642096,
          "test_f1_mean": 0.6778209506922138,
          "test_f1_std": 0.06102941681682524,
          "test_kappa_mean": 0.5346153846153847,
          "test_kappa_std": 0.08397191227596315,
          "confusion_matrix": [
            [
              62.30769230769231,
              20.769230769230766,
              16.923076923076923
            ],
            [
              22.307692307692303,
              56.92307692307692,
              20.76923076923077
            ],
            [
              0.0,
              12.307692307692308,
              87.6923076923077
            ]
          ]
        },
        {
          "participant": "3219",
          "train_size": 1,
          "n_seeds": 10,
          "n_train_samples_mean": 3.0,
          "n_test_samples_mean": 37.0,
          "test_acc_mean": 0.654054054054054,
          "test_acc_std": 0.06344798869066308,
          "test_bal_acc_mean": 0.6574786324786325,
          "test_bal_acc_std": 0.06141939058176627,
          "test_f1_mean": 0.6325528018007838,
          "test_f1_std": 0.06866916240502516,
          "test_kappa_mean": 0.4829696390318469,
          "test_kappa_std": 0.0938066293711155,
          "confusion_matrix": [
            [
              100.0,
              0.0,
              0.0
            ],
            [
              35.833333333333336,
              44.16666666666667,
              19.999999999999996
            ],
            [
              38.46153846153847,
              8.461538461538462,
              53.07692307692308
            ]
          ]
        },
        {
          "participant": "3220",
          "train_size": 1,
          "n_seeds": 10,
          "n_train_samples_mean": 3.0,
          "n_test_samples_mean": 39.0,
          "test_acc_mean": 0.39999999999999997,
          "test_acc_std": 0.06303962022080607,
          "test_bal_acc_mean": 0.4,
          "test_bal_acc_std": 0.06303962022080604,
          "test_f1_mean": 0.3690525577054228,
          "test_f1_std": 0.06309853904564632,
          "test_kappa_mean": 0.1,
          "test_kappa_std": 0.09455943033120912,
          "confusion_matrix": [
            [
              33.84615384615385,
              30.0,
              36.153846153846146
            ],
            [
              23.846153846153847,
              16.153846153846153,
              60.000000000000014
            ],
            [
              1.5384615384615385,
              28.461538461538463,
              70.0
            ]
          ]
        },
        {
          "participant": "3221",
          "train_size": 1,
          "n_seeds": 10,
          "n_train_samples_mean": 3.0,
          "n_test_samples_mean": 39.0,
          "test_acc_mean": 0.5461538461538462,
          "test_acc_std": 0.06735346429007025,
          "test_bal_acc_mean": 0.5461538461538462,
          "test_bal_acc_std": 0.06735346429007025,
          "test_f1_mean": 0.48286139087162183,
          "test_f1_std": 0.0756074812709329,
          "test_kappa_mean": 0.31923076923076926,
          "test_kappa_std": 0.10103019643510536,
          "confusion_matrix": [
            [
              12.307692307692308,
              60.0,
              27.692307692307686
            ],
            [
              3.076923076923077,
              86.92307692307692,
              10.0
            ],
            [
              0.0,
              35.38461538461538,
              64.61538461538461
            ]
          ]
        },
        {
          "participant": "3223",
          "train_size": 1,
          "n_seeds": 10,
          "n_train_samples_mean": 3.0,
          "n_test_samples_mean": 39.0,
          "test_acc_mean": 0.6820512820512821,
          "test_acc_std": 0.06186995237898755,
          "test_bal_acc_mean": 0.6820512820512821,
          "test_bal_acc_std": 0.06186995237898755,
          "test_f1_mean": 0.6730194098947148,
          "test_f1_std": 0.07565398273390449,
          "test_kappa_mean": 0.523076923076923,
          "test_kappa_std": 0.09280492856848134,
          "confusion_matrix": [
            [
              50.0,
              9.23076923076923,
              40.76923076923077
            ],
            [
              0.0,
              83.07692307692307,
              16.92307692307692
            ],
            [
              0.0,
              28.46153846153846,
              71.53846153846152
            ]
          ]
        },
        {
          "participant": "3224",
          "train_size": 1,
          "n_seeds": 10,
          "n_train_samples_mean": 3.0,
          "n_test_samples_mean": 24.0,
          "test_acc_mean": 0.7416666666666667,
          "test_acc_std": 0.11587029785896782,
          "test_bal_acc_mean": 0.7000000000000001,
          "test_bal_acc_std": 0.09626067717308905,
          "test_f1_mean": 0.7252712058584416,
          "test_f1_std": 0.13484307355286612,
          "test_kappa_mean": 0.5603708432392753,
          "test_kappa_std": 0.19081028957610868,
          "confusion_matrix": [
            [
              55.0,
              0.0,
              45.0
            ],
            [
              6.666666666666664,
              60.0,
              33.33333333333333
            ],
            [
              0.0,
              5.0,
              95.0
            ]
          ]
        },
        {
          "participant": "3225",
          "train_size": 1,
          "n_seeds": 10,
          "n_train_samples_mean": 3.0,
          "n_test_samples_mean": 39.0,
          "test_acc_mean": 0.4076923076923077,
          "test_acc_std": 0.0875390607115854,
          "test_bal_acc_mean": 0.4076923076923077,
          "test_bal_acc_std": 0.08753906071158542,
          "test_f1_mean": 0.364376415191069,
          "test_f1_std": 0.09522339143569264,
          "test_kappa_mean": 0.11153846153846154,
          "test_kappa_std": 0.13130859106737813,
          "confusion_matrix": [
            [
              77.6923076923077,
              22.307692307692307,
              0.0
            ],
            [
              80.76923076923077,
              14.615384615384617,
              4.615384615384615
            ],
            [
              48.46153846153847,
              21.53846153846154,
              30.0
            ]
          ]
        },
        {
          "participant": "3226",
          "train_size": 1,
          "n_seeds": 10,
          "n_train_samples_mean": 3.0,
          "n_test_samples_mean": 39.0,
          "test_acc_mean": 0.582051282051282,
          "test_acc_std": 0.05412355623585493,
          "test_bal_acc_mean": 0.582051282051282,
          "test_bal_acc_std": 0.0541235562358549,
          "test_f1_mean": 0.5330967606426021,
          "test_f1_std": 0.05346254323209748,
          "test_kappa_mean": 0.3730769230769231,
          "test_kappa_std": 0.0811853343537824,
          "confusion_matrix": [
            [
              87.69230769230771,
              6.153846153846154,
              6.153846153846155
            ],
            [
              18.461538461538463,
              21.53846153846154,
              60.0
            ],
            [
              11.538461538461538,
              23.076923076923077,
              65.38461538461539
            ]
          ]
        },
        {
          "participant": "3227",
          "train_size": 1,
          "n_seeds": 10,
          "n_train_samples_mean": 3.0,
          "n_test_samples_mean": 39.0,
          "test_acc_mean": 0.5538461538461539,
          "test_acc_std": 0.08648964540631465,
          "test_bal_acc_mean": 0.5538461538461539,
          "test_bal_acc_std": 0.08648964540631465,
          "test_f1_mean": 0.5543053118468305,
          "test_f1_std": 0.08828297427343705,
          "test_kappa_mean": 0.3307692307692307,
          "test_kappa_std": 0.12973446810947198,
          "confusion_matrix": [
            [
              55.38461538461538,
              44.61538461538462,
              0.0
            ],
            [
              29.230769230769226,
              59.230769230769226,
              11.538461538461538
            ],
            [
              0.0,
              48.46153846153845,
              51.53846153846153
            ]
          ]
        },
        {
          "participant": "3228",
          "train_size": 1,
          "n_seeds": 10,
          "n_train_samples_mean": 3.0,
          "n_test_samples_mean": 39.0,
          "test_acc_mean": 0.35128205128205126,
          "test_acc_std": 0.08112907675271305,
          "test_bal_acc_mean": 0.3512820512820513,
          "test_bal_acc_std": 0.08112907675271308,
          "test_f1_mean": 0.30649043255537955,
          "test_f1_std": 0.0842203192080913,
          "test_kappa_mean": 0.026923076923076918,
          "test_kappa_std": 0.12169361512906961,
          "confusion_matrix": [
            [
              6.153846153846154,
              89.23076923076924,
              4.615384615384615
            ],
            [
              2.3076923076923075,
              53.07692307692308,
              44.61538461538462
            ],
            [
              2.3076923076923075,
              51.53846153846153,
              46.15384615384615
            ]
          ]
        },
        {
          "participant": "3229",
          "train_size": 1,
          "n_seeds": 10,
          "n_train_samples_mean": 3.0,
          "n_test_samples_mean": 39.0,
          "test_acc_mean": 0.4512820512820513,
          "test_acc_std": 0.05296387481993047,
          "test_bal_acc_mean": 0.4512820512820513,
          "test_bal_acc_std": 0.05296387481993048,
          "test_f1_mean": 0.40680467668735193,
          "test_f1_std": 0.06577666571806583,
          "test_kappa_mean": 0.1769230769230769,
          "test_kappa_std": 0.07944581222989575,
          "confusion_matrix": [
            [
              13.846153846153845,
              60.0,
              26.153846153846153
            ],
            [
              5.384615384615385,
              56.15384615384615,
              38.46153846153845
            ],
            [
              0.0,
              34.61538461538462,
              65.38461538461539
            ]
          ]
        },
        {
          "participant": "3230",
          "train_size": 1,
          "n_seeds": 10,
          "n_train_samples_mean": 3.0,
          "n_test_samples_mean": 39.0,
          "test_acc_mean": 0.5538461538461539,
          "test_acc_std": 0.058220124327953544,
          "test_bal_acc_mean": 0.5538461538461539,
          "test_bal_acc_std": 0.05822012432795354,
          "test_f1_mean": 0.4940396377972962,
          "test_f1_std": 0.07321303114665272,
          "test_kappa_mean": 0.3307692307692308,
          "test_kappa_std": 0.08733018649193026,
          "confusion_matrix": [
            [
              23.846153846153847,
              47.69230769230769,
              28.46153846153846
            ],
            [
              3.846153846153846,
              42.30769230769231,
              53.84615384615385
            ],
            [
              0.0,
              0.0,
              100.0
            ]
          ]
        },
        {
          "participant": "3232",
          "train_size": 1,
          "n_seeds": 10,
          "n_train_samples_mean": 3.0,
          "n_test_samples_mean": 39.0,
          "test_acc_mean": 0.5974358974358974,
          "test_acc_std": 0.048424668287915536,
          "test_bal_acc_mean": 0.5974358974358974,
          "test_bal_acc_std": 0.048424668287915536,
          "test_f1_mean": 0.5712250500914706,
          "test_f1_std": 0.0655114102268594,
          "test_kappa_mean": 0.3961538461538462,
          "test_kappa_std": 0.07263700243187331,
          "confusion_matrix": [
            [
              38.46153846153846,
              29.230769230769226,
              32.30769230769231
            ],
            [
              22.307692307692307,
              47.69230769230769,
              30.0
            ],
            [
              0.7692307692307693,
              6.153846153846154,
              93.07692307692307
            ]
          ]
        },
        {
          "participant": "3233",
          "train_size": 1,
          "n_seeds": 10,
          "n_train_samples_mean": 3.0,
          "n_test_samples_mean": 39.0,
          "test_acc_mean": 0.5717948717948718,
          "test_acc_std": 0.06625999125919421,
          "test_bal_acc_mean": 0.5717948717948718,
          "test_bal_acc_std": 0.06625999125919418,
          "test_f1_mean": 0.5629472302869185,
          "test_f1_std": 0.06626665873981041,
          "test_kappa_mean": 0.3576923076923077,
          "test_kappa_std": 0.09938998688879133,
          "confusion_matrix": [
            [
              50.76923076923077,
              21.53846153846154,
              27.69230769230769
            ],
            [
              37.692307692307686,
              62.30769230769231,
              0.0
            ],
            [
              10.76923076923077,
              30.769230769230766,
              58.46153846153847
            ]
          ]
        },
        {
          "participant": "3234",
          "train_size": 1,
          "n_seeds": 10,
          "n_train_samples_mean": 3.0,
          "n_test_samples_mean": 39.0,
          "test_acc_mean": 0.3846153846153846,
          "test_acc_std": 0.03626188621469475,
          "test_bal_acc_mean": 0.3846153846153846,
          "test_bal_acc_std": 0.03626188621469475,
          "test_f1_mean": 0.2864048908712774,
          "test_f1_std": 0.0668440562869415,
          "test_kappa_mean": 0.07692307692307689,
          "test_kappa_std": 0.05439282932204211,
          "confusion_matrix": [
            [
              17.692307692307686,
              0.7692307692307693,
              81.53846153846153
            ],
            [
              17.692307692307693,
              8.461538461538462,
              73.84615384615384
            ],
            [
              7.692307692307692,
              3.076923076923077,
              89.23076923076923
            ]
          ]
        },
        {
          "participant": "3235",
          "train_size": 1,
          "n_seeds": 10,
          "n_train_samples_mean": 3.0,
          "n_test_samples_mean": 38.0,
          "test_acc_mean": 0.49736842105263157,
          "test_acc_std": 0.03606106103700785,
          "test_bal_acc_mean": 0.5087606837606837,
          "test_bal_acc_std": 0.03520349132190742,
          "test_f1_mean": 0.45338296745089524,
          "test_f1_std": 0.04520908501412442,
          "test_kappa_mean": 0.25156095563017705,
          "test_kappa_std": 0.05301836685944052,
          "confusion_matrix": [
            [
              94.16666666666666,
              5.833333333333331,
              0.0
            ],
            [
              47.69230769230769,
              21.538461538461537,
              30.769230769230763
            ],
            [
              16.923076923076923,
              46.153846153846146,
              36.92307692307692
            ]
          ]
        },
        {
          "participant": "3236",
          "train_size": 1,
          "n_seeds": 10,
          "n_train_samples_mean": 3.0,
          "n_test_samples_mean": 31.0,
          "test_acc_mean": 0.7290322580645162,
          "test_acc_std": 0.027202388474566703,
          "test_bal_acc_mean": 0.6369230769230769,
          "test_bal_acc_std": 0.045148920394445645,
          "test_f1_mean": 0.7081711316852808,
          "test_f1_std": 0.031078689618852774,
          "test_kappa_mean": 0.5423384697582359,
          "test_kappa_std": 0.047710231096421536,
          "confusion_matrix": [
            [
              63.84615384615385,
              0.0,
              36.15384615384615
            ],
            [
              0.0,
              28.0,
              72.0
            ],
            [
              0.7692307692307693,
              0.0,
              99.23076923076923
            ]
          ]
        },
        {
          "participant": "3237",
          "train_size": 1,
          "n_seeds": 10,
          "n_train_samples_mean": 3.0,
          "n_test_samples_mean": 36.0,
          "test_acc_mean": 0.5361111111111111,
          "test_acc_std": 0.06810435388308626,
          "test_bal_acc_mean": 0.5310256410256411,
          "test_bal_acc_std": 0.0549466964888417,
          "test_f1_mean": 0.5205700649288827,
          "test_f1_std": 0.06551979229857968,
          "test_kappa_mean": 0.3065567660551866,
          "test_kappa_std": 0.09282311584996716,
          "confusion_matrix": [
            [
              43.07692307692308,
              43.07692307692308,
              13.846153846153845
            ],
            [
              21.0,
              47.0,
              32.0
            ],
            [
              13.846153846153848,
              16.92307692307692,
              69.23076923076923
            ]
          ]
        },
        {
          "participant": "3238",
          "train_size": 1,
          "n_seeds": 10,
          "n_train_samples_mean": 3.0,
          "n_test_samples_mean": 39.0,
          "test_acc_mean": 0.6128205128205128,
          "test_acc_std": 0.047510913195512115,
          "test_bal_acc_mean": 0.6128205128205128,
          "test_bal_acc_std": 0.04751091319551211,
          "test_f1_mean": 0.607530449151769,
          "test_f1_std": 0.05395156109628214,
          "test_kappa_mean": 0.41923076923076924,
          "test_kappa_std": 0.07126636979326818,
          "confusion_matrix": [
            [
              41.53846153846155,
              58.46153846153847,
              0.0
            ],
            [
              0.7692307692307693,
              67.69230769230771,
              31.53846153846154
            ],
            [
              1.5384615384615385,
              23.846153846153843,
              74.61538461538461
            ]
          ]
        },
        {
          "participant": "3239",
          "train_size": 1,
          "n_seeds": 10,
          "n_train_samples_mean": 3.0,
          "n_test_samples_mean": 38.0,
          "test_acc_mean": 0.6842105263157895,
          "test_acc_std": 0.08859214858212347,
          "test_bal_acc_mean": 0.6880341880341881,
          "test_bal_acc_std": 0.08424453732232164,
          "test_f1_mean": 0.6773066368554171,
          "test_f1_std": 0.09126525415403104,
          "test_kappa_mean": 0.529478163443508,
          "test_kappa_std": 0.13032625564829617,
          "confusion_matrix": [
            [
              63.84615384615385,
              21.53846153846154,
              14.615384615384617
            ],
            [
              12.499999999999998,
              83.33333333333333,
              4.166666666666666
            ],
            [
              1.5384615384615385,
              39.23076923076923,
              59.23076923076924
            ]
          ]
        },
        {
          "participant": "3240",
          "train_size": 1,
          "n_seeds": 10,
          "n_train_samples_mean": 3.0,
          "n_test_samples_mean": 37.0,
          "test_acc_mean": 0.6837837837837837,
          "test_acc_std": 0.04602536855655784,
          "test_bal_acc_mean": 0.6792735042735043,
          "test_bal_acc_std": 0.04808035230990404,
          "test_f1_mean": 0.6818201215702075,
          "test_f1_std": 0.05229904430927265,
          "test_kappa_mean": 0.5219351153375812,
          "test_kappa_std": 0.0711660504452467,
          "confusion_matrix": [
            [
              61.666666666666664,
              26.666666666666664,
              11.666666666666664
            ],
            [
              4.615384615384615,
              84.61538461538461,
              10.76923076923077
            ],
            [
              1.6666666666666665,
              40.833333333333336,
              57.5
            ]
          ]
        },
        {
          "participant": "3241",
          "train_size": 1,
          "n_seeds": 10,
          "n_train_samples_mean": 3.0,
          "n_test_samples_mean": 39.0,
          "test_acc_mean": 0.39230769230769236,
          "test_acc_std": 0.07156046389379309,
          "test_bal_acc_mean": 0.39230769230769236,
          "test_bal_acc_std": 0.07156046389379309,
          "test_f1_mean": 0.3762084768698738,
          "test_f1_std": 0.0744661325525277,
          "test_kappa_mean": 0.08846153846153845,
          "test_kappa_std": 0.10734069584068964,
          "confusion_matrix": [
            [
              48.46153846153847,
              41.53846153846154,
              10.0
            ],
            [
              50.00000000000001,
              35.38461538461538,
              14.615384615384617
            ],
            [
              29.230769230769234,
              36.92307692307693,
              33.84615384615385
            ]
          ]
        },
        {
          "participant": "3242",
          "train_size": 1,
          "n_seeds": 10,
          "n_train_samples_mean": 3.0,
          "n_test_samples_mean": 39.0,
          "test_acc_mean": 0.5102564102564102,
          "test_acc_std": 0.0559812748506421,
          "test_bal_acc_mean": 0.5102564102564103,
          "test_bal_acc_std": 0.0559812748506421,
          "test_f1_mean": 0.42903895965639827,
          "test_f1_std": 0.0580242301872482,
          "test_kappa_mean": 0.26538461538461544,
          "test_kappa_std": 0.08397191227596318,
          "confusion_matrix": [
            [
              79.23076923076923,
              17.692307692307693,
              3.076923076923077
            ],
            [
              30.769230769230774,
              69.23076923076924,
              0.0
            ],
            [
              66.92307692307692,
              28.461538461538463,
              4.615384615384615
            ]
          ]
        },
        {
          "participant": "3243",
          "train_size": 1,
          "n_seeds": 10,
          "n_train_samples_mean": 3.0,
          "n_test_samples_mean": 38.0,
          "test_acc_mean": 0.6605263157894737,
          "test_acc_std": 0.03813520196365642,
          "test_bal_acc_mean": 0.6675213675213676,
          "test_bal_acc_std": 0.037999760339535414,
          "test_f1_mean": 0.6610101513121063,
          "test_f1_std": 0.04217109776416184,
          "test_kappa_mean": 0.4962747441412505,
          "test_kappa_std": 0.056311426142183416,
          "confusion_matrix": [
            [
              93.33333333333333,
              6.666666666666666,
              0.0
            ],
            [
              56.15384615384615,
              43.84615384615385,
              0.0
            ],
            [
              35.38461538461538,
              1.5384615384615385,
              63.07692307692307
            ]
          ]
        },
        {
          "participant": "3244",
          "train_size": 1,
          "n_seeds": 10,
          "n_train_samples_mean": 3.0,
          "n_test_samples_mean": 39.0,
          "test_acc_mean": 0.5205128205128204,
          "test_acc_std": 0.06842946632905332,
          "test_bal_acc_mean": 0.5205128205128204,
          "test_bal_acc_std": 0.06842946632905332,
          "test_f1_mean": 0.4743187746172672,
          "test_f1_std": 0.07898174639742339,
          "test_kappa_mean": 0.28076923076923077,
          "test_kappa_std": 0.10264419949357996,
          "confusion_matrix": [
            [
              19.230769230769234,
              13.846153846153845,
              66.92307692307693
            ],
            [
              15.384615384615383,
              52.30769230769231,
              32.30769230769231
            ],
            [
              13.076923076923077,
              2.3076923076923075,
              84.61538461538461
            ]
          ]
        },
        {
          "participant": "3245",
          "train_size": 1,
          "n_seeds": 10,
          "n_train_samples_mean": 3.0,
          "n_test_samples_mean": 37.0,
          "test_acc_mean": 0.6810810810810811,
          "test_acc_std": 0.03779491344757304,
          "test_bal_acc_mean": 0.6727272727272727,
          "test_bal_acc_std": 0.03661314726493428,
          "test_f1_mean": 0.6826513136407827,
          "test_f1_std": 0.03682309478670541,
          "test_kappa_mean": 0.5195551216126478,
          "test_kappa_std": 0.05640098061649558,
          "confusion_matrix": [
            [
              72.30769230769229,
              10.0,
              17.69230769230769
            ],
            [
              4.615384615384615,
              77.6923076923077,
              17.692307692307693
            ],
            [
              0.0,
              48.18181818181817,
              51.81818181818181
            ]
          ]
        },
        {
          "participant": "3246",
          "train_size": 1,
          "n_seeds": 10,
          "n_train_samples_mean": 3.0,
          "n_test_samples_mean": 39.0,
          "test_acc_mean": 0.4897435897435898,
          "test_acc_std": 0.03715737627228059,
          "test_bal_acc_mean": 0.4897435897435898,
          "test_bal_acc_std": 0.0371573762722806,
          "test_f1_mean": 0.44357235528738476,
          "test_f1_std": 0.044338327114563925,
          "test_kappa_mean": 0.2346153846153846,
          "test_kappa_std": 0.05573606440842096,
          "confusion_matrix": [
            [
              15.384615384615383,
              2.3076923076923075,
              82.30769230769229
            ],
            [
              42.30769230769231,
              40.00000000000001,
              17.69230769230769
            ],
            [
              2.3076923076923075,
              6.153846153846155,
              91.53846153846153
            ]
          ]
        },
        {
          "participant": "3247",
          "train_size": 1,
          "n_seeds": 10,
          "n_train_samples_mean": 3.0,
          "n_test_samples_mean": 39.0,
          "test_acc_mean": 0.5692307692307692,
          "test_acc_std": 0.05099635518008993,
          "test_bal_acc_mean": 0.5692307692307692,
          "test_bal_acc_std": 0.050996355180089874,
          "test_f1_mean": 0.48721677773553285,
          "test_f1_std": 0.06263163756323896,
          "test_kappa_mean": 0.3538461538461538,
          "test_kappa_std": 0.07649453277013486,
          "confusion_matrix": [
            [
              92.30769230769229,
              0.0,
              7.692307692307692
            ],
            [
              86.15384615384616,
              4.615384615384615,
              9.23076923076923
            ],
            [
              24.615384615384617,
              1.5384615384615385,
              73.84615384615385
            ]
          ]
        },
        {
          "participant": "3248",
          "train_size": 1,
          "n_seeds": 10,
          "n_train_samples_mean": 3.0,
          "n_test_samples_mean": 38.0,
          "test_acc_mean": 0.5605263157894738,
          "test_acc_std": 0.03932721363414017,
          "test_bal_acc_mean": 0.5666666666666667,
          "test_bal_acc_std": 0.040250673532648114,
          "test_f1_mean": 0.524556625892856,
          "test_f1_std": 0.05346792781904352,
          "test_kappa_mean": 0.3454734034901365,
          "test_kappa_std": 0.058994950104097554,
          "confusion_matrix": [
            [
              80.0,
              0.0,
              20.0
            ],
            [
              56.15384615384615,
              23.076923076923077,
              20.769230769230766
            ],
            [
              20.769230769230766,
              12.307692307692308,
              66.92307692307693
            ]
          ]
        },
        {
          "participant": "3250",
          "train_size": 1,
          "n_seeds": 10,
          "n_train_samples_mean": 3.0,
          "n_test_samples_mean": 39.0,
          "test_acc_mean": 0.43589743589743585,
          "test_acc_std": 0.0241745908097965,
          "test_bal_acc_mean": 0.43589743589743585,
          "test_bal_acc_std": 0.02417459080979649,
          "test_f1_mean": 0.4041793238741011,
          "test_f1_std": 0.026794191083121394,
          "test_kappa_mean": 0.15384615384615383,
          "test_kappa_std": 0.03626188621469472,
          "confusion_matrix": [
            [
              19.999999999999996,
              25.384615384615383,
              54.61538461538462
            ],
            [
              15.384615384615383,
              59.230769230769226,
              25.384615384615387
            ],
            [
              19.230769230769234,
              29.230769230769234,
              51.53846153846153
            ]
          ]
        }
      ]
    },
    {
      "aggregated": {
        "train_size": 2,
        "n_participants": 36,
        "n_seeds": 10,
        "test_acc_mean": 0.6338052678984051,
        "test_acc_std": 0.11530044599213331,
        "test_bal_acc_mean": 0.6293569958847737,
        "test_bal_acc_std": 0.11795880545292449,
        "test_f1_mean": 0.615645151564291,
        "test_f1_std": 0.1232954651190016,
        "test_kappa_mean": 0.4458757741590598,
        "test_kappa_std": 0.17426113884370983,
        "confusion_matrix": [
          [
            63.45538720538722,
            19.1456228956229,
            17.398989898989907
          ],
          [
            18.453984287317624,
            53.22320426487093,
            28.32281144781145
          ],
          [
            7.36040965207632,
            20.511083052749722,
            72.12850729517399
          ]
        ]
      },
      "per_participant": [
        {
          "participant": "3208",
          "train_size": 2,
          "n_seeds": 10,
          "n_train_samples_mean": 6.0,
          "n_test_samples_mean": 36.0,
          "test_acc_mean": 0.6027777777777779,
          "test_acc_std": 0.052460057311908476,
          "test_bal_acc_mean": 0.6027777777777779,
          "test_bal_acc_std": 0.05246005731190848,
          "test_f1_mean": 0.5971694857879397,
          "test_f1_std": 0.051178188818986996,
          "test_kappa_mean": 0.4041666666666667,
          "test_kappa_std": 0.07869008596786276,
          "confusion_matrix": [
            [
              45.833333333333336,
              29.166666666666668,
              25.0
            ],
            [
              18.33333333333333,
              59.166666666666664,
              22.499999999999996
            ],
            [
              0.8333333333333333,
              23.333333333333332,
              75.83333333333334
            ]
          ]
        },
        {
          "participant": "3209",
          "train_size": 2,
          "n_seeds": 10,
          "n_train_samples_mean": 6.0,
          "n_test_samples_mean": 35.0,
          "test_acc_mean": 0.5828571428571427,
          "test_acc_std": 0.052510661912724674,
          "test_bal_acc_mean": 0.5742424242424242,
          "test_bal_acc_std": 0.05382205171069384,
          "test_f1_mean": 0.5681165796905205,
          "test_f1_std": 0.05804553252614049,
          "test_kappa_mean": 0.3708892328880772,
          "test_kappa_std": 0.08004450965769119,
          "confusion_matrix": [
            [
              78.33333333333334,
              4.166666666666666,
              17.499999999999993
            ],
            [
              14.166666666666666,
              66.66666666666666,
              19.166666666666664
            ],
            [
              60.909090909090914,
              11.81818181818182,
              27.272727272727273
            ]
          ]
        },
        {
          "participant": "3214",
          "train_size": 2,
          "n_seeds": 10,
          "n_train_samples_mean": 6.0,
          "n_test_samples_mean": 36.0,
          "test_acc_mean": 0.625,
          "test_acc_std": 0.02360657182218878,
          "test_bal_acc_mean": 0.625,
          "test_bal_acc_std": 0.023606571822188827,
          "test_f1_mean": 0.5620410795668708,
          "test_f1_std": 0.02491393893270901,
