{
  "name": "perf_ecg",
  "config": {
    "n_seeds": 10,
    "feature_selection": "backward",
    "use_pca": false,
    "pca_variance": 0.95,
    "write_cm": true,
    "tune_hyperparameters": false,
    "tune_n_iter": 30,
    "tune_cv_folds": 5,
    "use_pose_derivatives": true,
    "use_time_features": false,
    "class_config": "all",
    "include_order": false,
    "name": "perf_ecg",
    "feature_groups": [
      "performance",
      "ecg"
    ],
    "split_strategy": "participant_specific",
    "sampling_strategy": "temporal_stratified"
  },
  "sampling_strategy": "temporal_stratified",
  "n_seeds": 10,
  "learning_curve": [
    {
      "aggregated": {
        "train_size": 1,
        "n_participants": 37,
        "n_seeds": 10,
        "test_acc_mean": 0.4854469854469855,
        "test_acc_std": 0.11018690921188316,
        "test_bal_acc_mean": 0.4854469854469855,
        "test_bal_acc_std": 0.11018690921188316,
        "test_f1_mean": 0.4499753908255459,
        "test_f1_std": 0.12699862072410723,
        "test_kappa_mean": 0.2281704781704782,
        "test_kappa_std": 0.16528036381782474,
        "confusion_matrix": [
          [
            49.08523908523909,
            25.343035343035343,
            25.571725571725576
          ],
          [
            23.783783783783782,
            39.2931392931393,
            36.92307692307691
          ],
          [
            15.654885654885657,
            27.089397089397092,
            57.255717255717244
          ]
        ]
      },
      "per_participant": [
        {
          "participant": "3208",
          "train_size": 1,
          "n_seeds": 10,
          "n_train_samples_mean": 3.0,
          "n_test_samples_mean": 39.0,
          "test_acc_mean": 0.5615384615384615,
          "test_acc_std": 0.040900807227368906,
          "test_bal_acc_mean": 0.5615384615384615,
          "test_bal_acc_std": 0.04090080722736889,
          "test_f1_mean": 0.5493570430374526,
          "test_f1_std": 0.04876175790052614,
          "test_kappa_mean": 0.3423076923076923,
          "test_kappa_std": 0.061351210841053334,
          "confusion_matrix": [
            [
              38.46153846153846,
              47.69230769230769,
              13.846153846153845
            ],
            [
              16.153846153846153,
              73.07692307692307,
              10.76923076923077
            ],
            [
              3.076923076923077,
              40.0,
              56.92307692307693
            ]
          ]
        },
        {
          "participant": "3209",
          "train_size": 1,
          "n_seeds": 10,
          "n_train_samples_mean": 3.0,
          "n_test_samples_mean": 39.0,
          "test_acc_mean": 0.31025641025641026,
          "test_acc_std": 0.0559812748506421,
          "test_bal_acc_mean": 0.31025641025641026,
          "test_bal_acc_std": 0.055981274850642096,
          "test_f1_mean": 0.2616370575295523,
          "test_f1_std": 0.04348834648047994,
          "test_kappa_mean": -0.03461538461538462,
          "test_kappa_std": 0.08397191227596316,
          "confusion_matrix": [
            [
              51.53846153846155,
              21.538461538461537,
              26.923076923076923
            ],
            [
              43.84615384615385,
              5.384615384615385,
              50.769230769230774
            ],
            [
              48.46153846153847,
              15.384615384615387,
              36.15384615384615
            ]
          ]
        },
        {
          "participant": "3210",
          "train_size": 1,
          "n_seeds": 10,
          "n_train_samples_mean": 3.0,
          "n_test_samples_mean": 39.0,
          "test_acc_mean": 0.3333333333333333,
          "test_acc_std": 0.024174590809796493,
          "test_bal_acc_mean": 0.3333333333333333,
          "test_bal_acc_std": 0.024174590809796483,
          "test_f1_mean": 0.20725272010900855,
          "test_f1_std": 0.03990360040622643,
          "test_kappa_mean": 2.2204460492503132e-17,
          "test_kappa_std": 0.03626188621469473,
          "confusion_matrix": [
            [
              1.5384615384615385,
              16.923076923076923,
              81.53846153846153
            ],
            [
              0.0,
              6.9230769230769225,
              93.07692307692307
            ],
            [
              0.0,
              8.461538461538462,
              91.53846153846152
            ]
          ]
        },
        {
          "participant": "3214",
          "train_size": 1,
          "n_seeds": 10,
          "n_train_samples_mean": 3.0,
          "n_test_samples_mean": 39.0,
          "test_acc_mean": 0.5410256410256411,
          "test_acc_std": 0.05049249739398951,
          "test_bal_acc_mean": 0.5410256410256411,
          "test_bal_acc_std": 0.0504924973939895,
          "test_f1_mean": 0.518254575383276,
          "test_f1_std": 0.04652663322497623,
          "test_kappa_mean": 0.3115384615384615,
          "test_kappa_std": 0.07573874609098423,
          "confusion_matrix": [
            [
              71.53846153846153,
              21.53846153846154,
              6.9230769230769225
            ],
            [
              33.07692307692307,
              25.384615384615383,
              41.53846153846154
            ],
            [
              11.53846153846154,
              23.076923076923077,
              65.38461538461539
            ]
          ]
        },
        {
          "participant": "3215",
          "train_size": 1,
          "n_seeds": 10,
          "n_train_samples_mean": 3.0,
          "n_test_samples_mean": 39.0,
          "test_acc_mean": 0.36410256410256414,
          "test_acc_std": 0.10025899691360807,
          "test_bal_acc_mean": 0.36410256410256414,
          "test_bal_acc_std": 0.10025899691360807,
          "test_f1_mean": 0.3304740768290142,
          "test_f1_std": 0.12748011315113936,
          "test_kappa_mean": 0.04615384615384617,
          "test_kappa_std": 0.1503884953704121,
          "confusion_matrix": [
            [
              30.0,
              5.384615384615385,
              64.61538461538461
            ],
            [
              0.7692307692307693,
              16.153846153846153,
              83.07692307692307
            ],
            [
              0.0,
              36.92307692307692,
              63.07692307692307
            ]
          ]
        },
        {
          "participant": "3216",
          "train_size": 1,
          "n_seeds": 10,
          "n_train_samples_mean": 3.0,
          "n_test_samples_mean": 39.0,
          "test_acc_mean": 0.6025641025641025,
          "test_acc_std": 0.0630975344454419,
          "test_bal_acc_mean": 0.6025641025641025,
          "test_bal_acc_std": 0.06309753444544187,
          "test_f1_mean": 0.5845445614930879,
          "test_f1_std": 0.07231674076170976,
          "test_kappa_mean": 0.40384615384615385,
          "test_kappa_std": 0.09464630166816282,
          "confusion_matrix": [
            [
              36.15384615384615,
              56.92307692307692,
              6.9230769230769225
            ],
            [
              10.76923076923077,
              60.0,
              29.230769230769226
            ],
            [
              3.846153846153846,
              11.538461538461538,
              84.61538461538461
            ]
          ]
        },
        {
          "participant": "3217",
          "train_size": 1,
          "n_seeds": 10,
          "n_train_samples_mean": 3.0,
          "n_test_samples_mean": 39.0,
          "test_acc_mean": 0.458974358974359,
          "test_acc_std": 0.0282180752465285,
          "test_bal_acc_mean": 0.458974358974359,
          "test_bal_acc_std": 0.028218075246528515,
          "test_f1_mean": 0.4309775646990799,
          "test_f1_std": 0.02603101034610696,
          "test_kappa_mean": 0.18846153846153846,
          "test_kappa_std": 0.04232711286979276,
          "confusion_matrix": [
            [
              69.23076923076924,
              14.615384615384617,
              16.153846153846153
            ],
            [
              22.307692307692307,
              16.92307692307692,
              60.769230769230774
            ],
            [
              23.846153846153847,
              24.615384615384617,
              51.53846153846153
            ]
          ]
        },
        {
          "participant": "3218",
          "train_size": 1,
          "n_seeds": 10,
          "n_train_samples_mean": 3.0,
          "n_test_samples_mean": 39.0,
          "test_acc_mean": 0.6692307692307693,
          "test_acc_std": 0.05191911982388868,
          "test_bal_acc_mean": 0.6692307692307693,
          "test_bal_acc_std": 0.05191911982388867,
          "test_f1_mean": 0.6686972323396071,
          "test_f1_std": 0.05554847218246382,
          "test_kappa_mean": 0.5038461538461538,
          "test_kappa_std": 0.07787867973583301,
          "confusion_matrix": [
            [
              57.69230769230769,
              27.69230769230769,
              14.615384615384617
            ],
            [
              3.076923076923077,
              81.53846153846155,
              15.384615384615383
            ],
            [
              0.7692307692307693,
              37.69230769230769,
              61.53846153846155
            ]
          ]
        },
        {
          "participant": "3219",
          "train_size": 1,
          "n_seeds": 10,
          "n_train_samples_mean": 3.0,
          "n_test_samples_mean": 39.0,
          "test_acc_mean": 0.6051282051282052,
          "test_acc_std": 0.042219107812746924,
          "test_bal_acc_mean": 0.6051282051282052,
          "test_bal_acc_std": 0.042219107812746924,
          "test_f1_mean": 0.5713340345354969,
          "test_f1_std": 0.0651390516075138,
          "test_kappa_mean": 0.40769230769230774,
          "test_kappa_std": 0.06332866171912033,
          "confusion_matrix": [
            [
              92.3076923076923,
              7.692307692307692,
              0.0
            ],
            [
              20.769230769230766,
              43.84615384615385,
              35.38461538461539
            ],
            [
              41.53846153846154,
              13.076923076923077,
              45.38461538461539
            ]
          ]
        },
        {
          "participant": "3220",
          "train_size": 1,
          "n_seeds": 10,
          "n_train_samples_mean": 3.0,
          "n_test_samples_mean": 39.0,
          "test_acc_mean": 0.3820512820512821,
          "test_acc_std": 0.05049249739398951,
          "test_bal_acc_mean": 0.382051282051282,
          "test_bal_acc_std": 0.0504924973939895,
          "test_f1_mean": 0.37345692433137356,
          "test_f1_std": 0.05384679215710712,
          "test_kappa_mean": 0.07307692307692305,
          "test_kappa_std": 0.07573874609098427,
          "confusion_matrix": [
            [
              31.53846153846154,
              54.61538461538462,
              13.846153846153845
            ],
            [
              17.69230769230769,
              49.99999999999999,
              32.30769230769231
            ],
            [
              9.23076923076923,
              57.69230769230769,
              33.07692307692308
            ]
          ]
        },
        {
          "participant": "3221",
          "train_size": 1,
          "n_seeds": 10,
          "n_train_samples_mean": 3.0,
          "n_test_samples_mean": 39.0,
          "test_acc_mean": 0.5487179487179488,
          "test_acc_std": 0.05695155982549638,
          "test_bal_acc_mean": 0.5487179487179488,
          "test_bal_acc_std": 0.05695155982549637,
          "test_f1_mean": 0.5178903872115747,
          "test_f1_std": 0.08472366399030148,
          "test_kappa_mean": 0.3230769230769231,
          "test_kappa_std": 0.08542733973824453,
          "confusion_matrix": [
            [
              24.61538461538462,
              65.38461538461539,
              10.0
            ],
            [
              2.3076923076923075,
              82.3076923076923,
              15.384615384615383
            ],
            [
              0.0,
              42.30769230769231,
              57.6923076923077
            ]
          ]
        },
        {
          "participant": "3223",
          "train_size": 1,
          "n_seeds": 10,
          "n_train_samples_mean": 3.0,
          "n_test_samples_mean": 39.0,
          "test_acc_mean": 0.7333333333333333,
          "test_acc_std": 0.05946163121684132,
          "test_bal_acc_mean": 0.7333333333333333,
          "test_bal_acc_std": 0.059461631216841296,
          "test_f1_mean": 0.7257588464151521,
          "test_f1_std": 0.06329410150274038,
          "test_kappa_mean": 0.6,
          "test_kappa_std": 0.08919244682526196,
          "confusion_matrix": [
            [
              78.46153846153845,
              0.0,
              21.53846153846154
            ],
            [
              15.384615384615383,
              67.6923076923077,
              16.92307692307692
            ],
            [
              12.307692307692308,
              13.846153846153845,
              73.84615384615384
            ]
          ]
        },
        {
          "participant": "3224",
          "train_size": 1,
          "n_seeds": 10,
          "n_train_samples_mean": 3.0,
          "n_test_samples_mean": 39.0,
          "test_acc_mean": 0.5384615384615385,
          "test_acc_std": 0.0863205550287357,
          "test_bal_acc_mean": 0.5384615384615385,
          "test_bal_acc_std": 0.08632055502873572,
          "test_f1_mean": 0.4833296110643658,
          "test_f1_std": 0.10535675005770621,
          "test_kappa_mean": 0.30769230769230776,
          "test_kappa_std": 0.12948083254310355,
          "confusion_matrix": [
            [
              52.30769230769231,
              6.923076923076924,
              40.769230769230774
            ],
            [
              0.7692307692307693,
              13.846153846153845,
              85.38461538461537
            ],
            [
              3.846153846153846,
              0.7692307692307693,
              95.38461538461539
            ]
          ]
        },
        {
          "participant": "3225",
          "train_size": 1,
          "n_seeds": 10,
          "n_train_samples_mean": 3.0,
          "n_test_samples_mean": 39.0,
          "test_acc_mean": 0.3025641025641026,
          "test_acc_std": 0.07720745155990576,
          "test_bal_acc_mean": 0.3025641025641025,
          "test_bal_acc_std": 0.07720745155990574,
          "test_f1_mean": 0.2289177339828131,
          "test_f1_std": 0.0934300569059003,
          "test_kappa_mean": -0.04615384615384612,
          "test_kappa_std": 0.1158111773398586,
          "confusion_matrix": [
            [
              73.07692307692308,
              21.53846153846154,
              5.384615384615385
            ],
            [
              93.07692307692307,
              6.9230769230769225,
              0.0
            ],
            [
              56.92307692307693,
              32.30769230769231,
              10.76923076923077
            ]
          ]
        },
        {
          "participant": "3226",
          "train_size": 1,
          "n_seeds": 10,
          "n_train_samples_mean": 3.0,
          "n_test_samples_mean": 39.0,
          "test_acc_mean": 0.5230769230769232,
          "test_acc_std": 0.07272494832882957,
          "test_bal_acc_mean": 0.523076923076923,
          "test_bal_acc_std": 0.07272494832882959,
          "test_f1_mean": 0.4646402062567141,
          "test_f1_std": 0.057550998838799286,
          "test_kappa_mean": 0.2846153846153846,
          "test_kappa_std": 0.10908742249324437,
          "confusion_matrix": [
            [
              100.0,
              0.0,
              0.0
            ],
            [
              7.692307692307692,
              1.5384615384615385,
              90.76923076923077
            ],
            [
              5.384615384615385,
              39.230769230769226,
              55.38461538461538
            ]
          ]
        },
        {
          "participant": "3227",
          "train_size": 1,
          "n_seeds": 10,
          "n_train_samples_mean": 3.0,
          "n_test_samples_mean": 39.0,
          "test_acc_mean": 0.45384615384615384,
          "test_acc_std": 0.03429470538075021,
          "test_bal_acc_mean": 0.45384615384615384,
          "test_bal_acc_std": 0.03429470538075021,
          "test_f1_mean": 0.43042887637752597,
          "test_f1_std": 0.031013644155562684,
          "test_kappa_mean": 0.1807692307692308,
          "test_kappa_std": 0.05144205807112534,
          "confusion_matrix": [
            [
              72.3076923076923,
              27.69230769230769,
              0.0
            ],
            [
              36.15384615384615,
              38.46153846153847,
              25.384615384615383
            ],
            [
              26.153846153846153,
              48.46153846153847,
              25.384615384615383
            ]
          ]
        },
        {
          "participant": "3228",
          "train_size": 1,
          "n_seeds": 10,
          "n_train_samples_mean": 3.0,
          "n_test_samples_mean": 39.0,
          "test_acc_mean": 0.2846153846153846,
          "test_acc_std": 0.04902437743487175,
          "test_bal_acc_mean": 0.2846153846153846,
          "test_bal_acc_std": 0.04902437743487175,
          "test_f1_mean": 0.2394020929471618,
          "test_f1_std": 0.04196687286517585,
          "test_kappa_mean": -0.07307692307692307,
          "test_kappa_std": 0.0735365661523076,
          "confusion_matrix": [
            [
              4.615384615384615,
              79.99999999999999,
              15.384615384615383
            ],
            [
              0.0,
              27.69230769230769,
              72.3076923076923
            ],
            [
              0.7692307692307693,
              46.15384615384615,
              53.07692307692308
            ]
          ]
        },
        {
          "participant": "3229",
          "train_size": 1,
          "n_seeds": 10,
          "n_train_samples_mean": 3.0,
          "n_test_samples_mean": 39.0,
          "test_acc_mean": 0.5307692307692308,
          "test_acc_std": 0.058031607510317794,
          "test_bal_acc_mean": 0.5307692307692308,
          "test_bal_acc_std": 0.05803160751031782,
          "test_f1_mean": 0.4992797696240848,
          "test_f1_std": 0.06124245105818904,
          "test_kappa_mean": 0.29615384615384616,
          "test_kappa_std": 0.0870474112654767,
          "confusion_matrix": [
            [
              24.615384615384613,
              50.76923076923077,
              24.615384615384617
            ],
            [
              10.000000000000002,
              76.15384615384616,
              13.846153846153845
            ],
            [
              2.3076923076923075,
              39.23076923076923,
              58.46153846153847
            ]
          ]
        },
        {
          "participant": "3230",
          "train_size": 1,
          "n_seeds": 10,
          "n_train_samples_mean": 3.0,
          "n_test_samples_mean": 39.0,
          "test_acc_mean": 0.5128205128205128,
          "test_acc_std": 0.05539094614023813,
          "test_bal_acc_mean": 0.5128205128205128,
          "test_bal_acc_std": 0.05539094614023813,
          "test_f1_mean": 0.4564914237699039,
          "test_f1_std": 0.07977603566230217,
          "test_kappa_mean": 0.2692307692307693,
          "test_kappa_std": 0.08308641921035718,
          "confusion_matrix": [
            [
              32.30769230769231,
              6.153846153846154,
              61.53846153846155
            ],
            [
              23.846153846153847,
              26.923076923076916,
              49.23076923076923
            ],
            [
              3.076923076923077,
              2.3076923076923075,
              94.61538461538461
            ]
          ]
        },
        {
          "participant": "3232",
          "train_size": 1,
          "n_seeds": 10,
          "n_train_samples_mean": 3.0,
          "n_test_samples_mean": 39.0,
          "test_acc_mean": 0.4,
          "test_acc_std": 0.03860372577995287,
          "test_bal_acc_mean": 0.4,
          "test_bal_acc_std": 0.03860372577995287,
          "test_f1_mean": 0.33582458166369145,
          "test_f1_std": 0.07207965755530363,
          "test_kappa_mean": 0.09999999999999999,
          "test_kappa_std": 0.05790558866992932,
          "confusion_matrix": [
            [
              11.53846153846154,
              26.923076923076923,
              61.53846153846155
            ],
            [
              40.76923076923077,
              26.923076923076916,
              32.307692307692314
            ],
            [
              0.7692307692307693,
              17.69230769230769,
              81.53846153846153
            ]
          ]
        },
        {
          "participant": "3233",
          "train_size": 1,
          "n_seeds": 10,
          "n_train_samples_mean": 3.0,
          "n_test_samples_mean": 39.0,
          "test_acc_mean": 0.4717948717948718,
          "test_acc_std": 0.05296387481993048,
          "test_bal_acc_mean": 0.4717948717948718,
          "test_bal_acc_std": 0.05296387481993049,
          "test_f1_mean": 0.43561827418944166,
          "test_f1_std": 0.07284986862006383,
          "test_kappa_mean": 0.2076923076923077,
          "test_kappa_std": 0.07944581222989572,
          "confusion_matrix": [
            [
              44.61538461538462,
              47.69230769230769,
              7.692307692307692
            ],
            [
              21.53846153846154,
              78.46153846153847,
              0.0
            ],
            [
              3.846153846153846,
              77.6923076923077,
              18.461538461538463
            ]
          ]
        },
        {
          "participant": "3234",
          "train_size": 1,
          "n_seeds": 10,
          "n_train_samples_mean": 3.0,
          "n_test_samples_mean": 39.0,
          "test_acc_mean": 0.4025641025641026,
          "test_acc_std": 0.038318823540957093,
          "test_bal_acc_mean": 0.4025641025641026,
          "test_bal_acc_std": 0.03831882354095708,
          "test_f1_mean": 0.34377365117415465,
          "test_f1_std": 0.02802926367448494,
          "test_kappa_mean": 0.10384615384615384,
          "test_kappa_std": 0.05747823531143563,
          "confusion_matrix": [
            [
              40.769230769230774,
              0.7692307692307693,
              58.46153846153845
            ],
            [
              53.07692307692307,
              7.692307692307692,
              39.23076923076923
            ],
            [
              27.69230769230769,
              0.0,
              72.30769230769229
            ]
          ]
        },
        {
          "participant": "3235",
          "train_size": 1,
          "n_seeds": 10,
          "n_train_samples_mean": 3.0,
          "n_test_samples_mean": 39.0,
          "test_acc_mean": 0.5076923076923077,
          "test_acc_std": 0.04324482270315732,
          "test_bal_acc_mean": 0.5076923076923077,
          "test_bal_acc_std": 0.043244822703157326,
          "test_f1_mean": 0.4912282506240717,
          "test_f1_std": 0.04435543109731875,
          "test_kappa_mean": 0.26153846153846155,
          "test_kappa_std": 0.06486723405473599,
          "confusion_matrix": [
            [
              74.61538461538461,
              16.923076923076923,
              8.461538461538462
            ],
            [
              31.538461538461537,
              36.92307692307692,
              31.53846153846154
            ],
            [
              23.846153846153847,
              35.38461538461538,
              40.76923076923077
            ]
          ]
        },
        {
          "participant": "3236",
          "train_size": 1,
          "n_seeds": 10,
          "n_train_samples_mean": 3.0,
          "n_test_samples_mean": 39.0,
          "test_acc_mean": 0.5948717948717949,
          "test_acc_std": 0.03585671275795391,
          "test_bal_acc_mean": 0.5948717948717949,
          "test_bal_acc_std": 0.03585671275795389,
          "test_f1_mean": 0.575648537625763,
          "test_f1_std": 0.04564221104381356,
          "test_kappa_mean": 0.39230769230769225,
          "test_kappa_std": 0.05378506913693086,
          "confusion_matrix": [
            [
              50.76923076923078,
              9.23076923076923,
              39.99999999999999
            ],
            [
              0.7692307692307693,
              31.538461538461537,
              67.69230769230771
            ],
            [
              2.3076923076923075,
              1.5384615384615385,
              96.15384615384616
            ]
          ]
        },
        {
          "participant": "3237",
          "train_size": 1,
          "n_seeds": 10,
          "n_train_samples_mean": 3.0,
          "n_test_samples_mean": 39.0,
          "test_acc_mean": 0.5051282051282051,
          "test_acc_std": 0.05675882979789398,
          "test_bal_acc_mean": 0.5051282051282051,
          "test_bal_acc_std": 0.056758829797894005,
          "test_f1_mean": 0.48319610436587845,
          "test_f1_std": 0.05950463049543823,
          "test_kappa_mean": 0.25769230769230766,
          "test_kappa_std": 0.085138244696841,
          "confusion_matrix": [
            [
              75.38461538461539,
              15.384615384615387,
              9.23076923076923
            ],
            [
              61.53846153846153,
              24.615384615384617,
              13.846153846153845
            ],
            [
              36.92307692307692,
              11.53846153846154,
              51.53846153846155
            ]
          ]
        },
        {
          "participant": "3238",
          "train_size": 1,
          "n_seeds": 10,
          "n_train_samples_mean": 3.0,
          "n_test_samples_mean": 39.0,
          "test_acc_mean": 0.6358974358974359,
          "test_acc_std": 0.04490230952671348,
          "test_bal_acc_mean": 0.6358974358974359,
          "test_bal_acc_std": 0.044902309526713535,
          "test_f1_mean": 0.6244047088974244,
          "test_f1_std": 0.03782844006547614,
          "test_kappa_mean": 0.45384615384615384,
          "test_kappa_std": 0.06735346429007023,
          "confusion_matrix": [
            [
              73.07692307692308,
              23.846153846153847,
              3.076923076923077
            ],
            [
              10.76923076923077,
              41.53846153846154,
              47.692307692307686
            ],
            [
              14.615384615384613,
              9.23076923076923,
              76.15384615384616
            ]
          ]
        },
        {
          "participant": "3239",
          "train_size": 1,
          "n_seeds": 10,
          "n_train_samples_mean": 3.0,
          "n_test_samples_mean": 39.0,
          "test_acc_mean": 0.6487179487179487,
          "test_acc_std": 0.07649453277013486,
          "test_bal_acc_mean": 0.6487179487179487,
          "test_bal_acc_std": 0.07649453277013486,
          "test_f1_mean": 0.6303963947246934,
          "test_f1_std": 0.08491238781521837,
          "test_kappa_mean": 0.47307692307692306,
          "test_kappa_std": 0.11474179915520229,
          "confusion_matrix": [
            [
              69.99999999999999,
              26.923076923076923,
              3.076923076923077
            ],
            [
              10.76923076923077,
              87.6923076923077,
              1.5384615384615385
            ],
            [
              9.23076923076923,
              53.84615384615385,
              36.92307692307692
            ]
          ]
        },
        {
          "participant": "3240",
          "train_size": 1,
          "n_seeds": 10,
          "n_train_samples_mean": 3.0,
          "n_test_samples_mean": 39.0,
          "test_acc_mean": 0.5051282051282051,
          "test_acc_std": 0.051353226959999325,
          "test_bal_acc_mean": 0.5051282051282051,
          "test_bal_acc_std": 0.05135322695999933,
          "test_f1_mean": 0.5033140247008681,
          "test_f1_std": 0.05336618574780797,
          "test_kappa_mean": 0.25769230769230766,
          "test_kappa_std": 0.07702984043999901,
          "confusion_matrix": [
            [
              38.46153846153846,
              52.30769230769231,
              9.23076923076923
            ],
            [
              20.769230769230766,
              59.23076923076924,
              20.000000000000004
            ],
            [
              3.846153846153846,
              42.30769230769231,
              53.846153846153854
            ]
          ]
        },
        {
          "participant": "3241",
          "train_size": 1,
          "n_seeds": 10,
          "n_train_samples_mean": 3.0,
          "n_test_samples_mean": 39.0,
          "test_acc_mean": 0.3358974358974359,
          "test_acc_std": 0.05853296980603053,
          "test_bal_acc_mean": 0.3358974358974359,
          "test_bal_acc_std": 0.05853296980603055,
          "test_f1_mean": 0.2885505734799675,
          "test_f1_std": 0.07177678718145453,
          "test_kappa_mean": 0.0038461538461538104,
          "test_kappa_std": 0.0877994547090458,
          "confusion_matrix": [
            [
              36.92307692307692,
              55.384615384615394,
              7.692307692307692
            ],
            [
              41.53846153846154,
              55.38461538461538,
              3.076923076923077
            ],
            [
              37.69230769230769,
              53.84615384615385,
              8.461538461538462
            ]
          ]
        },
        {
          "participant": "3242",
          "train_size": 1,
          "n_seeds": 10,
          "n_train_samples_mean": 3.0,
          "n_test_samples_mean": 39.0,
          "test_acc_mean": 0.4256410256410256,
          "test_acc_std": 0.03860372577995288,
          "test_bal_acc_mean": 0.4256410256410256,
          "test_bal_acc_std": 0.03860372577995286,
          "test_f1_mean": 0.3789942024375327,
          "test_f1_std": 0.06939222567425053,
          "test_kappa_mean": 0.13846153846153847,
          "test_kappa_std": 0.05790558866992928,
          "confusion_matrix": [
            [
              74.61538461538461,
              18.46153846153846,
              6.9230769230769225
            ],
            [
              47.69230769230769,
              36.15384615384615,
              16.153846153846153
            ],
            [
              56.15384615384615,
              26.923076923076923,
              16.923076923076923
            ]
          ]
        },
        {
          "participant": "3243",
          "train_size": 1,
          "n_seeds": 10,
          "n_train_samples_mean": 3.0,
          "n_test_samples_mean": 39.0,
          "test_acc_mean": 0.39230769230769236,
          "test_acc_std": 0.05412355623585492,
          "test_bal_acc_mean": 0.39230769230769236,
          "test_bal_acc_std": 0.05412355623585493,
          "test_f1_mean": 0.34999742570589076,
          "test_f1_std": 0.08599106042264688,
          "test_kappa_mean": 0.08846153846153842,
          "test_kappa_std": 0.08118533435378239,
          "confusion_matrix": [
            [
              53.84615384615385,
              46.15384615384615,
              0.0
            ],
            [
              50.00000000000001,
              49.23076923076923,
              0.7692307692307693
            ],
            [
              36.15384615384615,
              49.23076923076924,
              14.615384615384617
            ]
          ]
        },
        {
          "participant": "3244",
          "train_size": 1,
          "n_seeds": 10,
          "n_train_samples_mean": 3.0,
          "n_test_samples_mean": 39.0,
          "test_acc_mean": 0.44102564102564107,
          "test_acc_std": 0.02356247649929953,
          "test_bal_acc_mean": 0.44102564102564107,
          "test_bal_acc_std": 0.0235624764992995,
          "test_f1_mean": 0.3970725319321461,
          "test_f1_std": 0.02538699338790395,
          "test_kappa_mean": 0.16153846153846155,
          "test_kappa_std": 0.035343714748949255,
          "confusion_matrix": [
            [
              38.46153846153846,
              16.153846153846153,
              45.38461538461538
            ],
            [
              27.692307692307686,
              16.153846153846153,
              56.15384615384615
            ],
            [
              15.384615384615383,
              6.9230769230769225,
              77.6923076923077
            ]
          ]
        },
        {
          "participant": "3245",
          "train_size": 1,
          "n_seeds": 10,
          "n_train_samples_mean": 3.0,
          "n_test_samples_mean": 39.0,
          "test_acc_mean": 0.5897435897435896,
          "test_acc_std": 0.046813893803860356,
          "test_bal_acc_mean": 0.5897435897435898,
          "test_bal_acc_std": 0.04681389380386035,
          "test_f1_mean": 0.5983990009399127,
          "test_f1_std": 0.04296044333315907,
          "test_kappa_mean": 0.38461538461538464,
          "test_kappa_std": 0.07022084070579054,
          "confusion_matrix": [
            [
              63.846153846153854,
              20.0,
              16.153846153846153
            ],
            [
              0.7692307692307693,
              54.61538461538462,
              44.61538461538461
            ],
            [
              0.0,
              41.53846153846154,
              58.46153846153847
            ]
          ]
        },
        {
          "participant": "3246",
          "train_size": 1,
          "n_seeds": 10,
          "n_train_samples_mean": 3.0,
          "n_test_samples_mean": 39.0,
          "test_acc_mean": 0.5076923076923077,
          "test_acc_std": 0.041521223252961086,
          "test_bal_acc_mean": 0.5076923076923078,
          "test_bal_acc_std": 0.0415212232529611,
          "test_f1_mean": 0.450763187502631,
          "test_f1_std": 0.0657908238438248,
          "test_kappa_mean": 0.2615384615384616,
          "test_kappa_std": 0.06228183487944168,
          "confusion_matrix": [
            [
              14.615384615384617,
              1.5384615384615385,
              83.84615384615384
            ],
            [
              16.923076923076923,
              42.30769230769231,
              40.76923076923076
            ],
            [
              0.0,
              4.615384615384615,
              95.38461538461539
            ]
          ]
        },
        {
          "participant": "3247",
          "train_size": 1,
          "n_seeds": 10,
          "n_train_samples_mean": 3.0,
          "n_test_samples_mean": 39.0,
          "test_acc_mean": 0.5282051282051282,
          "test_acc_std": 0.054325636178019505,
          "test_bal_acc_mean": 0.5282051282051282,
          "test_bal_acc_std": 0.054325636178019526,
          "test_f1_mean": 0.4916936615562684,
          "test_f1_std": 0.06308780301122317,
          "test_kappa_mean": 0.2923076923076923,
          "test_kappa_std": 0.08148845426702926,
          "confusion_matrix": [
            [
              67.69230769230768,
              14.615384615384617,
              17.69230769230769
            ],
            [
              51.53846153846153,
              20.769230769230766,
              27.69230769230769
            ],
            [
              27.692307692307686,
              2.3076923076923075,
              70.0
            ]
          ]
        },
        {
          "participant": "3248",
          "train_size": 1,
          "n_seeds": 10,
          "n_train_samples_mean": 3.0,
          "n_test_samples_mean": 39.0,
          "test_acc_mean": 0.40512820512820513,
          "test_acc_std": 0.06598379167732916,
          "test_bal_acc_mean": 0.40512820512820513,
          "test_bal_acc_std": 0.06598379167732916,
          "test_f1_mean": 0.3875892166152184,
          "test_f1_std": 0.07092085894005593,
          "test_kappa_mean": 0.10769230769230768,
          "test_kappa_std": 0.09897568751599377,
          "confusion_matrix": [
            [
              35.38461538461539,
              0.0,
              64.61538461538461
            ],
            [
              30.0,
              26.923076923076923,
              43.07692307692308
            ],
            [
              27.692307692307686,
              13.076923076923077,
              59.23076923076924
            ]
          ]
        },
        {
          "participant": "3250",
          "train_size": 1,
          "n_seeds": 10,
          "n_train_samples_mean": 3.0,
          "n_test_samples_mean": 39.0,
          "test_acc_mean": 0.40769230769230774,
          "test_acc_std": 0.04090080722736889,
          "test_bal_acc_mean": 0.40769230769230774,
          "test_bal_acc_std": 0.040900807227368885,
          "test_f1_mean": 0.3405003944733972,
          "test_f1_std": 0.06389828062027984,
          "test_kappa_mean": 0.11153846153846156,
          "test_kappa_std": 0.06135121084105329,
          "confusion_matrix": [
            [
              9.23076923076923,
              12.307692307692308,
              78.46153846153845
            ],
            [
              4.615384615384615,
              36.92307692307692,
              58.46153846153845
            ],
            [
              2.3076923076923075,
              21.53846153846154,
              76.15384615384616
            ]
          ]
        }
      ]
    },
    {
      "aggregated": {
        "train_size": 2,
        "n_participants": 37,
        "n_seeds": 10,
        "test_acc_mean": 0.5298048048048049,
        "test_acc_std": 0.12333883984316663,
        "test_bal_acc_mean": 0.5298048048048049,
        "test_bal_acc_std": 0.12333883984316663,
        "test_f1_mean": 0.506790024902239,
        "test_f1_std": 0.13508026834725778,
        "test_kappa_mean": 0.2947072072072072,
        "test_kappa_std": 0.18500825976474994,
        "confusion_matrix": [
          [
            52.95045045045044,
            26.824324324324326,
            20.225225225225227
          ],
          [
            23.24324324324324,
            45.067567567567565,
            31.68918918918919
          ],
          [
            9.684684684684687,
            29.391891891891884,
            60.92342342342342
          ]
        ]
      },
      "per_participant": [
        {
          "participant": "3208",
          "train_size": 2,
          "n_seeds": 10,
          "n_train_samples_mean": 6.0,
          "n_test_samples_mean": 36.0,
          "test_acc_mean": 0.5638888888888889,
          "test_acc_std": 0.037152597495812754,
          "test_bal_acc_mean": 0.5638888888888889,
          "test_bal_acc_std": 0.03715259749581275,
          "test_f1_mean": 0.5621255559811688,
          "test_f1_std": 0.037437247665824964,
          "test_kappa_mean": 0.3458333333333333,
          "test_kappa_std": 0.05572889624371911,
          "confusion_matrix": [
            [
              40.000000000000014,
              50.833333333333336,
              9.166666666666663
            ],
            [
              15.833333333333329,
              75.83333333333334,
              8.333333333333332
            ],
            [
              3.333333333333333,
              43.333333333333336,
              53.333333333333336
            ]
          ]
