{
  "name": "perf_eye",
  "config": {
    "n_seeds": 10,
    "feature_selection": "backward",
    "use_pca": false,
    "pca_variance": 0.95,
    "write_cm": true,
    "tune_hyperparameters": false,
    "tune_n_iter": 30,
    "tune_cv_folds": 5,
    "use_pose_derivatives": true,
    "use_time_features": false,
    "class_config": "all",
    "include_order": false,
    "name": "perf_eye",
    "feature_groups": [
      "performance",
      "eye_tracking"
    ],
    "split_strategy": "participant_specific",
    "sampling_strategy": "temporal_stratified"
  },
  "sampling_strategy": "temporal_stratified",
  "n_seeds": 10,
  "learning_curve": [
    {
      "aggregated": {
        "train_size": 1,
        "n_participants": 42,
        "n_seeds": 10,
        "test_acc_mean": 0.5339807678514324,
        "test_acc_std": 0.13356382926775393,
        "test_bal_acc_mean": 0.5324467199467199,
        "test_bal_acc_std": 0.12662025128981347,
        "test_f1_mean": 0.4908951165947035,
        "test_f1_std": 0.1462827198496631,
        "test_kappa_mean": 0.30194439235739035,
        "test_kappa_std": 0.19400414998068288,
        "confusion_matrix": [
          [
            33.86294261294262,
            42.34737484737485,
            23.789682539682538
          ],
          [
            16.890415140415143,
            50.05891330891328,
            33.05067155067155
          ],
          [
            6.4526584526584525,
            17.73518148518149,
            75.81216006216006
          ]
        ]
      },
      "per_participant": [
        {
          "participant": "3105",
          "train_size": 1,
          "n_seeds": 10,
          "n_train_samples_mean": 3.0,
          "n_test_samples_mean": 39.0,
          "test_acc_mean": 0.517948717948718,
          "test_acc_std": 0.043244822703157326,
          "test_bal_acc_mean": 0.517948717948718,
          "test_bal_acc_std": 0.04324482270315731,
          "test_f1_mean": 0.47933032086175525,
          "test_f1_std": 0.044597083428235956,
          "test_kappa_mean": 0.27692307692307694,
          "test_kappa_std": 0.06486723405473598,
          "confusion_matrix": [
            [
              15.384615384615381,
              76.92307692307693,
              7.692307692307692
            ],
            [
              0.0,
              76.92307692307693,
              23.076923076923077
            ],
            [
              10.0,
              26.923076923076923,
              63.07692307692307
            ]
          ]
        },
        {
          "participant": "3206",
          "train_size": 1,
          "n_seeds": 10,
          "n_train_samples_mean": 3.0,
          "n_test_samples_mean": 35.0,
          "test_acc_mean": 0.25142857142857145,
          "test_acc_std": 0.039954622787434335,
          "test_bal_acc_mean": 0.28717948717948716,
          "test_bal_acc_std": 0.04316132229178571,
          "test_f1_mean": 0.2199167883281216,
          "test_f1_std": 0.059040367893094095,
          "test_kappa_mean": -0.04792796909024113,
          "test_kappa_std": 0.05739112753094324,
          "confusion_matrix": [
            [
              13.076923076923077,
              86.92307692307692,
              0.0
            ],
            [
              33.333333333333336,
              60.0,
              6.666666666666667
            ],
            [
              13.076923076923077,
              73.84615384615384,
              13.076923076923077
            ]
          ]
        },
        {
          "participant": "3207",
          "train_size": 1,
          "n_seeds": 10,
          "n_train_samples_mean": 3.0,
          "n_test_samples_mean": 37.0,
          "test_acc_mean": 0.44324324324324327,
          "test_acc_std": 0.03648370582219205,
          "test_bal_acc_mean": 0.4508547008547009,
          "test_bal_acc_std": 0.034483528310285505,
          "test_f1_mean": 0.3677379513204363,
          "test_f1_std": 0.05226529422249706,
          "test_kappa_mean": 0.17410860336866904,
          "test_kappa_std": 0.05302238164196053,
          "confusion_matrix": [
            [
              16.923076923076923,
              33.07692307692308,
              50.0
            ],
            [
              0.0,
              18.33333333333333,
              81.66666666666669
            ],
            [
              0.0,
              0.0,
              100.0
            ]
          ]
        },
        {
          "participant": "3208",
          "train_size": 1,
          "n_seeds": 10,
          "n_train_samples_mean": 3.0,
          "n_test_samples_mean": 39.0,
          "test_acc_mean": 0.33076923076923076,
          "test_acc_std": 0.044329239247486975,
          "test_bal_acc_mean": 0.33076923076923076,
          "test_bal_acc_std": 0.04432923924748696,
          "test_f1_mean": 0.26055849435231393,
          "test_f1_std": 0.038518846606493115,
          "test_kappa_mean": -0.0038461538461538438,
          "test_kappa_std": 0.06649385887123044,
          "confusion_matrix": [
            [
              12.307692307692308,
              85.38461538461539,
              2.3076923076923075
            ],
            [
              6.153846153846154,
              76.92307692307692,
              16.923076923076923
            ],
            [
              0.7692307692307693,
              89.23076923076923,
              10.0
            ]
          ]
        },
        {
          "participant": "3209",
          "train_size": 1,
          "n_seeds": 10,
          "n_train_samples_mean": 3.0,
          "n_test_samples_mean": 38.0,
          "test_acc_mean": 0.65,
          "test_acc_std": 0.0595587550763788,
          "test_bal_acc_mean": 0.6570512820512822,
          "test_bal_acc_std": 0.058597502850910796,
          "test_f1_mean": 0.64388347036106,
          "test_f1_std": 0.06558520836249906,
          "test_kappa_mean": 0.4797452419360651,
          "test_kappa_std": 0.08779220794773872,
          "confusion_matrix": [
            [
              49.230769230769226,
              5.384615384615385,
              45.38461538461537
            ],
            [
              11.538461538461538,
              55.38461538461538,
              33.07692307692308
            ],
            [
              7.499999999999998,
              0.0,
              92.49999999999999
            ]
          ]
        },
        {
          "participant": "3214",
          "train_size": 1,
          "n_seeds": 10,
          "n_train_samples_mean": 3.0,
          "n_test_samples_mean": 39.0,
          "test_acc_mean": 0.38974358974358975,
          "test_acc_std": 0.04650075387601861,
          "test_bal_acc_mean": 0.38974358974358975,
          "test_bal_acc_std": 0.046500753876018625,
          "test_f1_mean": 0.32339383532606153,
          "test_f1_std": 0.0505757907004759,
          "test_kappa_mean": 0.08461538461538462,
          "test_kappa_std": 0.06975113081402794,
          "confusion_matrix": [
            [
              6.153846153846154,
              33.84615384615385,
              60.0
            ],
            [
              1.5384615384615385,
              36.15384615384615,
              62.30769230769232
            ],
            [
              0.0,
              25.384615384615383,
              74.61538461538461
            ]
          ]
        },
        {
          "participant": "3215",
          "train_size": 1,
          "n_seeds": 10,
          "n_train_samples_mean": 3.0,
          "n_test_samples_mean": 39.0,
          "test_acc_mean": 0.2692307692307693,
          "test_acc_std": 0.03471811284032461,
          "test_bal_acc_mean": 0.2692307692307693,
          "test_bal_acc_std": 0.03471811284032462,
          "test_f1_mean": 0.23881507101592403,
          "test_f1_std": 0.055491881504646866,
          "test_kappa_mean": -0.09615384615384612,
          "test_kappa_std": 0.05207716926048689,
          "confusion_matrix": [
            [
              10.0,
              35.38461538461539,
              54.615384615384606
            ],
            [
              6.153846153846154,
              30.769230769230763,
              63.07692307692308
            ],
            [
              0.7692307692307693,
              59.23076923076924,
              40.0
            ]
          ]
        },
        {
          "participant": "3216",
          "train_size": 1,
          "n_seeds": 10,
          "n_train_samples_mean": 3.0,
          "n_test_samples_mean": 37.0,
          "test_acc_mean": 0.5081081081081081,
          "test_acc_std": 0.035582734519155855,
          "test_bal_acc_mean": 0.5235431235431235,
          "test_bal_acc_std": 0.031983753118105196,
          "test_f1_mean": 0.41264178940405927,
          "test_f1_std": 0.035047841105637884,
          "test_kappa_mean": 0.2684092583483043,
          "test_kappa_std": 0.04916239045346204,
          "confusion_matrix": [
            [
              2.3076923076923075,
              63.07692307692307,
              34.61538461538462
            ],
            [
              5.384615384615385,
              73.84615384615384,
              20.769230769230766
            ],
            [
              0.0,
              19.090909090909093,
              80.9090909090909
            ]
          ]
        },
        {
          "participant": "3217",
          "train_size": 1,
          "n_seeds": 10,
          "n_train_samples_mean": 3.0,
          "n_test_samples_mean": 39.0,
          "test_acc_mean": 0.4205128205128205,
          "test_acc_std": 0.027563274353157433,
          "test_bal_acc_mean": 0.42051282051282063,
          "test_bal_acc_std": 0.027563274353157436,
          "test_f1_mean": 0.3678996369883434,
          "test_f1_std": 0.03686660218415573,
          "test_kappa_mean": 0.1307692307692308,
          "test_kappa_std": 0.04134491152973614,
          "confusion_matrix": [
            [
              23.846153846153847,
              66.15384615384615,
              10.0
            ],
            [
              16.923076923076923,
              10.76923076923077,
              72.3076923076923
            ],
            [
              7.692307692307692,
              0.7692307692307693,
              91.53846153846152
            ]
          ]
        },
        {
          "participant": "3218",
          "train_size": 1,
          "n_seeds": 10,
          "n_train_samples_mean": 3.0,
          "n_test_samples_mean": 39.0,
          "test_acc_mean": 0.6897435897435897,
          "test_acc_std": 0.049024377434871744,
          "test_bal_acc_mean": 0.6897435897435897,
          "test_bal_acc_std": 0.04902437743487177,
          "test_f1_mean": 0.6701718854302386,
          "test_f1_std": 0.058517293181206465,
          "test_kappa_mean": 0.5346153846153847,
          "test_kappa_std": 0.07353656615230761,
          "confusion_matrix": [
            [
              63.07692307692308,
              22.307692307692303,
              14.615384615384617
            ],
            [
              22.307692307692307,
              44.61538461538462,
              33.07692307692308
            ],
            [
              0.7692307692307693,
              0.0,
              99.23076923076924
            ]
          ]
        },
        {
          "participant": "3219",
          "train_size": 1,
          "n_seeds": 10,
          "n_train_samples_mean": 3.0,
          "n_test_samples_mean": 37.0,
          "test_acc_mean": 0.5216216216216216,
          "test_acc_std": 0.05845451602705705,
          "test_bal_acc_mean": 0.5096153846153846,
          "test_bal_acc_std": 0.060790087153638345,
          "test_f1_mean": 0.47430460273075853,
          "test_f1_std": 0.08358914489046501,
          "test_kappa_mean": 0.2753607482547035,
          "test_kappa_std": 0.0915849065220136,
          "confusion_matrix": [
            [
              34.16666666666667,
              33.33333333333333,
              32.5
            ],
            [
              39.166666666666664,
              23.33333333333333,
              37.49999999999999
            ],
            [
              0.0,
              4.615384615384615,
              95.38461538461539
            ]
          ]
        },
        {
          "participant": "3220",
          "train_size": 1,
          "n_seeds": 10,
          "n_train_samples_mean": 3.0,
          "n_test_samples_mean": 39.0,
          "test_acc_mean": 0.582051282051282,
          "test_acc_std": 0.04530720779726008,
          "test_bal_acc_mean": 0.582051282051282,
          "test_bal_acc_std": 0.04530720779726005,
          "test_f1_mean": 0.502024536131839,
          "test_f1_std": 0.04537342091438216,
          "test_kappa_mean": 0.373076923076923,
          "test_kappa_std": 0.0679608116958901,
          "confusion_matrix": [
            [
              6.9230769230769225,
              90.76923076923076,
              2.3076923076923075
            ],
            [
              0.0,
              68.46153846153847,
              31.538461538461537
            ],
            [
              0.0,
              0.7692307692307693,
              99.23076923076924
            ]
          ]
        },
        {
          "participant": "3221",
          "train_size": 1,
          "n_seeds": 10,
          "n_train_samples_mean": 3.0,
          "n_test_samples_mean": 39.0,
          "test_acc_mean": 0.6051282051282051,
          "test_acc_std": 0.08564085504188272,
          "test_bal_acc_mean": 0.6051282051282051,
          "test_bal_acc_std": 0.08564085504188276,
          "test_f1_mean": 0.5627369141941666,
          "test_f1_std": 0.11380548712104435,
          "test_kappa_mean": 0.4076923076923077,
          "test_kappa_std": 0.12846128256282408,
          "confusion_matrix": [
            [
              25.384615384615383,
              45.38461538461539,
              29.230769230769234
            ],
            [
              3.076923076923077,
              85.38461538461537,
              11.538461538461538
            ],
            [
              0.0,
              29.230769230769234,
              70.76923076923076
            ]
          ]
        },
        {
          "participant": "3222",
          "train_size": 1,
          "n_seeds": 10,
          "n_train_samples_mean": 3.0,
          "n_test_samples_mean": 39.0,
          "test_acc_mean": 0.5179487179487179,
          "test_acc_std": 0.07431475254456123,
          "test_bal_acc_mean": 0.5179487179487179,
          "test_bal_acc_std": 0.07431475254456123,
          "test_f1_mean": 0.4937719026560344,
          "test_f1_std": 0.06114227418165093,
          "test_kappa_mean": 0.27692307692307694,
          "test_kappa_std": 0.1114721288168418,
          "confusion_matrix": [
            [
              43.07692307692308,
              23.076923076923077,
              33.84615384615385
            ],
            [
              36.92307692307692,
              32.30769230769231,
              30.769230769230766
            ],
            [
              20.0,
              0.0,
              79.99999999999999
            ]
          ]
        },
        {
          "participant": "3223",
          "train_size": 1,
          "n_seeds": 10,
          "n_train_samples_mean": 3.0,
          "n_test_samples_mean": 39.0,
          "test_acc_mean": 0.4256410256410256,
          "test_acc_std": 0.03860372577995286,
          "test_bal_acc_mean": 0.4256410256410256,
          "test_bal_acc_std": 0.03860372577995285,
          "test_f1_mean": 0.3467771927353064,
          "test_f1_std": 0.04449400462274409,
          "test_kappa_mean": 0.1384615384615385,
          "test_kappa_std": 0.0579055886699293,
          "confusion_matrix": [
            [
              2.3076923076923075,
              53.84615384615385,
              43.84615384615384
            ],
            [
              2.3076923076923075,
              50.0,
              47.69230769230769
            ],
            [
              0.7692307692307693,
              23.846153846153847,
              75.38461538461539
            ]
          ]
        },
        {
          "participant": "3224",
          "train_size": 1,
          "n_seeds": 10,
          "n_train_samples_mean": 3.0,
          "n_test_samples_mean": 24.0,
          "test_acc_mean": 0.7708333333333333,
          "test_acc_std": 0.08157875086438006,
          "test_bal_acc_mean": 0.7216666666666667,
          "test_bal_acc_std": 0.05916949219474812,
          "test_f1_mean": 0.777956380527386,
          "test_f1_std": 0.07436839595639616,
          "test_kappa_mean": 0.6296071334636208,
          "test_kappa_std": 0.11754935399480816,
          "confusion_matrix": [
            [
              55.0,
              0.0,
              45.0
            ],
            [
              21.666666666666664,
              62.5,
              15.833333333333332
            ],
            [
              1.0,
              0.0,
              99.0
            ]
          ]
        },
        {
          "participant": "3225",
          "train_size": 1,
          "n_seeds": 10,
          "n_train_samples_mean": 3.0,
          "n_test_samples_mean": 39.0,
          "test_acc_mean": 0.5153846153846153,
          "test_acc_std": 0.03513641844631533,
          "test_bal_acc_mean": 0.5153846153846153,
          "test_bal_acc_std": 0.03513641844631532,
          "test_f1_mean": 0.49296873482911135,
          "test_f1_std": 0.03678943695270466,
          "test_kappa_mean": 0.2730769230769231,
          "test_kappa_std": 0.05270462766947299,
          "confusion_matrix": [
            [
              41.53846153846153,
              58.46153846153845,
              0.0
            ],
            [
              33.07692307692308,
              32.30769230769231,
              34.61538461538461
            ],
            [
              12.307692307692308,
              6.9230769230769225,
              80.76923076923077
            ]
          ]
        },
        {
          "participant": "3226",
          "train_size": 1,
          "n_seeds": 10,
          "n_train_samples_mean": 3.0,
          "n_test_samples_mean": 39.0,
          "test_acc_mean": 0.39743589743589747,
          "test_acc_std": 0.06424485631783294,
          "test_bal_acc_mean": 0.39743589743589747,
          "test_bal_acc_std": 0.06424485631783296,
          "test_f1_mean": 0.3126277472798587,
          "test_f1_std": 0.10274277965782534,
          "test_kappa_mean": 0.09615384615384613,
          "test_kappa_std": 0.09636728447674942,
          "confusion_matrix": [
            [
              10.0,
              83.07692307692308,
              6.9230769230769225
            ],
            [
              0.0,
              90.0,
              10.0
            ],
            [
              11.538461538461538,
              69.23076923076924,
              19.23076923076923
            ]
          ]
        },
        {
          "participant": "3227",
          "train_size": 1,
          "n_seeds": 10,
          "n_train_samples_mean": 3.0,
          "n_test_samples_mean": 39.0,
          "test_acc_mean": 0.635897435897436,
          "test_acc_std": 0.020225913788374753,
          "test_bal_acc_mean": 0.635897435897436,
          "test_bal_acc_std": 0.020225913788374753,
          "test_f1_mean": 0.5505119905512063,
          "test_f1_std": 0.031691786927275395,
          "test_kappa_mean": 0.4538461538461539,
          "test_kappa_std": 0.030338870682562143,
          "confusion_matrix": [
            [
              4.615384615384615,
              95.38461538461539,
              0.0
            ],
            [
              6.153846153846154,
              93.07692307692308,
              0.7692307692307693
            ],
            [
              0.0,
              6.9230769230769225,
              93.07692307692307
            ]
          ]
        },
        {
          "participant": "3228",
          "train_size": 1,
          "n_seeds": 10,
          "n_train_samples_mean": 3.0,
          "n_test_samples_mean": 39.0,
          "test_acc_mean": 0.4205128205128205,
          "test_acc_std": 0.07068742949789857,
          "test_bal_acc_mean": 0.4205128205128205,
          "test_bal_acc_std": 0.07068742949789857,
          "test_f1_mean": 0.38212958423149684,
          "test_f1_std": 0.057628038462617694,
          "test_kappa_mean": 0.1307692307692308,
          "test_kappa_std": 0.10603114424684787,
          "confusion_matrix": [
            [
              10.76923076923077,
              87.69230769230768,
              1.5384615384615385
            ],
            [
              39.23076923076923,
              23.846153846153847,
              36.92307692307692
            ],
            [
              8.461538461538462,
              0.0,
              91.53846153846153
            ]
          ]
        },
        {
          "participant": "3229",
          "train_size": 1,
          "n_seeds": 10,
          "n_train_samples_mean": 3.0,
          "n_test_samples_mean": 39.0,
          "test_acc_mean": 0.48461538461538456,
          "test_acc_std": 0.030697923070201635,
          "test_bal_acc_mean": 0.48461538461538456,
          "test_bal_acc_std": 0.030697923070201666,
          "test_f1_mean": 0.39643622138927664,
          "test_f1_std": 0.035515855880100464,
          "test_kappa_mean": 0.22692307692307692,
          "test_kappa_std": 0.046046884605302506,
          "confusion_matrix": [
            [
              1.5384615384615385,
              75.38461538461539,
              23.076923076923077
            ],
            [
              2.3076923076923075,
              61.53846153846153,
              36.15384615384615
            ],
            [
              0.0,
              17.69230769230769,
              82.3076923076923
            ]
          ]
        },
        {
          "participant": "3230",
          "train_size": 1,
          "n_seeds": 10,
          "n_train_samples_mean": 3.0,
          "n_test_samples_mean": 39.0,
          "test_acc_mean": 0.6076923076923076,
          "test_acc_std": 0.043665093245965146,
          "test_bal_acc_mean": 0.6076923076923076,
          "test_bal_acc_std": 0.04366509324596514,
          "test_f1_mean": 0.5698139486133872,
          "test_f1_std": 0.05956966438629897,
          "test_kappa_mean": 0.4115384615384616,
          "test_kappa_std": 0.0654976398689477,
          "confusion_matrix": [
            [
              24.61538461538462,
              73.07692307692308,
              2.3076923076923075
            ],
            [
              3.846153846153846,
              60.0,
              36.15384615384615
            ],
            [
              0.0,
              2.3076923076923075,
              97.6923076923077
            ]
          ]
        },
        {
          "participant": "3231",
          "train_size": 1,
          "n_seeds": 10,
          "n_train_samples_mean": 3.0,
          "n_test_samples_mean": 39.0,
          "test_acc_mean": 0.558974358974359,
          "test_acc_std": 0.06486723405473598,
          "test_bal_acc_mean": 0.558974358974359,
          "test_bal_acc_std": 0.06486723405473596,
          "test_f1_mean": 0.522196980963863,
          "test_f1_std": 0.06916185900648916,
          "test_kappa_mean": 0.3384615384615384,
          "test_kappa_std": 0.09730085108210398,
          "confusion_matrix": [
            [
              48.46153846153847,
              30.0,
              21.538461538461537
            ],
            [
              4.615384615384615,
              23.846153846153847,
              71.53846153846153
            ],
            [
              2.3076923076923075,
              2.3076923076923075,
              95.38461538461537
            ]
          ]
        },
        {
          "participant": "3232",
          "train_size": 1,
          "n_seeds": 10,
          "n_train_samples_mean": 3.0,
          "n_test_samples_mean": 39.0,
          "test_acc_mean": 0.7717948717948717,
          "test_acc_std": 0.025498177590044926,
          "test_bal_acc_mean": 0.7717948717948717,
          "test_bal_acc_std": 0.02549817759004493,
          "test_f1_mean": 0.7488379800160824,
          "test_f1_std": 0.026222365727861636,
          "test_kappa_mean": 0.6576923076923078,
          "test_kappa_std": 0.03824726638506743,
          "confusion_matrix": [
            [
              39.230769230769226,
              48.46153846153847,
              12.307692307692308
            ],
            [
              0.7692307692307693,
              96.92307692307693,
              2.3076923076923075
            ],
            [
              0.0,
              4.615384615384615,
              95.38461538461539
            ]
          ]
        },
        {
          "participant": "3233",
          "train_size": 1,
          "n_seeds": 10,
          "n_train_samples_mean": 3.0,
          "n_test_samples_mean": 39.0,
          "test_acc_mean": 0.5153846153846154,
          "test_acc_std": 0.08058700558169689,
          "test_bal_acc_mean": 0.5153846153846154,
          "test_bal_acc_std": 0.08058700558169687,
          "test_f1_mean": 0.4552043416133517,
          "test_f1_std": 0.09434948453697492,
          "test_kappa_mean": 0.2730769230769231,
          "test_kappa_std": 0.12088050837254533,
          "confusion_matrix": [
            [
              70.76923076923077,
              2.3076923076923075,
              26.923076923076923
            ],
            [
              75.38461538461539,
              12.30769230769231,
              12.307692307692308
            ],
            [
              25.38461538461538,
              3.076923076923077,
              71.53846153846155
            ]
          ]
        },
        {
          "participant": "3234",
          "train_size": 1,
          "n_seeds": 10,
          "n_train_samples_mean": 3.0,
          "n_test_samples_mean": 39.0,
          "test_acc_mean": 0.5410256410256411,
          "test_acc_std": 0.06216443263578868,
          "test_bal_acc_mean": 0.5410256410256411,
          "test_bal_acc_std": 0.06216443263578866,
          "test_f1_mean": 0.5170811260848895,
          "test_f1_std": 0.0820843968364863,
          "test_kappa_mean": 0.31153846153846154,
          "test_kappa_std": 0.093246648953683,
          "confusion_matrix": [
            [
              50.0,
              1.5384615384615385,
              48.46153846153847
            ],
            [
              7.692307692307692,
              30.0,
              62.30769230769231
            ],
            [
              12.30769230769231,
              5.384615384615385,
              82.3076923076923
            ]
          ]
        },
        {
          "participant": "3235",
          "train_size": 1,
          "n_seeds": 10,
          "n_train_samples_mean": 3.0,
          "n_test_samples_mean": 38.0,
          "test_acc_mean": 0.5421052631578948,
          "test_acc_std": 0.048365083340667456,
          "test_bal_acc_mean": 0.5435897435897437,
          "test_bal_acc_std": 0.05150119369022677,
          "test_f1_mean": 0.5301307851122846,
          "test_f1_std": 0.04567205882688104,
          "test_kappa_mean": 0.31130666048756017,
          "test_kappa_std": 0.07424168033156199,
          "confusion_matrix": [
            [
              60.0,
              27.499999999999993,
              12.499999999999998
            ],
            [
              10.0,
              46.92307692307692,
              43.07692307692308
            ],
            [
              13.846153846153845,
              30.0,
              56.15384615384615
            ]
          ]
        },
        {
          "participant": "3236",
          "train_size": 1,
          "n_seeds": 10,
          "n_train_samples_mean": 3.0,
          "n_test_samples_mean": 31.0,
          "test_acc_mean": 0.8032258064516128,
          "test_acc_std": 0.0442038812711709,
          "test_bal_acc_mean": 0.7205128205128206,
          "test_bal_acc_std": 0.03513641844631528,
          "test_f1_mean": 0.7883126831155223,
          "test_f1_std": 0.04392879965380179,
          "test_kappa_mean": 0.6705574912891985,
          "test_kappa_std": 0.07400684651845858,
          "confusion_matrix": [
            [
              100.0,
              0.0,
              0.0
            ],
            [
              20.0,
              40.0,
              40.0
            ],
            [
              23.846153846153847,
              0.0,
              76.15384615384616
            ]
          ]
        },
        {
          "participant": "3237",
          "train_size": 1,
          "n_seeds": 10,
          "n_train_samples_mean": 3.0,
          "n_test_samples_mean": 36.0,
          "test_acc_mean": 0.47777777777777775,
          "test_acc_std": 0.028688765527462363,
          "test_bal_acc_mean": 0.46871794871794875,
          "test_bal_acc_std": 0.027345084948315574,
          "test_f1_mean": 0.40815463782111944,
          "test_f1_std": 0.03620674640575986,
          "test_kappa_mean": 0.22047360477109126,
          "test_kappa_std": 0.04187947002926234,
          "confusion_matrix": [
            [
              10.0,
              70.0,
              19.999999999999996
            ],
            [
              1.0,
              36.0,
              63.0
            ],
            [
              0.0,
              5.384615384615385,
              94.61538461538461
            ]
          ]
        },
        {
          "participant": "3238",
          "train_size": 1,
          "n_seeds": 10,
          "n_train_samples_mean": 3.0,
          "n_test_samples_mean": 39.0,
          "test_acc_mean": 0.6230769230769231,
          "test_acc_std": 0.09521382866074274,
          "test_bal_acc_mean": 0.6230769230769231,
          "test_bal_acc_std": 0.09521382866074272,
          "test_f1_mean": 0.5846370446534003,
          "test_f1_std": 0.11587948543474294,
          "test_kappa_mean": 0.43461538461538457,
          "test_kappa_std": 0.14282074299111408,
          "confusion_matrix": [
            [
              23.846153846153847,
              75.38461538461539,
              0.7692307692307693
            ],
            [
              0.0,
              87.69230769230771,
              12.307692307692308
            ],
            [
              0.7692307692307693,
              23.846153846153847,
              75.38461538461539
            ]
          ]
        },
        {
          "participant": "3239",
          "train_size": 1,
          "n_seeds": 10,
          "n_train_samples_mean": 3.0,
          "n_test_samples_mean": 38.0,
          "test_acc_mean": 0.41578947368421054,
          "test_acc_std": 0.07826213341472092,
          "test_bal_acc_mean": 0.4230769230769232,
          "test_bal_acc_std": 0.08095254976836165,
          "test_f1_mean": 0.37061168956224677,
          "test_f1_std": 0.07696261970176294,
          "test_kappa_mean": 0.12693940842952472,
          "test_kappa_std": 0.11984664666743435,
          "confusion_matrix": [
            [
              12.307692307692308,
              22.307692307692307,
              65.38461538461539
            ],
            [
              25.0,
              70.0,
              4.999999999999998
            ],
            [
              13.846153846153848,
              41.53846153846153,
              44.61538461538461
            ]
          ]
        },
        {
          "participant": "3240",
          "train_size": 1,
          "n_seeds": 10,
          "n_train_samples_mean": 3.0,
          "n_test_samples_mean": 37.0,
          "test_acc_mean": 0.7837837837837839,
          "test_acc_std": 0.04934437455001498,
          "test_bal_acc_mean": 0.7873931623931624,
          "test_bal_acc_std": 0.04921492652256846,
          "test_f1_mean": 0.7760795952969866,
          "test_f1_std": 0.05300260694089941,
          "test_kappa_mean": 0.6764532835331198,
          "test_kappa_std": 0.07356838491799939,
          "confusion_matrix": [
            [
              74.16666666666667,
              12.499999999999996,
              13.333333333333332
            ],
            [
              22.307692307692307,
              65.38461538461539,
              12.307692307692308
            ],
            [
              0.8333333333333333,
              2.4999999999999996,
              96.66666666666666
            ]
          ]
        },
        {
          "participant": "3241",
          "train_size": 1,
          "n_seeds": 10,
          "n_train_samples_mean": 3.0,
          "n_test_samples_mean": 39.0,
          "test_acc_mean": 0.623076923076923,
          "test_acc_std": 0.041958761397037865,
          "test_bal_acc_mean": 0.623076923076923,
          "test_bal_acc_std": 0.041958761397037865,
          "test_f1_mean": 0.5523082864959296,
          "test_f1_std": 0.052852796978220505,
          "test_kappa_mean": 0.4346153846153847,
          "test_kappa_std": 0.0629381420955568,
          "confusion_matrix": [
            [
              76.15384615384616,
              13.846153846153845,
              10.000000000000002
            ],
            [
              14.615384615384613,
              10.76923076923077,
              74.61538461538461
            ],
            [
              0.0,
              0.0,
              100.0
            ]
          ]
        },
        {
          "participant": "3242",
          "train_size": 1,
          "n_seeds": 10,
          "n_train_samples_mean": 3.0,
          "n_test_samples_mean": 39.0,
          "test_acc_mean": 0.5769230769230769,
          "test_acc_std": 0.060737907707486744,
          "test_bal_acc_mean": 0.5769230769230769,
          "test_bal_acc_std": 0.06073790770748673,
          "test_f1_mean": 0.4893982255700817,
          "test_f1_std": 0.058610464024626927,
          "test_kappa_mean": 0.3653846153846154,
          "test_kappa_std": 0.0911068615612301,
          "confusion_matrix": [
            [
              6.9230769230769225,
              49.99999999999999,
              43.07692307692307
            ],
            [
              0.0,
              90.76923076923077,
              9.23076923076923
            ],
            [
              0.0,
              24.615384615384617,
              75.38461538461539
            ]
          ]
        },
        {
          "participant": "3243",
          "train_size": 1,
          "n_seeds": 10,
          "n_train_samples_mean": 3.0,
          "n_test_samples_mean": 38.0,
          "test_acc_mean": 0.7473684210526316,
          "test_acc_std": 0.09382275057628726,
          "test_bal_acc_mean": 0.7517094017094016,
          "test_bal_acc_std": 0.09141703902304915,
          "test_f1_mean": 0.7472141768974442,
          "test_f1_std": 0.0988487896153698,
          "test_kappa_mean": 0.6240748795041644,
          "test_kappa_std": 0.13826815863718264,
          "confusion_matrix": [
            [
              91.66666666666664,
              8.33333333333333,
              0.0
            ],
            [
              43.07692307692307,
              56.92307692307693,
              0.0
            ],
            [
              20.769230769230766,
              2.3076923076923075,
              76.92307692307693
            ]
          ]
        },
        {
          "participant": "3244",
          "train_size": 1,
          "n_seeds": 10,
          "n_train_samples_mean": 3.0,
          "n_test_samples_mean": 39.0,
          "test_acc_mean": 0.6025641025641025,
          "test_acc_std": 0.07277515540994188,
          "test_bal_acc_mean": 0.6025641025641025,
          "test_bal_acc_std": 0.07277515540994187,
          "test_f1_mean": 0.5777027441928326,
          "test_f1_std": 0.07193016066474486,
          "test_kappa_mean": 0.40384615384615385,
          "test_kappa_std": 0.10916273311491283,
          "confusion_matrix": [
            [
              23.846153846153847,
              76.15384615384616,
              0.0
            ],
            [
              5.384615384615385,
              87.69230769230771,
              6.9230769230769225
            ],
            [
              10.76923076923077,
              19.999999999999996,
              69.23076923076924
            ]
          ]
        },
        {
          "participant": "3245",
          "train_size": 1,
          "n_seeds": 10,
          "n_train_samples_mean": 3.0,
          "n_test_samples_mean": 37.0,
          "test_acc_mean": 0.572972972972973,
          "test_acc_std": 0.07728868680910708,
          "test_bal_acc_mean": 0.5757575757575758,
          "test_bal_acc_std": 0.0775834400395749,
          "test_f1_mean": 0.566459741693024,
          "test_f1_std": 0.07096983647538305,
          "test_kappa_mean": 0.36266996762572196,
          "test_kappa_std": 0.11534275860720257,
          "confusion_matrix": [
            [
              69.23076923076924,
              13.846153846153845,
              16.923076923076923
            ],
            [
              16.153846153846153,
              40.76923076923077,
              43.07692307692308
            ],
            [
              0.9090909090909092,
              36.36363636363636,
              62.72727272727271
            ]
          ]
        },
        {
          "participant": "3246",
          "train_size": 1,
          "n_seeds": 10,
          "n_train_samples_mean": 3.0,
          "n_test_samples_mean": 39.0,
          "test_acc_mean": 0.3205128205128205,
          "test_acc_std": 0.08396103719824147,
          "test_bal_acc_mean": 0.3205128205128205,
          "test_bal_acc_std": 0.08396103719824145,
          "test_f1_mean": 0.31568765770830276,
          "test_f1_std": 0.08298659240322209,
          "test_kappa_mean": -0.019230769230769218,
          "test_kappa_std": 0.12594155579736216,
          "confusion_matrix": [
            [
              32.30769230769231,
              30.769230769230766,
              36.92307692307692
            ],
            [
              64.61538461538461,
              30.0,
              5.384615384615385
            ],
            [
              23.846153846153843,
              42.307692307692314,
              33.84615384615385
            ]
          ]
        },
        {
          "participant": "3247",
          "train_size": 1,
          "n_seeds": 10,
          "n_train_samples_mean": 3.0,
          "n_test_samples_mean": 39.0,
          "test_acc_mean": 0.541025641025641,
          "test_acc_std": 0.08499870010565348,
          "test_bal_acc_mean": 0.541025641025641,
          "test_bal_acc_std": 0.08499870010565348,
          "test_f1_mean": 0.5140779984273132,
          "test_f1_std": 0.07270030309029409,
          "test_kappa_mean": 0.31153846153846154,
          "test_kappa_std": 0.1274980501584802,
          "confusion_matrix": [
            [
              66.92307692307692,
              27.69230769230769,
              5.384615384615385
            ],
            [
              55.38461538461538,
              20.769230769230766,
              23.846153846153843
            ],
            [
              7.692307692307692,
              17.69230769230769,
              74.61538461538461
            ]
          ]
        },
        {
          "participant": "3248",
          "train_size": 1,
          "n_seeds": 10,
          "n_train_samples_mean": 3.0,
          "n_test_samples_mean": 38.0,
          "test_acc_mean": 0.5184210526315789,
          "test_acc_std": 0.04649950273929325,
          "test_bal_acc_mean": 0.5215811965811966,
          "test_bal_acc_std": 0.046306704944326926,
          "test_f1_mean": 0.46949590999502205,
          "test_f1_std": 0.05115555921012869,
          "test_kappa_mean": 0.2791169363196616,
          "test_kappa_std": 0.06913493910023069,
