{
  "name": "perf_eye_gsr",
  "config": {
    "n_seeds": 10,
    "feature_selection": "backward",
    "use_pca": false,
    "pca_variance": 0.95,
    "write_cm": true,
    "tune_hyperparameters": false,
    "tune_n_iter": 30,
    "tune_cv_folds": 5,
    "use_pose_derivatives": true,
    "use_time_features": false,
    "class_config": "all",
    "include_order": false,
    "name": "perf_eye_gsr",
    "feature_groups": [
      "performance",
      "eye_tracking",
      "gsr"
    ],
    "split_strategy": "participant_specific",
    "sampling_strategy": "temporal_stratified"
  },
  "sampling_strategy": "temporal_stratified",
  "n_seeds": 10,
  "learning_curve": [
    {
      "aggregated": {
        "train_size": 1,
        "n_participants": 39,
        "n_seeds": 10,
        "test_acc_mean": 0.5225491133189154,
        "test_acc_std": 0.12717096298148817,
        "test_bal_acc_mean": 0.5172277342790164,
        "test_bal_acc_std": 0.11918300147733911,
        "test_f1_mean": 0.48711641364632885,
        "test_f1_std": 0.14229223024938809,
        "test_kappa_mean": 0.2816874986399334,
        "test_kappa_std": 0.18714434487981624,
        "confusion_matrix": [
          [
            35.800460223537144,
            38.75082182774491,
            25.44871794871795
          ],
          [
            15.882095112864349,
            49.86806925268464,
            34.24983563445101
          ],
          [
            7.472013029705337,
            23.028196162811543,
            69.49979080748312
          ]
        ]
      },
      "per_participant": [
        {
          "participant": "3208",
          "train_size": 1,
          "n_seeds": 10,
          "n_train_samples_mean": 3.0,
          "n_test_samples_mean": 39.0,
          "test_acc_mean": 0.3358974358974359,
          "test_acc_std": 0.014555031081988377,
          "test_bal_acc_mean": 0.3358974358974359,
          "test_bal_acc_std": 0.014555031081988386,
          "test_f1_mean": 0.2748442719531889,
          "test_f1_std": 0.02598404243174185,
          "test_kappa_mean": 0.0038461538461538104,
          "test_kappa_std": 0.021832546622982577,
          "confusion_matrix": [
            [
              10.0,
              82.30769230769229,
              7.692307692307693
            ],
            [
              3.846153846153846,
              74.61538461538461,
              21.53846153846154
            ],
            [
              0.0,
              83.84615384615385,
              16.153846153846153
            ]
          ]
        },
        {
          "participant": "3209",
          "train_size": 1,
          "n_seeds": 10,
          "n_train_samples_mean": 3.0,
          "n_test_samples_mean": 38.0,
          "test_acc_mean": 0.6473684210526316,
          "test_acc_std": 0.04836508334066744,
          "test_bal_acc_mean": 0.6544871794871796,
          "test_bal_acc_std": 0.0469334849215681,
          "test_f1_mean": 0.6408112166351208,
          "test_f1_std": 0.05489609815003893,
          "test_kappa_mean": 0.47670354793786773,
          "test_kappa_std": 0.07067683986638412,
          "confusion_matrix": [
            [
              40.76923076923077,
              4.615384615384615,
              54.61538461538462
            ],
            [
              1.5384615384615385,
              63.07692307692307,
              35.38461538461538
            ],
            [
              7.499999999999997,
              0.0,
              92.49999999999997
            ]
          ]
        },
        {
          "participant": "3214",
          "train_size": 1,
          "n_seeds": 10,
          "n_train_samples_mean": 3.0,
          "n_test_samples_mean": 39.0,
          "test_acc_mean": 0.47948717948717945,
          "test_acc_std": 0.06401703696093677,
          "test_bal_acc_mean": 0.47948717948717956,
          "test_bal_acc_std": 0.06401703696093677,
          "test_f1_mean": 0.4416792559535089,
          "test_f1_std": 0.08329564337436952,
          "test_kappa_mean": 0.2192307692307692,
          "test_kappa_std": 0.09602555544140516,
          "confusion_matrix": [
            [
              24.615384615384613,
              51.53846153846153,
              23.846153846153847
            ],
            [
              7.692307692307692,
              43.846153846153854,
              48.46153846153847
            ],
            [
              0.0,
              24.615384615384617,
              75.3846153846154
            ]
          ]
        },
        {
          "participant": "3215",
          "train_size": 1,
          "n_seeds": 10,
          "n_train_samples_mean": 3.0,
          "n_test_samples_mean": 39.0,
          "test_acc_mean": 0.2358974358974359,
          "test_acc_std": 0.04324482270315732,
          "test_bal_acc_mean": 0.2358974358974359,
          "test_bal_acc_std": 0.04324482270315731,
          "test_f1_mean": 0.19185972361057163,
          "test_f1_std": 0.026454273871780776,
          "test_kappa_mean": -0.14615384615384613,
          "test_kappa_std": 0.06486723405473598,
          "confusion_matrix": [
            [
              6.153846153846154,
              30.769230769230766,
              63.07692307692307
            ],
            [
              3.846153846153846,
              14.615384615384617,
              81.53846153846153
            ],
            [
              0.0,
              49.99999999999999,
              50.00000000000001
            ]
          ]
        },
        {
          "participant": "3216",
          "train_size": 1,
          "n_seeds": 10,
          "n_train_samples_mean": 3.0,
          "n_test_samples_mean": 37.0,
          "test_acc_mean": 0.4054054054054054,
          "test_acc_std": 0.052531098151759464,
          "test_bal_acc_mean": 0.41305361305361304,
          "test_bal_acc_std": 0.057338235216504066,
          "test_f1_mean": 0.3512202411094322,
          "test_f1_std": 0.06703310537811354,
          "test_kappa_mean": 0.10724811270402393,
          "test_kappa_std": 0.08366942356683216,
          "confusion_matrix": [
            [
              7.692307692307692,
              76.15384615384616,
              16.153846153846153
            ],
            [
              9.23076923076923,
              60.769230769230774,
              30.0
            ],
            [
              0.0,
              44.54545454545455,
              55.45454545454545
            ]
          ]
        },
        {
          "participant": "3217",
          "train_size": 1,
          "n_seeds": 10,
          "n_train_samples_mean": 3.0,
          "n_test_samples_mean": 39.0,
          "test_acc_mean": 0.4461538461538462,
          "test_acc_std": 0.048650425541051985,
          "test_bal_acc_mean": 0.4461538461538462,
          "test_bal_acc_std": 0.048650425541051985,
          "test_f1_mean": 0.413503927966978,
          "test_f1_std": 0.05608327617970541,
          "test_kappa_mean": 0.1692307692307692,
          "test_kappa_std": 0.072975638311578,
          "confusion_matrix": [
            [
              28.46153846153846,
              61.53846153846153,
              10.0
            ],
            [
              5.384615384615385,
              21.53846153846154,
              73.07692307692307
            ],
            [
              6.153846153846154,
              10.0,
              83.84615384615384
            ]
          ]
        },
        {
          "participant": "3218",
          "train_size": 1,
          "n_seeds": 10,
          "n_train_samples_mean": 3.0,
          "n_test_samples_mean": 39.0,
          "test_acc_mean": 0.6025641025641025,
          "test_acc_std": 0.06309753444544189,
          "test_bal_acc_mean": 0.6025641025641025,
          "test_bal_acc_std": 0.06309753444544189,
          "test_f1_mean": 0.5834122619845478,
          "test_f1_std": 0.07301839417856397,
          "test_kappa_mean": 0.40384615384615385,
          "test_kappa_std": 0.09464630166816282,
          "confusion_matrix": [
            [
              47.69230769230769,
              43.07692307692307,
              9.23076923076923
            ],
            [
              16.923076923076923,
              46.92307692307693,
              36.15384615384615
            ],
            [
              6.9230769230769225,
              6.9230769230769225,
              86.15384615384616
            ]
          ]
        },
        {
          "participant": "3219",
          "train_size": 1,
          "n_seeds": 10,
          "n_train_samples_mean": 3.0,
          "n_test_samples_mean": 32.0,
          "test_acc_mean": 0.546875,
          "test_acc_std": 0.04941058844013093,
          "test_bal_acc_mean": 0.5722222222222222,
          "test_bal_acc_std": 0.04573736679714248,
          "test_f1_mean": 0.5327562402023764,
          "test_f1_std": 0.04579778178175538,
          "test_kappa_mean": 0.3326339606502655,
          "test_kappa_std": 0.06601592808603776,
          "confusion_matrix": [
            [
              55.0,
              13.333333333333332,
              31.666666666666668
            ],
            [
              30.0,
              39.166666666666664,
              30.833333333333332
            ],
            [
              8.75,
              13.75,
              77.5
            ]
          ]
        },
        {
          "participant": "3220",
          "train_size": 1,
          "n_seeds": 10,
          "n_train_samples_mean": 3.0,
          "n_test_samples_mean": 39.0,
          "test_acc_mean": 0.5615384615384615,
          "test_acc_std": 0.09397823594805786,
          "test_bal_acc_mean": 0.5615384615384615,
          "test_bal_acc_std": 0.09397823594805785,
          "test_f1_mean": 0.5187139427955239,
          "test_f1_std": 0.10194653093067736,
          "test_kappa_mean": 0.3423076923076923,
          "test_kappa_std": 0.14096735392208679,
          "confusion_matrix": [
            [
              20.0,
              76.15384615384615,
              3.846153846153846
            ],
            [
              5.384615384615385,
              75.38461538461537,
              19.230769230769226
            ],
            [
              0.7692307692307693,
              26.15384615384615,
              73.07692307692308
            ]
          ]
        },
        {
          "participant": "3221",
          "train_size": 1,
          "n_seeds": 10,
          "n_train_samples_mean": 3.0,
          "n_test_samples_mean": 39.0,
          "test_acc_mean": 0.558974358974359,
          "test_acc_std": 0.03783921986526269,
          "test_bal_acc_mean": 0.558974358974359,
          "test_bal_acc_std": 0.037839219865262654,
          "test_f1_mean": 0.5406254201171344,
          "test_f1_std": 0.03671004294309163,
          "test_kappa_mean": 0.3384615384615385,
          "test_kappa_std": 0.056758829797893984,
          "confusion_matrix": [
            [
              46.92307692307692,
              15.384615384615383,
              37.69230769230769
            ],
            [
              24.615384615384617,
              40.0,
              35.38461538461539
            ],
            [
              1.5384615384615385,
              17.692307692307686,
              80.76923076923076
            ]
          ]
        },
        {
          "participant": "3222",
          "train_size": 1,
          "n_seeds": 10,
          "n_train_samples_mean": 3.0,
          "n_test_samples_mean": 35.0,
          "test_acc_mean": 0.5485714285714285,
          "test_acc_std": 0.03243692641128839,
          "test_bal_acc_mean": 0.5310541310541311,
          "test_bal_acc_std": 0.03594212787469197,
          "test_f1_mean": 0.4950292965411559,
          "test_f1_std": 0.05481048940787519,
          "test_kappa_mean": 0.30978921531611253,
          "test_kappa_std": 0.05292789551391973,
          "confusion_matrix": [
            [
              24.61538461538461,
              33.84615384615385,
              41.53846153846153
            ],
            [
              5.555555555555555,
              37.77777777777777,
              56.666666666666664
            ],
            [
              2.3076923076923075,
              0.7692307692307693,
              96.92307692307693
            ]
          ]
        },
        {
          "participant": "3223",
          "train_size": 1,
          "n_seeds": 10,
          "n_train_samples_mean": 3.0,
          "n_test_samples_mean": 39.0,
          "test_acc_mean": 0.4,
          "test_acc_std": 0.05565408750803318,
          "test_bal_acc_mean": 0.4,
          "test_bal_acc_std": 0.055654087508033176,
          "test_f1_mean": 0.32060461761221715,
          "test_f1_std": 0.06333076267859729,
          "test_kappa_mean": 0.09999999999999998,
          "test_kappa_std": 0.08348113126204978,
          "confusion_matrix": [
            [
              3.076923076923077,
              54.61538461538462,
              42.30769230769231
            ],
            [
              1.5384615384615385,
              35.38461538461538,
              63.07692307692308
            ],
            [
              0.0,
              18.46153846153846,
              81.53846153846152
            ]
          ]
        },
        {
          "participant": "3224",
          "train_size": 1,
          "n_seeds": 10,
          "n_train_samples_mean": 3.0,
          "n_test_samples_mean": 24.0,
          "test_acc_mean": 0.8041666666666666,
          "test_acc_std": 0.11119788278471164,
          "test_bal_acc_mean": 0.7355555555555555,
          "test_bal_acc_std": 0.07211292774823731,
          "test_f1_mean": 0.8230832535658555,
          "test_f1_std": 0.08480306551277814,
          "test_kappa_mean": 0.6835656189161332,
          "test_kappa_std": 0.1588620336407416,
          "confusion_matrix": [
            [
              55.0,
              0.0,
              45.0
            ],
            [
              11.666666666666666,
              81.66666666666666,
              6.666666666666666
            ],
            [
              12.0,
              4.0,
              84.0
            ]
          ]
        },
        {
          "participant": "3225",
          "train_size": 1,
          "n_seeds": 10,
          "n_train_samples_mean": 3.0,
          "n_test_samples_mean": 39.0,
          "test_acc_mean": 0.5948717948717949,
          "test_acc_std": 0.1052358562162146,
          "test_bal_acc_mean": 0.5948717948717949,
          "test_bal_acc_std": 0.10523585621621458,
          "test_f1_mean": 0.5707445842131617,
          "test_f1_std": 0.12305734538812921,
          "test_kappa_mean": 0.3923076923076923,
          "test_kappa_std": 0.1578537843243219,
          "confusion_matrix": [
            [
              37.692307692307686,
              62.3076923076923,
              0.0
            ],
            [
              1.5384615384615385,
              70.00000000000001,
              28.46153846153846
            ],
            [
              1.5384615384615385,
              27.69230769230769,
              70.76923076923077
            ]
          ]
        },
        {
          "participant": "3226",
          "train_size": 1,
          "n_seeds": 10,
          "n_train_samples_mean": 3.0,
          "n_test_samples_mean": 39.0,
          "test_acc_mean": 0.39230769230769236,
          "test_acc_std": 0.041958761397037865,
          "test_bal_acc_mean": 0.39230769230769236,
          "test_bal_acc_std": 0.041958761397037865,
          "test_f1_mean": 0.32069465977944167,
          "test_f1_std": 0.05366090778530952,
          "test_kappa_mean": 0.08846153846153845,
          "test_kappa_std": 0.06293814209555684,
          "confusion_matrix": [
            [
              6.9230769230769225,
              72.30769230769232,
              20.769230769230766
            ],
            [
              6.9230769230769225,
              81.53846153846155,
              11.53846153846154
            ],
            [
              10.0,
              60.76923076923076,
              29.230769230769234
            ]
          ]
        },
        {
          "participant": "3227",
          "train_size": 1,
          "n_seeds": 10,
          "n_train_samples_mean": 3.0,
          "n_test_samples_mean": 39.0,
          "test_acc_mean": 0.5615384615384615,
          "test_acc_std": 0.04432923924748701,
          "test_bal_acc_mean": 0.5615384615384615,
          "test_bal_acc_std": 0.04432923924748697,
          "test_f1_mean": 0.5489771593393871,
          "test_f1_std": 0.04865333584222565,
          "test_kappa_mean": 0.3423076923076923,
          "test_kappa_std": 0.06649385887123045,
          "confusion_matrix": [
            [
              38.46153846153847,
              60.0,
              1.5384615384615385
            ],
            [
              52.30769230769231,
              36.153846153846146,
              11.538461538461538
            ],
            [
              0.7692307692307693,
              5.384615384615385,
              93.84615384615384
            ]
          ]
        },
        {
          "participant": "3228",
          "train_size": 1,
          "n_seeds": 10,
          "n_train_samples_mean": 3.0,
          "n_test_samples_mean": 30.0,
          "test_acc_mean": 0.5999999999999999,
          "test_acc_std": 0.07027283689263064,
          "test_bal_acc_mean": 0.501923076923077,
          "test_bal_acc_std": 0.0785121943251773,
          "test_f1_mean": 0.5957467447347693,
          "test_f1_std": 0.06219950609733598,
          "test_kappa_mean": 0.350189278644146,
          "test_kappa_std": 0.09363216058020571,
          "confusion_matrix": [
            [
              17.5,
              82.5,
              0.0
            ],
            [
              16.923076923076923,
              63.846153846153854,
              19.230769230769234
            ],
            [
              14.615384615384617,
              16.153846153846153,
              69.23076923076923
            ]
          ]
        },
        {
          "participant": "3229",
          "train_size": 1,
          "n_seeds": 10,
          "n_train_samples_mean": 3.0,
          "n_test_samples_mean": 39.0,
          "test_acc_mean": 0.44871794871794873,
          "test_acc_std": 0.04562853953859534,
          "test_bal_acc_mean": 0.44871794871794873,
          "test_bal_acc_std": 0.045628539538595345,
          "test_f1_mean": 0.40747472080839975,
          "test_f1_std": 0.05718757146511176,
          "test_kappa_mean": 0.17307692307692307,
          "test_kappa_std": 0.06844280930789304,
          "confusion_matrix": [
            [
              16.92307692307692,
              43.07692307692308,
              40.0
            ],
            [
              6.153846153846154,
              39.99999999999999,
              53.84615384615385
            ],
            [
              0.0,
              22.307692307692307,
              77.69230769230771
            ]
          ]
        },
        {
          "participant": "3230",
          "train_size": 1,
          "n_seeds": 10,
          "n_train_samples_mean": 3.0,
          "n_test_samples_mean": 39.0,
          "test_acc_mean": 0.6461538461538462,
          "test_acc_std": 0.0465007538760186,
          "test_bal_acc_mean": 0.6461538461538462,
          "test_bal_acc_std": 0.0465007538760186,
          "test_f1_mean": 0.6161726470707937,
          "test_f1_std": 0.056509250273878285,
          "test_kappa_mean": 0.46923076923076923,
          "test_kappa_std": 0.0697511308140279,
          "confusion_matrix": [
            [
              35.38461538461538,
              59.23076923076924,
              5.384615384615385
            ],
            [
              16.153846153846153,
              64.61538461538461,
              19.23076923076923
            ],
            [
              0.0,
              6.153846153846154,
              93.84615384615384
            ]
          ]
        },
        {
          "participant": "3231",
          "train_size": 1,
          "n_seeds": 10,
          "n_train_samples_mean": 3.0,
          "n_test_samples_mean": 39.0,
          "test_acc_mean": 0.4435897435897436,
          "test_acc_std": 0.0541235562358549,
          "test_bal_acc_mean": 0.4435897435897436,
          "test_bal_acc_std": 0.05412355623585494,
          "test_f1_mean": 0.4071042825769327,
          "test_f1_std": 0.07660371544277696,
          "test_kappa_mean": 0.16538461538461538,
          "test_kappa_std": 0.0811853343537824,
          "confusion_matrix": [
            [
              22.30769230769231,
              54.61538461538462,
              23.076923076923073
            ],
            [
              1.5384615384615385,
              31.53846153846154,
              66.92307692307693
            ],
            [
              2.3076923076923075,
              18.46153846153846,
              79.23076923076925
            ]
          ]
        },
        {
          "participant": "3232",
          "train_size": 1,
          "n_seeds": 10,
          "n_train_samples_mean": 3.0,
          "n_test_samples_mean": 39.0,
          "test_acc_mean": 0.7410256410256411,
          "test_acc_std": 0.06332866171912034,
          "test_bal_acc_mean": 0.7410256410256411,
          "test_bal_acc_std": 0.06332866171912037,
          "test_f1_mean": 0.7306051557409933,
          "test_f1_std": 0.06681968435236535,
          "test_kappa_mean": 0.6115384615384616,
          "test_kappa_std": 0.09499299257868053,
          "confusion_matrix": [
            [
              52.30769230769231,
              30.769230769230766,
              16.923076923076923
            ],
            [
              13.076923076923077,
              80.0,
              6.9230769230769225
            ],
            [
              1.5384615384615385,
              8.461538461538462,
              89.99999999999999
            ]
          ]
        },
        {
          "participant": "3233",
          "train_size": 1,
          "n_seeds": 10,
          "n_train_samples_mean": 3.0,
          "n_test_samples_mean": 39.0,
          "test_acc_mean": 0.4692307692307692,
          "test_acc_std": 0.05135322695999931,
          "test_bal_acc_mean": 0.46923076923076923,
          "test_bal_acc_std": 0.05135322695999929,
          "test_f1_mean": 0.40004574958162403,
          "test_f1_std": 0.07671700013287934,
          "test_kappa_mean": 0.20384615384615387,
          "test_kappa_std": 0.077029840439999,
          "confusion_matrix": [
            [
              36.92307692307693,
              0.0,
              63.07692307692307
            ],
            [
              66.15384615384616,
              12.307692307692308,
              21.538461538461537
            ],
            [
              7.692307692307692,
              0.7692307692307693,
              91.53846153846152
            ]
          ]
        },
        {
          "participant": "3234",
          "train_size": 1,
          "n_seeds": 10,
          "n_train_samples_mean": 3.0,
          "n_test_samples_mean": 39.0,
          "test_acc_mean": 0.46153846153846156,
          "test_acc_std": 0.04681389380386034,
          "test_bal_acc_mean": 0.46153846153846156,
          "test_bal_acc_std": 0.04681389380386036,
          "test_f1_mean": 0.4185610883158223,
          "test_f1_std": 0.05713011825902046,
          "test_kappa_mean": 0.1923076923076923,
          "test_kappa_std": 0.07022084070579053,
          "confusion_matrix": [
            [
              18.46153846153846,
              14.615384615384617,
              66.92307692307693
            ],
            [
              3.846153846153846,
              39.99999999999999,
              56.15384615384615
            ],
            [
              8.461538461538462,
              11.538461538461538,
              79.99999999999999
            ]
          ]
        },
        {
          "participant": "3235",
          "train_size": 1,
          "n_seeds": 10,
          "n_train_samples_mean": 3.0,
          "n_test_samples_mean": 38.0,
          "test_acc_mean": 0.5868421052631578,
          "test_acc_std": 0.04649950273929325,
          "test_bal_acc_mean": 0.5912393162393161,
          "test_bal_acc_std": 0.046727663818697335,
          "test_f1_mean": 0.5784069205203506,
          "test_f1_std": 0.04747148863291572,
          "test_kappa_mean": 0.3801952874261217,
          "test_kappa_std": 0.06986540294913544,
          "confusion_matrix": [
            [
              75.83333333333334,
              18.333333333333332,
              5.833333333333332
            ],
            [
              15.384615384615383,
              50.76923076923077,
              33.846153846153854
            ],
            [
              11.538461538461538,
              37.69230769230769,
              50.769230769230774
            ]
          ]
        },
        {
          "participant": "3236",
          "train_size": 1,
          "n_seeds": 10,
          "n_train_samples_mean": 3.0,
          "n_test_samples_mean": 31.0,
          "test_acc_mean": 0.7838709677419355,
          "test_acc_std": 0.09130292350689798,
          "test_bal_acc_mean": 0.6928205128205128,
          "test_bal_acc_std": 0.07350228580099145,
          "test_f1_mean": 0.762908305602419,
          "test_f1_std": 0.09309074665366705,
          "test_kappa_mean": 0.6390231611507036,
          "test_kappa_std": 0.15109014189442868,
          "confusion_matrix": [
            [
              93.07692307692307,
              3.076923076923077,
              3.846153846153846
            ],
            [
              24.0,
              34.0,
              42.0
            ],
            [
              19.23076923076923,
              0.0,
              80.76923076923076
            ]
          ]
        },
        {
          "participant": "3237",
          "train_size": 1,
          "n_seeds": 10,
          "n_train_samples_mean": 3.0,
          "n_test_samples_mean": 36.0,
          "test_acc_mean": 0.4666666666666667,
          "test_acc_std": 0.044981325190707855,
          "test_bal_acc_mean": 0.46153846153846156,
          "test_bal_acc_std": 0.04612217970335741,
          "test_f1_mean": 0.3951436591845582,
          "test_f1_std": 0.05770148637589737,
          "test_kappa_mean": 0.20530226538465213,
          "test_kappa_std": 0.06583985767829267,
          "confusion_matrix": [
            [
              8.461538461538462,
              66.15384615384616,
              25.384615384615383
            ],
            [
              1.0,
              40.0,
              59.0
            ],
            [
              0.0,
              10.0,
              90.0
            ]
          ]
        },
        {
          "participant": "3238",
          "train_size": 1,
          "n_seeds": 10,
          "n_train_samples_mean": 3.0,
          "n_test_samples_mean": 39.0,
          "test_acc_mean": 0.4102564102564103,
          "test_acc_std": 0.07451109305197731,
          "test_bal_acc_mean": 0.4102564102564103,
          "test_bal_acc_std": 0.07451109305197734,
          "test_f1_mean": 0.336039756117726,
          "test_f1_std": 0.11719732854751645,
          "test_kappa_mean": 0.11538461538461538,
          "test_kappa_std": 0.11176663957796601,
          "confusion_matrix": [
            [
              10.76923076923077,
              86.92307692307693,
              2.3076923076923075
            ],
            [
              0.0,
              86.92307692307692,
              13.076923076923077
            ],
            [
              0.7692307692307693,
              73.84615384615384,
              25.38461538461538
            ]
          ]
        },
        {
          "participant": "3239",
          "train_size": 1,
          "n_seeds": 10,
          "n_train_samples_mean": 3.0,
          "n_test_samples_mean": 38.0,
          "test_acc_mean": 0.41052631578947374,
          "test_acc_std": 0.04993069989739546,
          "test_bal_acc_mean": 0.41773504273504275,
          "test_bal_acc_std": 0.05102668692188629,
          "test_f1_mean": 0.38251483446584916,
          "test_f1_std": 0.049628329818342205,
          "test_kappa_mean": 0.12134379572976281,
          "test_kappa_std": 0.07610418305315585,
          "confusion_matrix": [
            [
              20.769230769230766,
              39.99999999999999,
              39.23076923076923
            ],
            [
              23.33333333333333,
              69.16666666666667,
              7.5
            ],
            [
              23.076923076923077,
              41.53846153846153,
              35.38461538461538
            ]
          ]
        },
        {
          "participant": "3240",
          "train_size": 1,
          "n_seeds": 10,
          "n_train_samples_mean": 3.0,
          "n_test_samples_mean": 37.0,
          "test_acc_mean": 0.6783783783783783,
          "test_acc_std": 0.06675183262285658,
          "test_bal_acc_mean": 0.688034188034188,
          "test_bal_acc_std": 0.06424485631783293,
          "test_f1_mean": 0.6421066674307793,
          "test_f1_std": 0.09159891565276854,
          "test_kappa_mean": 0.5217680207917962,
          "test_kappa_std": 0.09825272214935948,
          "confusion_matrix": [
            [
              91.66666666666666,
              3.333333333333333,
              5.0
            ],
            [
              33.07692307692308,
              33.07692307692307,
              33.84615384615385
            ],
            [
              18.333333333333336,
              0.0,
              81.66666666666666
            ]
          ]
        },
        {
          "participant": "3241",
          "train_size": 1,
          "n_seeds": 10,
          "n_train_samples_mean": 3.0,
          "n_test_samples_mean": 39.0,
          "test_acc_mean": 0.5974358974358974,
          "test_acc_std": 0.043665093245965146,
          "test_bal_acc_mean": 0.5974358974358974,
          "test_bal_acc_std": 0.043665093245965104,
          "test_f1_mean": 0.5352485656353382,
          "test_f1_std": 0.06371327657384103,
          "test_kappa_mean": 0.39615384615384625,
          "test_kappa_std": 0.0654976398689477,
          "confusion_matrix": [
            [
              68.46153846153845,
              26.923076923076923,
              4.615384615384615
            ],
            [
              23.846153846153847,
              16.153846153846153,
              60.0
            ],
            [
              3.076923076923077,
              2.3076923076923075,
              94.61538461538461
            ]
          ]
        },
        {
          "participant": "3242",
          "train_size": 1,
          "n_seeds": 10,
          "n_train_samples_mean": 3.0,
          "n_test_samples_mean": 39.0,
          "test_acc_mean": 0.5153846153846153,
          "test_acc_std": 0.04090080722736887,
          "test_bal_acc_mean": 0.5153846153846153,
          "test_bal_acc_std": 0.040900807227368885,
          "test_f1_mean": 0.47389849153984676,
          "test_f1_std": 0.05134025031794681,
          "test_kappa_mean": 0.2730769230769231,
          "test_kappa_std": 0.06135121084105333,
          "confusion_matrix": [
            [
              19.230769230769234,
              14.615384615384613,
              66.15384615384616
            ],
            [
              6.9230769230769225,
              57.69230769230769,
              35.38461538461538
            ],
            [
              0.0,
              22.307692307692303,
              77.69230769230768
            ]
          ]
        },
        {
          "participant": "3243",
          "train_size": 1,
          "n_seeds": 10,
          "n_train_samples_mean": 3.0,
          "n_test_samples_mean": 38.0,
          "test_acc_mean": 0.618421052631579,
          "test_acc_std": 0.03971660148305883,
          "test_bal_acc_mean": 0.6232905982905983,
          "test_bal_acc_std": 0.03714713528422061,
          "test_f1_mean": 0.5916054162219734,
          "test_f1_std": 0.042562386975928415,
          "test_kappa_mean": 0.43220070804089233,
          "test_kappa_std": 0.05686745495940458,
          "confusion_matrix": [
            [
              80.83333333333333,
              19.166666666666668,
              0.0
            ],
            [
              22.30769230769231,
              77.69230769230771,
              0.0
            ],
            [
              57.69230769230769,
              13.846153846153848,
              28.46153846153846
            ]
          ]
        },
        {
          "participant": "3244",
          "train_size": 1,
          "n_seeds": 10,
          "n_train_samples_mean": 3.0,
          "n_test_samples_mean": 39.0,
          "test_acc_mean": 0.5897435897435898,
          "test_acc_std": 0.05796863233440402,
          "test_bal_acc_mean": 0.5897435897435898,
          "test_bal_acc_std": 0.05796863233440404,
          "test_f1_mean": 0.5774285224350815,
          "test_f1_std": 0.061032463782283365,
          "test_kappa_mean": 0.3846153846153846,
          "test_kappa_std": 0.086952948501606,
          "confusion_matrix": [
            [
              40.0,
              39.230769230769226,
              20.769230769230766
            ],
            [
              9.23076923076923,
              66.15384615384616,
              24.615384615384613
            ],
            [
              6.9230769230769225,
              22.307692307692307,
              70.76923076923076
            ]
          ]
        },
        {
          "participant": "3245",
          "train_size": 1,
          "n_seeds": 10,
          "n_train_samples_mean": 3.0,
          "n_test_samples_mean": 37.0,
          "test_acc_mean": 0.5513513513513513,
          "test_acc_std": 0.09465892278604465,
          "test_bal_acc_mean": 0.5543123543123543,
          "test_bal_acc_std": 0.08685603709780235,
          "test_f1_mean": 0.5347857802442549,
          "test_f1_std": 0.10169846069090863,
          "test_kappa_mean": 0.32986958912956976,
          "test_kappa_std": 0.13507599990212968,
          "confusion_matrix": [
            [
              66.15384615384616,
              14.615384615384617,
              19.230769230769234
            ],
            [
              26.923076923076923,
              39.230769230769226,
              33.84615384615385
            ],
            [
              6.363636363636364,
              32.72727272727273,
              60.909090909090914
            ]
          ]
        },
        {
          "participant": "3246",
          "train_size": 1,
          "n_seeds": 10,
          "n_train_samples_mean": 3.0,
          "n_test_samples_mean": 39.0,
          "test_acc_mean": 0.2512820512820512,
          "test_acc_std": 0.04324482270315732,
          "test_bal_acc_mean": 0.2512820512820513,
          "test_bal_acc_std": 0.04324482270315732,
          "test_f1_mean": 0.2234643397892991,
          "test_f1_std": 0.04706891873429183,
          "test_kappa_mean": -0.12307692307692304,
          "test_kappa_std": 0.06486723405473599,
          "confusion_matrix": [
            [
              22.30769230769231,
              46.15384615384615,
              31.53846153846153
            ],
            [
              60.000000000000014,
              38.46153846153847,
              1.5384615384615385
            ],
            [
              26.923076923076923,
              58.46153846153847,
              14.615384615384613
            ]
          ]
        },
        {
          "participant": "3247",
          "train_size": 1,
          "n_seeds": 10,
          "n_train_samples_mean": 3.0,
          "n_test_samples_mean": 39.0,
          "test_acc_mean": 0.5307692307692309,
          "test_acc_std": 0.08551280983439839,
          "test_bal_acc_mean": 0.5307692307692309,
          "test_bal_acc_std": 0.08551280983439837,
          "test_f1_mean": 0.5204136537278969,
          "test_f1_std": 0.08264429733034598,
          "test_kappa_mean": 0.29615384615384616,
          "test_kappa_std": 0.12826921475159758,
          "confusion_matrix": [
            [
              56.15384615384615,
              38.46153846153847,
              5.384615384615385
            ],
            [
              29.230769230769234,
              51.53846153846153,
              19.23076923076923
            ],
            [
              16.923076923076923,
              31.538461538461537,
              51.53846153846153
            ]
          ]
        },
        {
          "participant": "3248",
          "train_size": 1,
          "n_seeds": 10,
          "n_train_samples_mean": 3.0,
          "n_test_samples_mean": 38.0,
          "test_acc_mean": 0.5078947368421053,
          "test_acc_std": 0.06451991420502909,
          "test_bal_acc_mean": 0.5115384615384616,
          "test_bal_acc_std": 0.0625824834570789,
          "test_f1_mean": 0.4590974677888619,
          "test_f1_std": 0.09283961389736176,
          "test_kappa_mean": 0.2613645005199702,
          "test_kappa_std": 0.09665419265352673,
          "confusion_matrix": [
            [
              65.0,
              0.0,
              35.0
            ],
            [
              30.769230769230774,
              16.153846153846153,
              53.07692307692308
            ],
            [
              1.5384615384615385,
              26.153846153846153,
              72.3076923076923
            ]
          ]
        },
        {
          "participant": "3249",
          "train_size": 1,
          "n_seeds": 10,
          "n_train_samples_mean": 3.0,
          "n_test_samples_mean": 39.0,
          "test_acc_mean": 0.3717948717948718,
          "test_acc_std": 0.02769547307011907,
          "test_bal_acc_mean": 0.3717948717948718,
          "test_bal_acc_std": 0.027695473070119075,
          "test_f1_mean": 0.30708344794825293,
          "test_f1_std": 0.037586405152582145,
          "test_kappa_mean": 0.057692307692307675,
          "test_kappa_std": 0.0415432096051786,
          "confusion_matrix": [
            [
              4.615384615384615,
              58.461538461538474,
              36.92307692307692
            ],
            [
              1.5384615384615385,
              36.92307692307692,
              61.53846153846155
            ],
            [
              0.0,
              30.0,
              69.99999999999999
            ]
          ]
        },
        {
          "participant": "3250",
          "train_size": 1,
          "n_seeds": 10,
          "n_train_samples_mean": 3.0,
          "n_test_samples_mean": 39.0,
          "test_acc_mean": 0.5769230769230769,
          "test_acc_std": 0.06864264275302996,
          "test_bal_acc_mean": 0.5769230769230769,
          "test_bal_acc_std": 0.06864264275302998,
          "test_f1_mean": 0.5331238413454046,
          "test_f1_std": 0.08473885940585861,
          "test_kappa_mean": 0.36538461538461536,
          "test_kappa_std": 0.10296396412954494,
          "confusion_matrix": [
            [
              19.999999999999996,
              13.076923076923077,
              66.92307692307692
            ],
            [
              0.0,
              76.15384615384616,
              23.846153846153847
            ],
            [
              6.153846153846154,
              16.923076923076923,
              76.9230769230769
            ]
          ]
        }
      ]
    },
    {
      "aggregated": {
        "train_size": 2,
        "n_participants": 39,
        "n_seeds": 10,
        "test_acc_mean": 0.6596273726492624,
        "test_acc_std": 0.1280097444358526,
        "test_bal_acc_mean": 0.6468653876987209,
        "test_bal_acc_std": 0.12032441055275533,
