{
  "name": "pose_gsr",
  "config": {
    "n_seeds": 10,
    "feature_selection": "backward",
    "use_pca": false,
    "pca_variance": 0.95,
    "write_cm": true,
    "tune_hyperparameters": false,
    "tune_n_iter": 30,
    "tune_cv_folds": 5,
    "use_pose_derivatives": true,
    "use_time_features": false,
    "class_config": "all",
    "include_order": false,
    "name": "pose_gsr",
    "feature_groups": [
      "pose",
      "gsr"
    ],
    "split_strategy": "participant_specific",
    "sampling_strategy": "temporal_stratified"
  },
  "sampling_strategy": "temporal_stratified",
  "n_seeds": 10,
  "learning_curve": [
    {
      "aggregated": {
        "train_size": 1,
        "n_participants": 40,
        "n_seeds": 10,
        "test_acc_mean": 0.62364010989011,
        "test_acc_std": 0.13577896832890288,
        "test_bal_acc_mean": 0.6205751424501426,
        "test_bal_acc_std": 0.13838791437457934,
        "test_f1_mean": 0.5958931799941992,
        "test_f1_std": 0.1517294284184537,
        "test_kappa_mean": 0.4307569224578092,
        "test_kappa_std": 0.20774233645826756,
        "confusion_matrix": [
          [
            68.60576923076924,
            13.759615384615383,
            17.63461538461538
          ],
          [
            17.807692307692307,
            61.71367521367522,
            20.47863247863248
          ],
          [
            24.129807692307686,
            20.017094017094017,
            55.85309829059829
          ]
        ]
      },
      "per_participant": [
        {
          "participant": "3208",
          "train_size": 1,
          "n_seeds": 10,
          "n_train_samples_mean": 3.0,
          "n_test_samples_mean": 39.0,
          "test_acc_mean": 0.5641025641025641,
          "test_acc_std": 0.0879968388118547,
          "test_bal_acc_mean": 0.5641025641025641,
          "test_bal_acc_std": 0.08799683881185469,
          "test_f1_mean": 0.5421302694825376,
          "test_f1_std": 0.10601042982325853,
          "test_kappa_mean": 0.34615384615384615,
          "test_kappa_std": 0.13199525821778205,
          "confusion_matrix": [
            [
              88.46153846153845,
              7.692307692307692,
              3.846153846153846
            ],
            [
              49.23076923076923,
              45.38461538461538,
              5.384615384615385
            ],
            [
              62.30769230769232,
              2.3076923076923075,
              35.38461538461538
            ]
          ]
        },
        {
          "participant": "3209",
          "train_size": 1,
          "n_seeds": 10,
          "n_train_samples_mean": 3.0,
          "n_test_samples_mean": 39.0,
          "test_acc_mean": 0.6871794871794872,
          "test_acc_std": 0.06019424568088548,
          "test_bal_acc_mean": 0.6871794871794872,
          "test_bal_acc_std": 0.06019424568088547,
          "test_f1_mean": 0.6433426783634499,
          "test_f1_std": 0.08598979396462443,
          "test_kappa_mean": 0.5307692307692308,
          "test_kappa_std": 0.09029136852132824,
          "confusion_matrix": [
            [
              94.61538461538461,
              5.384615384615385,
              0.0
            ],
            [
              18.46153846153846,
              81.53846153846153,
              0.0
            ],
            [
              28.46153846153846,
              41.53846153846153,
              30.0
            ]
          ]
        },
        {
          "participant": "3210",
          "train_size": 1,
          "n_seeds": 10,
          "n_train_samples_mean": 3.0,
          "n_test_samples_mean": 39.0,
          "test_acc_mean": 0.9307692307692308,
          "test_acc_std": 0.060496883313457726,
          "test_bal_acc_mean": 0.9307692307692308,
          "test_bal_acc_std": 0.060496883313457754,
          "test_f1_mean": 0.9281046341908412,
          "test_f1_std": 0.06402903575889732,
          "test_kappa_mean": 0.8961538461538462,
          "test_kappa_std": 0.09074532497018663,
          "confusion_matrix": [
            [
              98.46153846153847,
              1.5384615384615385,
              0.0
            ],
            [
              0.0,
              100.0,
              0.0
            ],
            [
              3.076923076923077,
              16.153846153846153,
              80.76923076923077
            ]
          ]
        },
        {
          "participant": "3214",
          "train_size": 1,
          "n_seeds": 10,
          "n_train_samples_mean": 3.0,
          "n_test_samples_mean": 39.0,
          "test_acc_mean": 0.6384615384615385,
          "test_acc_std": 0.05727133527436224,
          "test_bal_acc_mean": 0.6384615384615385,
          "test_bal_acc_std": 0.05727133527436224,
          "test_f1_mean": 0.6294480643049207,
          "test_f1_std": 0.05474448108056614,
          "test_kappa_mean": 0.4576923076923077,
          "test_kappa_std": 0.08590700291154335,
          "confusion_matrix": [
            [
              96.15384615384616,
              3.846153846153846,
              0.0
            ],
            [
              0.7692307692307693,
              48.46153846153847,
              50.769230769230774
            ],
            [
              0.0,
              53.07692307692307,
              46.92307692307692
            ]
          ]
        },
        {
          "participant": "3215",
          "train_size": 1,
          "n_seeds": 10,
          "n_train_samples_mean": 3.0,
          "n_test_samples_mean": 39.0,
          "test_acc_mean": 0.4128205128205128,
          "test_acc_std": 0.03715737627228062,
          "test_bal_acc_mean": 0.4128205128205128,
          "test_bal_acc_std": 0.0371573762722806,
          "test_f1_mean": 0.3045497395467808,
          "test_f1_std": 0.050213479953426274,
          "test_kappa_mean": 0.11923076923076921,
          "test_kappa_std": 0.05573606440842093,
          "confusion_matrix": [
            [
              96.92307692307692,
              0.0,
              3.076923076923077
            ],
            [
              90.0,
              0.0,
              10.0
            ],
            [
              73.07692307692307,
              0.0,
              26.923076923076923
            ]
          ]
        },
        {
          "participant": "3216",
          "train_size": 1,
          "n_seeds": 10,
          "n_train_samples_mean": 3.0,
          "n_test_samples_mean": 39.0,
          "test_acc_mean": 0.6076923076923078,
          "test_acc_std": 0.052756579015422106,
          "test_bal_acc_mean": 0.6076923076923078,
          "test_bal_acc_std": 0.05275657901542213,
          "test_f1_mean": 0.6034622175711035,
          "test_f1_std": 0.05696971644198542,
          "test_kappa_mean": 0.4115384615384615,
          "test_kappa_std": 0.07913486852313315,
          "confusion_matrix": [
            [
              80.76923076923076,
              18.46153846153846,
              0.7692307692307693
            ],
            [
              15.384615384615381,
              54.61538461538462,
              30.0
            ],
            [
              6.923076923076924,
              46.15384615384615,
              46.92307692307693
            ]
          ]
        },
        {
          "participant": "3217",
          "train_size": 1,
          "n_seeds": 10,
          "n_train_samples_mean": 3.0,
          "n_test_samples_mean": 39.0,
          "test_acc_mean": 0.7461538461538462,
          "test_acc_std": 0.06097797942474177,
          "test_bal_acc_mean": 0.7461538461538462,
          "test_bal_acc_std": 0.06097797942474175,
          "test_f1_mean": 0.750802109461038,
          "test_f1_std": 0.059040608046332065,
          "test_kappa_mean": 0.6192307692307693,
          "test_kappa_std": 0.09146696913711268,
          "confusion_matrix": [
            [
              65.38461538461539,
              30.769230769230766,
              3.846153846153846
            ],
            [
              16.923076923076923,
              79.23076923076923,
              3.846153846153846
            ],
            [
              0.0,
              20.769230769230766,
              79.23076923076924
            ]
          ]
        },
        {
          "participant": "3218",
          "train_size": 1,
          "n_seeds": 10,
          "n_train_samples_mean": 3.0,
          "n_test_samples_mean": 39.0,
          "test_acc_mean": 0.8,
          "test_acc_std": 0.04490230952671348,
          "test_bal_acc_mean": 0.8,
          "test_bal_acc_std": 0.044902309526713494,
          "test_f1_mean": 0.78866211573751,
          "test_f1_std": 0.05342239051584948,
          "test_kappa_mean": 0.7,
          "test_kappa_std": 0.06735346429007022,
          "confusion_matrix": [
            [
              100.0,
              0.0,
              0.0
            ],
            [
              10.76923076923077,
              86.15384615384616,
              3.076923076923077
            ],
            [
              0.7692307692307693,
              45.38461538461539,
              53.846153846153854
            ]
          ]
        },
        {
          "participant": "3219",
          "train_size": 1,
          "n_seeds": 10,
          "n_train_samples_mean": 3.0,
          "n_test_samples_mean": 34.0,
          "test_acc_mean": 0.35,
          "test_acc_std": 0.08255111543145444,
          "test_bal_acc_mean": 0.33397435897435895,
          "test_bal_acc_std": 0.09296468081810086,
          "test_f1_mean": 0.2879017973493204,
          "test_f1_std": 0.09290593969994043,
          "test_kappa_mean": -0.025840533534279907,
          "test_kappa_std": 0.1340350719396464,
          "confusion_matrix": [
            [
              66.92307692307693,
              26.153846153846153,
              6.9230769230769225
            ],
            [
              80.76923076923077,
              10.76923076923077,
              8.461538461538462
            ],
            [
              77.5,
              0.0,
              22.5
            ]
          ]
        },
        {
          "participant": "3220",
          "train_size": 1,
          "n_seeds": 10,
          "n_train_samples_mean": 3.0,
          "n_test_samples_mean": 39.0,
          "test_acc_mean": 0.7871794871794872,
          "test_acc_std": 0.09897568751599374,
          "test_bal_acc_mean": 0.7871794871794873,
          "test_bal_acc_std": 0.09897568751599377,
          "test_f1_mean": 0.7807182660368646,
          "test_f1_std": 0.1011206091099699,
          "test_kappa_mean": 0.6807692307692308,
          "test_kappa_std": 0.14846353127399065,
          "confusion_matrix": [
            [
              78.46153846153845,
              17.69230769230769,
              3.846153846153846
            ],
            [
              0.0,
              100.0,
              0.0
            ],
            [
              4.615384615384615,
              37.69230769230769,
              57.6923076923077
            ]
          ]
        },
        {
          "participant": "3221",
          "train_size": 1,
          "n_seeds": 10,
          "n_train_samples_mean": 3.0,
          "n_test_samples_mean": 39.0,
          "test_acc_mean": 0.6384615384615384,
          "test_acc_std": 0.050492497393989484,
          "test_bal_acc_mean": 0.6384615384615384,
          "test_bal_acc_std": 0.050492497393989484,
          "test_f1_mean": 0.5935114987262635,
          "test_f1_std": 0.06858126927357315,
          "test_kappa_mean": 0.4576923076923077,
          "test_kappa_std": 0.07573874609098424,
          "confusion_matrix": [
            [
              55.38461538461538,
              30.769230769230766,
              13.846153846153845
            ],
            [
              2.3076923076923075,
              97.6923076923077,
              0.0
            ],
            [
              41.53846153846153,
              20.0,
              38.46153846153847
            ]
          ]
        },
        {
          "participant": "3222",
          "train_size": 1,
          "n_seeds": 10,
          "n_train_samples_mean": 3.0,
          "n_test_samples_mean": 35.0,
          "test_acc_mean": 0.4942857142857142,
          "test_acc_std": 0.03576187305813063,
          "test_bal_acc_mean": 0.4515669515669516,
          "test_bal_acc_std": 0.040741736883404815,
          "test_f1_mean": 0.41380556247477607,
          "test_f1_std": 0.05786347352239056,
          "test_kappa_mean": 0.19894603672111538,
          "test_kappa_std": 0.06009262328443693,
          "confusion_matrix": [
            [
              27.69230769230769,
              1.5384615384615385,
              70.76923076923076
            ],
            [
              0.0,
              7.777777777777777,
              92.22222222222223
            ],
            [
              0.0,
              0.0,
              100.0
            ]
          ]
        },
        {
          "participant": "3223",
          "train_size": 1,
          "n_seeds": 10,
          "n_train_samples_mean": 3.0,
          "n_test_samples_mean": 39.0,
          "test_acc_mean": 0.4179487179487179,
          "test_acc_std": 0.04991043186549208,
          "test_bal_acc_mean": 0.41794871794871796,
          "test_bal_acc_std": 0.04991043186549208,
          "test_f1_mean": 0.38388612238520936,
          "test_f1_std": 0.04843009491726552,
          "test_kappa_mean": 0.12692307692307692,
          "test_kappa_std": 0.07486564779823811,
          "confusion_matrix": [
            [
              27.69230769230769,
              19.23076923076923,
              53.07692307692308
            ],
            [
              13.846153846153845,
              76.15384615384615,
              10.000000000000002
            ],
            [
              14.615384615384613,
              63.84615384615385,
              21.53846153846154
            ]
          ]
        },
        {
          "participant": "3224",
          "train_size": 1,
          "n_seeds": 10,
          "n_train_samples_mean": 3.0,
          "n_test_samples_mean": 39.0,
          "test_acc_mean": 0.6897435897435897,
          "test_acc_std": 0.05191911982388866,
          "test_bal_acc_mean": 0.6897435897435897,
          "test_bal_acc_std": 0.051919119823888686,
          "test_f1_mean": 0.668112080683729,
          "test_f1_std": 0.060700567787102686,
          "test_kappa_mean": 0.5346153846153846,
          "test_kappa_std": 0.077878679735833,
          "confusion_matrix": [
            [
              73.07692307692307,
              3.846153846153846,
              23.076923076923077
            ],
            [
              37.69230769230769,
              40.0,
              22.307692307692303
            ],
            [
              6.153846153846154,
              0.0,
              93.84615384615384
            ]
          ]
        },
        {
          "participant": "3225",
          "train_size": 1,
          "n_seeds": 10,
          "n_train_samples_mean": 3.0,
          "n_test_samples_mean": 39.0,
          "test_acc_mean": 0.5564102564102564,
          "test_acc_std": 0.05412355623585492,
          "test_bal_acc_mean": 0.5564102564102564,
          "test_bal_acc_std": 0.05412355623585494,
          "test_f1_mean": 0.5263923162366044,
          "test_f1_std": 0.07498160970728483,
          "test_kappa_mean": 0.3346153846153846,
          "test_kappa_std": 0.08118533435378233,
          "confusion_matrix": [
            [
              99.23076923076924,
              0.7692307692307693,
              0.0
            ],
            [
              9.230769230769232,
              50.0,
              40.76923076923077
            ],
            [
              0.0,
              82.3076923076923,
              17.69230769230769
            ]
          ]
        },
        {
          "participant": "3226",
          "train_size": 1,
          "n_seeds": 10,
          "n_train_samples_mean": 3.0,
          "n_test_samples_mean": 39.0,
          "test_acc_mean": 0.5846153846153845,
          "test_acc_std": 0.058968165164650733,
          "test_bal_acc_mean": 0.5846153846153846,
          "test_bal_acc_std": 0.058968165164650733,
          "test_f1_mean": 0.5411785074393077,
          "test_f1_std": 0.0842159843979355,
          "test_kappa_mean": 0.3769230769230769,
          "test_kappa_std": 0.08845224774697612,
          "confusion_matrix": [
            [
              23.846153846153847,
              63.07692307692307,
              13.076923076923077
            ],
            [
              3.846153846153846,
              60.0,
              36.15384615384615
            ],
            [
              0.7692307692307693,
              7.692307692307692,
              91.53846153846153
            ]
          ]
        },
        {
          "participant": "3227",
          "train_size": 1,
          "n_seeds": 10,
          "n_train_samples_mean": 3.0,
          "n_test_samples_mean": 39.0,
          "test_acc_mean": 0.5487179487179488,
          "test_acc_std": 0.0976007003324458,
          "test_bal_acc_mean": 0.5487179487179488,
          "test_bal_acc_std": 0.09760070033244582,
          "test_f1_mean": 0.5137609867882669,
          "test_f1_std": 0.11350940795395123,
          "test_kappa_mean": 0.3230769230769231,
          "test_kappa_std": 0.1464010504986687,
          "confusion_matrix": [
            [
              45.38461538461538,
              51.53846153846155,
              3.076923076923077
            ],
            [
              6.9230769230769225,
              42.30769230769231,
              50.76923076923077
            ],
            [
              5.384615384615385,
              17.69230769230769,
              76.92307692307693
            ]
          ]
        },
        {
          "participant": "3228",
          "train_size": 1,
          "n_seeds": 10,
          "n_train_samples_mean": 3.0,
          "n_test_samples_mean": 30.0,
          "test_acc_mean": 0.6733333333333335,
          "test_acc_std": 0.11199647260759248,
          "test_bal_acc_mean": 0.6448717948717948,
          "test_bal_acc_std": 0.14012272466559914,
          "test_f1_mean": 0.6352248138813399,
          "test_f1_std": 0.16537804376485155,
          "test_kappa_mean": 0.44288664023752045,
          "test_kappa_std": 0.19952183801829065,
          "confusion_matrix": [
            [
              55.0,
              45.0,
              0.0
            ],
            [
              0.0,
              93.07692307692307,
              6.9230769230769225
            ],
            [
              0.0,
              54.61538461538462,
              45.38461538461538
            ]
          ]
        },
        {
          "participant": "3229",
          "train_size": 1,
          "n_seeds": 10,
          "n_train_samples_mean": 3.0,
          "n_test_samples_mean": 39.0,
          "test_acc_mean": 0.5641025641025641,
          "test_acc_std": 0.04522651813785629,
          "test_bal_acc_mean": 0.5641025641025641,
          "test_bal_acc_std": 0.04522651813785625,
          "test_f1_mean": 0.52507291909332,
          "test_f1_std": 0.057595987841156965,
          "test_kappa_mean": 0.34615384615384615,
          "test_kappa_std": 0.06783977720678437,
          "confusion_matrix": [
            [
              54.61538461538462,
              3.846153846153846,
              41.53846153846153
            ],
            [
              42.30769230769231,
              24.615384615384613,
              33.07692307692308
            ],
            [
              10.0,
              0.0,
              90.0
            ]
          ]
        },
        {
          "participant": "3230",
          "train_size": 1,
          "n_seeds": 10,
          "n_train_samples_mean": 3.0,
          "n_test_samples_mean": 39.0,
          "test_acc_mean": 0.42564102564102574,
          "test_acc_std": 0.06642515975290751,
          "test_bal_acc_mean": 0.4256410256410256,
          "test_bal_acc_std": 0.0664251597529075,
          "test_f1_mean": 0.4054588984951346,
          "test_f1_std": 0.06470390210509006,
          "test_kappa_mean": 0.13846153846153847,
          "test_kappa_std": 0.09963773962936129,
          "confusion_matrix": [
            [
              14.615384615384617,
              0.7692307692307693,
              84.61538461538461
            ],
            [
              43.07692307692308,
              40.0,
              16.923076923076923
            ],
            [
              24.615384615384617,
              2.3076923076923075,
              73.07692307692308
            ]
          ]
        },
        {
          "participant": "3231",
          "train_size": 1,
          "n_seeds": 10,
          "n_train_samples_mean": 3.0,
          "n_test_samples_mean": 39.0,
          "test_acc_mean": 0.4641025641025641,
          "test_acc_std": 0.07396990264416685,
          "test_bal_acc_mean": 0.4641025641025641,
          "test_bal_acc_std": 0.07396990264416686,
          "test_f1_mean": 0.4443744076575495,
          "test_f1_std": 0.08545252352177961,
          "test_kappa_mean": 0.19615384615384615,
          "test_kappa_std": 0.11095485396625028,
          "confusion_matrix": [
            [
              28.46153846153846,
              0.7692307692307693,
              70.76923076923076
            ],
            [
              3.846153846153846,
              33.84615384615385,
              62.3076923076923
            ],
            [
              23.076923076923077,
              0.0,
              76.92307692307693
            ]
          ]
        },
        {
          "participant": "3232",
          "train_size": 1,
          "n_seeds": 10,
          "n_train_samples_mean": 3.0,
          "n_test_samples_mean": 39.0,
          "test_acc_mean": 0.6000000000000001,
          "test_acc_std": 0.05565408750803318,
          "test_bal_acc_mean": 0.6000000000000001,
          "test_bal_acc_std": 0.05565408750803317,
          "test_f1_mean": 0.593653770384774,
          "test_f1_std": 0.06090541293323387,
          "test_kappa_mean": 0.4,
          "test_kappa_std": 0.08348113126204978,
          "confusion_matrix": [
            [
              64.61538461538461,
              0.0,
              35.38461538461538
            ],
            [
              46.15384615384615,
              42.30769230769231,
              11.538461538461538
            ],
            [
              26.923076923076923,
              0.0,
              73.07692307692307
            ]
          ]
        },
        {
          "participant": "3233",
          "train_size": 1,
          "n_seeds": 10,
          "n_train_samples_mean": 3.0,
          "n_test_samples_mean": 39.0,
          "test_acc_mean": 0.864102564102564,
          "test_acc_std": 0.0527565790154221,
          "test_bal_acc_mean": 0.864102564102564,
          "test_bal_acc_std": 0.05275657901542212,
          "test_f1_mean": 0.8634559402832277,
          "test_f1_std": 0.05366377468777418,
          "test_kappa_mean": 0.7961538461538461,
          "test_kappa_std": 0.07913486852313319,
          "confusion_matrix": [
            [
              77.6923076923077,
              6.9230769230769225,
              15.384615384615383
            ],
            [
              0.0,
              86.15384615384616,
              13.846153846153845
            ],
            [
              0.0,
              4.615384615384615,
              95.38461538461539
            ]
          ]
        },
        {
          "participant": "3234",
          "train_size": 1,
          "n_seeds": 10,
          "n_train_samples_mean": 3.0,
          "n_test_samples_mean": 39.0,
          "test_acc_mean": 0.558974358974359,
          "test_acc_std": 0.06708176707811482,
          "test_bal_acc_mean": 0.558974358974359,
          "test_bal_acc_std": 0.06708176707811485,
          "test_f1_mean": 0.5196040894016937,
          "test_f1_std": 0.08609850107198984,
          "test_kappa_mean": 0.3384615384615385,
          "test_kappa_std": 0.10062265061717222,
          "confusion_matrix": [
            [
              98.46153846153847,
              0.0,
              1.5384615384615385
            ],
            [
              24.615384615384613,
              45.38461538461538,
              30.0
            ],
            [
              69.23076923076923,
              6.9230769230769225,
              23.846153846153847
            ]
          ]
        },
        {
          "participant": "3235",
          "train_size": 1,
          "n_seeds": 10,
          "n_train_samples_mean": 3.0,
          "n_test_samples_mean": 39.0,
          "test_acc_mean": 0.8384615384615385,
          "test_acc_std": 0.04195876139703787,
          "test_bal_acc_mean": 0.8384615384615385,
          "test_bal_acc_std": 0.041958761397037865,
          "test_f1_mean": 0.8348691926546721,
          "test_f1_std": 0.04388906967159644,
          "test_kappa_mean": 0.7576923076923077,
          "test_kappa_std": 0.06293814209555679,
          "confusion_matrix": [
            [
              95.38461538461539,
              3.076923076923077,
              1.5384615384615385
            ],
            [
              7.692307692307692,
              92.30769230769229,
              0.0
            ],
            [
              10.0,
              26.153846153846153,
              63.846153846153854
            ]
          ]
        },
        {
          "participant": "3236",
          "train_size": 1,
          "n_seeds": 10,
          "n_train_samples_mean": 3.0,
          "n_test_samples_mean": 39.0,
          "test_acc_mean": 0.44615384615384607,
          "test_acc_std": 0.05012949845680402,
          "test_bal_acc_mean": 0.4461538461538462,
          "test_bal_acc_std": 0.050129498456804034,
          "test_f1_mean": 0.4328862631322229,
          "test_f1_std": 0.042065883079819746,
          "test_kappa_mean": 0.16923076923076924,
          "test_kappa_std": 0.07519424768520608,
          "confusion_matrix": [
            [
              43.84615384615384,
              36.15384615384615,
              20.0
            ],
            [
              0.0,
              50.76923076923077,
              49.23076923076923
            ],
            [
              44.61538461538461,
              16.153846153846153,
              39.230769230769226
            ]
          ]
        },
        {
          "participant": "3237",
          "train_size": 1,
          "n_seeds": 10,
          "n_train_samples_mean": 3.0,
          "n_test_samples_mean": 39.0,
          "test_acc_mean": 0.6051282051282051,
          "test_acc_std": 0.0717134255159078,
          "test_bal_acc_mean": 0.6051282051282051,
          "test_bal_acc_std": 0.07171342551590786,
          "test_f1_mean": 0.6014978639049713,
          "test_f1_std": 0.0712776856888234,
          "test_kappa_mean": 0.4076923076923077,
          "test_kappa_std": 0.10757013827386167,
          "confusion_matrix": [
            [
              34.615384615384606,
              0.7692307692307693,
              64.61538461538461
            ],
            [
              28.461538461538463,
              67.6923076923077,
              3.846153846153846
            ],
            [
              20.769230769230766,
              0.0,
              79.23076923076924
            ]
          ]
        },
        {
          "participant": "3238",
          "train_size": 1,
          "n_seeds": 10,
          "n_train_samples_mean": 3.0,
          "n_test_samples_mean": 39.0,
          "test_acc_mean": 0.49743589743589745,
          "test_acc_std": 0.05156616454358412,
          "test_bal_acc_mean": 0.49743589743589745,
          "test_bal_acc_std": 0.05156616454358412,
          "test_f1_mean": 0.4549036772377771,
          "test_f1_std": 0.05623338710554972,
          "test_kappa_mean": 0.24615384615384617,
          "test_kappa_std": 0.07734924681537618,
          "confusion_matrix": [
            [
              18.46153846153846,
              39.230769230769226,
              42.30769230769231
            ],
            [
              13.846153846153845,
              44.615384615384606,
              41.53846153846153
            ],
            [
              0.0,
              13.846153846153845,
              86.15384615384616
            ]
          ]
        },
        {
          "participant": "3239",
          "train_size": 1,
          "n_seeds": 10,
          "n_train_samples_mean": 3.0,
          "n_test_samples_mean": 35.0,
          "test_acc_mean": 0.5228571428571428,
          "test_acc_std": 0.08416590893442172,
          "test_bal_acc_mean": 0.48746438746438747,
          "test_bal_acc_std": 0.09042760774083122,
          "test_f1_mean": 0.4839596234154177,
          "test_f1_std": 0.11015634694268267,
          "test_kappa_mean": 0.25659244719570273,
          "test_kappa_std": 0.13599616940852274,
          "confusion_matrix": [
            [
              85.38461538461539,
              0.7692307692307693,
              13.846153846153845
            ],
            [
              49.99999999999999,
              43.07692307692308,
              6.9230769230769225
            ],
            [
              80.0,
              2.2222222222222223,
              17.77777777777778
            ]
          ]
        },
        {
          "participant": "3240",
          "train_size": 1,
          "n_seeds": 10,
          "n_train_samples_mean": 3.0,
          "n_test_samples_mean": 39.0,
          "test_acc_mean": 0.6512820512820514,
          "test_acc_std": 0.05012949845680403,
          "test_bal_acc_mean": 0.6512820512820513,
          "test_bal_acc_std": 0.050129498456804006,
          "test_f1_mean": 0.6368339835128072,
          "test_f1_std": 0.05598551860279401,
          "test_kappa_mean": 0.4769230769230769,
          "test_kappa_std": 0.07519424768520605,
          "confusion_matrix": [
            [
              90.76923076923075,
              0.0,
              9.23076923076923
            ],
            [
              8.461538461538462,
              69.99999999999999,
              21.53846153846154
            ],
            [
              65.38461538461539,
              0.0,
              34.61538461538462
            ]
          ]
        },
        {
          "participant": "3241",
          "train_size": 1,
          "n_seeds": 10,
          "n_train_samples_mean": 3.0,
          "n_test_samples_mean": 39.0,
          "test_acc_mean": 0.5794871794871794,
          "test_acc_std": 0.048650425541052006,
          "test_bal_acc_mean": 0.5794871794871794,
          "test_bal_acc_std": 0.04865042554105199,
          "test_f1_mean": 0.5738203008981942,
          "test_f1_std": 0.04793360143731045,
          "test_kappa_mean": 0.3692307692307692,
          "test_kappa_std": 0.07297563831157798,
          "confusion_matrix": [
            [
              45.38461538461539,
              10.0,
              44.61538461538461
            ],
            [
              21.53846153846154,
              60.76923076923079,
              17.692307692307693
            ],
            [
              32.30769230769231,
              0.0,
              67.69230769230771
            ]
          ]
        },
        {
          "participant": "3242",
          "train_size": 1,
          "n_seeds": 10,
          "n_train_samples_mean": 3.0,
          "n_test_samples_mean": 39.0,
          "test_acc_mean": 0.7435897435897436,
          "test_acc_std": 0.060436477024491245,
          "test_bal_acc_mean": 0.7435897435897436,
          "test_bal_acc_std": 0.06043647702449123,
          "test_f1_mean": 0.7116429994864395,
          "test_f1_std": 0.0827296359360703,
          "test_kappa_mean": 0.6153846153846153,
          "test_kappa_std": 0.09065471553673687,
          "confusion_matrix": [
            [
              98.46153846153847,
              1.5384615384615385,
              0.0
            ],
            [
              45.38461538461537,
              38.46153846153847,
              16.153846153846153
            ],
            [
              0.7692307692307693,
              13.076923076923077,
              86.15384615384616
            ]
          ]
        },
        {
          "participant": "3243",
          "train_size": 1,
          "n_seeds": 10,
          "n_train_samples_mean": 3.0,
          "n_test_samples_mean": 39.0,
          "test_acc_mean": 0.8153846153846154,
          "test_acc_std": 0.057716044499603866,
          "test_bal_acc_mean": 0.8153846153846154,
          "test_bal_acc_std": 0.05771604449960389,
          "test_f1_mean": 0.8109479520877372,
          "test_f1_std": 0.05709331859930501,
          "test_kappa_mean": 0.723076923076923,
          "test_kappa_std": 0.08657406674940582,
          "confusion_matrix": [
            [
              99.23076923076924,
              0.0,
              0.7692307692307693
            ],
            [
              0.0,
              85.38461538461539,
              14.615384615384617
            ],
            [
              0.7692307692307693,
              39.23076923076923,
              60.0
            ]
          ]
        },
        {
          "participant": "3244",
          "train_size": 1,
          "n_seeds": 10,
          "n_train_samples_mean": 3.0,
          "n_test_samples_mean": 39.0,
          "test_acc_mean": 0.6410256410256411,
          "test_acc_std": 0.08017804717646888,
          "test_bal_acc_mean": 0.6410256410256411,
          "test_bal_acc_std": 0.08017804717646887,
          "test_f1_mean": 0.6102236543159848,
          "test_f1_std": 0.09099308534792701,
          "test_kappa_mean": 0.4615384615384615,
          "test_kappa_std": 0.12026707076470329,
          "confusion_matrix": [
            [
              53.07692307692308,
              0.0,
              46.92307692307692
            ],
            [
              0.0,
              100.0,
              0.0
            ],
            [
              30.0,
              30.769230769230774,
              39.23076923076923
            ]
          ]
        },
        {
          "participant": "3245",
          "train_size": 1,
          "n_seeds": 10,
          "n_train_samples_mean": 3.0,
          "n_test_samples_mean": 39.0,
          "test_acc_mean": 0.6179487179487179,
          "test_acc_std": 0.06669953167564674,
          "test_bal_acc_mean": 0.6179487179487179,
          "test_bal_acc_std": 0.06669953167564673,
          "test_f1_mean": 0.5724579291094603,
          "test_f1_std": 0.09421093719505909,
          "test_kappa_mean": 0.4269230769230769,
          "test_kappa_std": 0.1000492975134701,
          "confusion_matrix": [
            [
              64.61538461538463,
              34.61538461538462,
              0.7692307692307693
            ],
            [
              4.615384615384615,
              95.38461538461539,
              0.0
            ],
            [
              46.92307692307692,
              27.69230769230769,
              25.384615384615383
            ]
          ]
        },
        {
          "participant": "3246",
          "train_size": 1,
          "n_seeds": 10,
          "n_train_samples_mean": 3.0,
          "n_test_samples_mean": 39.0,
          "test_acc_mean": 0.5179487179487179,
          "test_acc_std": 0.043244822703157326,
          "test_bal_acc_mean": 0.517948717948718,
          "test_bal_acc_std": 0.043244822703157326,
          "test_f1_mean": 0.4241215020526347,
          "test_f1_std": 0.04300322736672721,
          "test_kappa_mean": 0.27692307692307694,
          "test_kappa_std": 0.06486723405473599,
          "confusion_matrix": [
            [
              56.15384615384617,
              36.92307692307692,
              6.9230769230769225
            ],
            [
              2.3076923076923075,
              97.6923076923077,
              0.0
            ],
            [
              80.76923076923077,
              17.69230769230769,
              1.5384615384615385
            ]
          ]
        },
        {
          "participant": "3247",
          "train_size": 1,
          "n_seeds": 10,
          "n_train_samples_mean": 3.0,
          "n_test_samples_mean": 39.0,
          "test_acc_mean": 0.6564102564102565,
          "test_acc_std": 0.052963874819930486,
          "test_bal_acc_mean": 0.6564102564102565,
          "test_bal_acc_std": 0.05296387481993046,
          "test_f1_mean": 0.6482814874169198,
          "test_f1_std": 0.048063159349642996,
          "test_kappa_mean": 0.48461538461538456,
          "test_kappa_std": 0.07944581222989573,
          "confusion_matrix": [
            [
              68.46153846153847,
              31.538461538461537,
              0.0
            ],
            [
              0.0,
              44.61538461538461,
              55.38461538461538
            ],
            [
              0.0,
              16.153846153846153,
              83.84615384615384
            ]
          ]
        },
        {
          "participant": "3248",
          "train_size": 1,
          "n_seeds": 10,
          "n_train_samples_mean": 3.0,
          "n_test_samples_mean": 39.0,
          "test_acc_mean": 0.6871794871794872,
          "test_acc_std": 0.048046048966000655,
          "test_bal_acc_mean": 0.6871794871794873,
          "test_bal_acc_std": 0.04804604896600067,
          "test_f1_mean": 0.6738391272446064,
          "test_f1_std": 0.05370157594911616,
          "test_kappa_mean": 0.5307692307692309,
          "test_kappa_std": 0.07206907344900097,
          "confusion_matrix": [
            [
              82.3076923076923,
              16.153846153846153,
              1.5384615384615385
            ],
            [
              5.384615384615385,
              77.69230769230768,
              16.92307692307692
            ],
            [
              6.9230769230769225,
              46.92307692307693,
              46.15384615384615
            ]
          ]
        },
        {
          "participant": "3249",
          "train_size": 1,
          "n_seeds": 10,
          "n_train_samples_mean": 3.0,
          "n_test_samples_mean": 39.0,
          "test_acc_mean": 0.8051282051282053,
          "test_acc_std": 0.06067774136512426,
          "test_bal_acc_mean": 0.8051282051282053,
          "test_bal_acc_std": 0.060677741365124285,
          "test_f1_mean": 0.7977424541066469,
          "test_f1_std": 0.06493824945106647,
          "test_kappa_mean": 0.7076923076923076,
          "test_kappa_std": 0.09101661204768638,
          "confusion_matrix": [
            [
              98.46153846153847,
              0.0,
              1.5384615384615385
            ],
            [
              1.5384615384615385,
              66.92307692307693,
              31.53846153846153
            ],
            [
              1.5384615384615385,
              22.307692307692307,
              76.15384615384616
            ]
          ]
        },
        {
          "participant": "3250",
          "train_size": 1,
          "n_seeds": 10,
          "n_train_samples_mean": 3.0,
          "n_test_samples_mean": 39.0,
          "test_acc_mean": 0.7153846153846153,
          "test_acc_std": 0.045947624122104666,
          "test_bal_acc_mean": 0.7153846153846153,
          "test_bal_acc_std": 0.0459476241221047,
          "test_f1_mean": 0.6810853832159138,
          "test_f1_std": 0.05412265458244808,
          "test_kappa_mean": 0.573076923076923,
          "test_kappa_std": 0.068921436183157,
          "confusion_matrix": [
            [
              97.6923076923077,
              0.0,
              2.3076923076923075
            ],
            [
