{
  "name": "pose_eye_gsr_ecg",
  "config": {
    "n_seeds": 10,
    "feature_selection": "backward",
    "use_pca": false,
    "pca_variance": 0.95,
    "write_cm": true,
    "tune_hyperparameters": false,
    "tune_n_iter": 30,
    "tune_cv_folds": 5,
    "use_pose_derivatives": true,
    "use_time_features": false,
    "class_config": "all",
    "include_order": false,
    "name": "pose_eye_gsr_ecg",
    "feature_groups": [
      "pose",
      "eye_tracking",
      "gsr",
      "ecg"
    ],
    "split_strategy": "participant_specific",
    "sampling_strategy": "temporal_stratified"
  },
  "sampling_strategy": "temporal_stratified",
  "n_seeds": 10,
  "learning_curve": [
    {
      "aggregated": {
        "train_size": 1,
        "n_participants": 36,
        "n_seeds": 10,
        "test_acc_mean": 0.6536012764493656,
        "test_acc_std": 0.10581582350430813,
        "test_bal_acc_mean": 0.6500866571699905,
        "test_bal_acc_std": 0.10679993078834757,
        "test_f1_mean": 0.628697139275587,
        "test_f1_std": 0.12289803261534246,
        "test_kappa_mean": 0.47597031445675736,
        "test_kappa_std": 0.15935373726102134,
        "confusion_matrix": [
          [
            68.20512820512818,
            12.690527065527068,
            19.10434472934473
          ],
          [
            13.14031339031339,
            62.49216524216527,
            24.367521367521366
          ],
          [
            16.710831606664943,
            18.960464689631355,
            64.32870370370371
          ]
        ]
      },
      "per_participant": [
        {
          "participant": "3208",
          "train_size": 1,
          "n_seeds": 10,
          "n_train_samples_mean": 3.0,
          "n_test_samples_mean": 39.0,
          "test_acc_mean": 0.7102564102564102,
          "test_acc_std": 0.08202456830092358,
          "test_bal_acc_mean": 0.7102564102564102,
          "test_bal_acc_std": 0.0820245683009236,
          "test_f1_mean": 0.6907603985756008,
          "test_f1_std": 0.10424078529789095,
          "test_kappa_mean": 0.5653846153846155,
          "test_kappa_std": 0.12303685245138542,
          "confusion_matrix": [
            [
              80.0,
              19.230769230769234,
              0.7692307692307693
            ],
            [
              10.0,
              84.61538461538461,
              5.384615384615385
            ],
            [
              13.076923076923077,
              38.46153846153846,
              48.46153846153847
            ]
          ]
        },
        {
          "participant": "3209",
          "train_size": 1,
          "n_seeds": 10,
          "n_train_samples_mean": 3.0,
          "n_test_samples_mean": 38.0,
          "test_acc_mean": 0.5263157894736842,
          "test_acc_std": 0.058186399830796494,
          "test_bal_acc_mean": 0.5181623931623931,
          "test_bal_acc_std": 0.05972934642801084,
          "test_f1_mean": 0.47586634311885884,
          "test_f1_std": 0.08530672567685765,
          "test_kappa_mean": 0.2817705030478558,
          "test_kappa_std": 0.0893089419699824,
          "confusion_matrix": [
            [
              100.0,
              0.0,
              0.0
            ],
            [
              65.38461538461539,
              34.61538461538462,
              0.0
            ],
            [
              73.33333333333334,
              5.833333333333332,
              20.833333333333332
            ]
          ]
        },
        {
          "participant": "3214",
          "train_size": 1,
          "n_seeds": 10,
          "n_train_samples_mean": 3.0,
          "n_test_samples_mean": 39.0,
          "test_acc_mean": 0.6487179487179487,
          "test_acc_std": 0.06049688331345773,
          "test_bal_acc_mean": 0.6487179487179487,
          "test_bal_acc_std": 0.06049688331345775,
          "test_f1_mean": 0.6388889741615451,
          "test_f1_std": 0.05945579717798311,
          "test_kappa_mean": 0.473076923076923,
          "test_kappa_std": 0.0907453249701866,
          "confusion_matrix": [
            [
              92.3076923076923,
              1.5384615384615385,
              6.153846153846154
            ],
            [
              0.7692307692307693,
              50.76923076923076,
              48.46153846153847
            ],
            [
              0.0,
              48.46153846153846,
              51.53846153846155
            ]
          ]
        },
        {
          "participant": "3215",
          "train_size": 1,
          "n_seeds": 10,
          "n_train_samples_mean": 3.0,
          "n_test_samples_mean": 39.0,
          "test_acc_mean": 0.3820512820512821,
          "test_acc_std": 0.05727133527436224,
          "test_bal_acc_mean": 0.3820512820512821,
          "test_bal_acc_std": 0.05727133527436225,
          "test_f1_mean": 0.24434938084445457,
          "test_f1_std": 0.07852323404804039,
          "test_kappa_mean": 0.07307692307692307,
          "test_kappa_std": 0.08590700291154335,
          "confusion_matrix": [
            [
              100.0,
              0.0,
              0.0
            ],
            [
              71.53846153846153,
              0.0,
              28.461538461538463
            ],
            [
              85.38461538461539,
              0.0,
              14.615384615384617
            ]
          ]
        },
        {
          "participant": "3216",
          "train_size": 1,
          "n_seeds": 10,
          "n_train_samples_mean": 3.0,
          "n_test_samples_mean": 37.0,
          "test_acc_mean": 0.664864864864865,
          "test_acc_std": 0.04801049583594316,
          "test_bal_acc_mean": 0.6634032634032635,
          "test_bal_acc_std": 0.058043570270174885,
          "test_f1_mean": 0.6645988023855817,
          "test_f1_std": 0.056938324698135624,
          "test_kappa_mean": 0.49772937824410446,
          "test_kappa_std": 0.07743445507531503,
          "confusion_matrix": [
            [
              68.46153846153847,
              13.846153846153845,
              17.692307692307693
            ],
            [
              1.5384615384615385,
              66.92307692307692,
              31.538461538461537
            ],
            [
              0.9090909090909092,
              35.45454545454545,
              63.63636363636365
            ]
          ]
        },
        {
          "participant": "3217",
          "train_size": 1,
          "n_seeds": 10,
          "n_train_samples_mean": 3.0,
          "n_test_samples_mean": 39.0,
          "test_acc_mean": 0.8461538461538461,
          "test_acc_std": 0.059215412224577005,
          "test_bal_acc_mean": 0.8461538461538461,
          "test_bal_acc_std": 0.05921541222457702,
          "test_f1_mean": 0.8426334205513701,
          "test_f1_std": 0.06435065584011307,
          "test_kappa_mean": 0.7692307692307692,
          "test_kappa_std": 0.08882311833686553,
          "confusion_matrix": [
            [
              76.15384615384615,
              19.230769230769226,
              4.615384615384615
            ],
            [
              2.3076923076923075,
              92.3076923076923,
              5.384615384615385
            ],
            [
              0.7692307692307693,
              13.846153846153845,
              85.38461538461539
            ]
          ]
        },
        {
          "participant": "3218",
          "train_size": 1,
          "n_seeds": 10,
          "n_train_samples_mean": 3.0,
          "n_test_samples_mean": 39.0,
          "test_acc_mean": 0.7846153846153846,
          "test_acc_std": 0.08733018649193028,
          "test_bal_acc_mean": 0.7846153846153846,
          "test_bal_acc_std": 0.08733018649193024,
          "test_f1_mean": 0.7528642911010356,
          "test_f1_std": 0.11575678550884876,
          "test_kappa_mean": 0.6769230769230768,
          "test_kappa_std": 0.1309952797378954,
          "confusion_matrix": [
            [
              96.92307692307692,
              0.0,
              3.076923076923077
            ],
            [
              16.923076923076923,
              45.384615384615394,
              37.692307692307686
            ],
            [
              3.846153846153846,
              3.076923076923077,
              93.07692307692307
            ]
          ]
        },
        {
          "participant": "3219",
          "train_size": 1,
          "n_seeds": 10,
          "n_train_samples_mean": 3.0,
          "n_test_samples_mean": 32.0,
          "test_acc_mean": 0.575,
          "test_acc_std": 0.07682953714410738,
          "test_bal_acc_mean": 0.5861111111111111,
          "test_bal_acc_std": 0.06670523575676991,
          "test_f1_mean": 0.5654646191701777,
          "test_f1_std": 0.08616203604492881,
          "test_kappa_mean": 0.3733398001841767,
          "test_kappa_std": 0.1029088038395843,
          "confusion_matrix": [
            [
              62.5,
              5.833333333333332,
              31.666666666666664
            ],
            [
              20.0,
              45.83333333333333,
              34.16666666666666
            ],
            [
              28.75,
              3.75,
              67.5
            ]
          ]
        },
        {
          "participant": "3220",
          "train_size": 1,
          "n_seeds": 10,
          "n_train_samples_mean": 3.0,
          "n_test_samples_mean": 39.0,
          "test_acc_mean": 0.5461538461538462,
          "test_acc_std": 0.08202456830092361,
          "test_bal_acc_mean": 0.5461538461538462,
          "test_bal_acc_std": 0.08202456830092363,
          "test_f1_mean": 0.5318147874999009,
          "test_f1_std": 0.08801601720624622,
          "test_kappa_mean": 0.31923076923076926,
          "test_kappa_std": 0.12303685245138538,
          "confusion_matrix": [
            [
              60.76923076923076,
              33.84615384615384,
              5.384615384615385
            ],
            [
              6.9230769230769225,
              50.00000000000001,
              43.07692307692308
            ],
            [
              33.07692307692308,
              13.846153846153848,
              53.07692307692308
            ]
          ]
        },
        {
          "participant": "3221",
          "train_size": 1,
          "n_seeds": 10,
          "n_train_samples_mean": 3.0,
          "n_test_samples_mean": 39.0,
          "test_acc_mean": 0.6256410256410257,
          "test_acc_std": 0.07272494832882957,
          "test_bal_acc_mean": 0.6256410256410257,
          "test_bal_acc_std": 0.07272494832882953,
          "test_f1_mean": 0.6042538857831664,
          "test_f1_std": 0.0777738845873274,
          "test_kappa_mean": 0.4384615384615384,
          "test_kappa_std": 0.10908742249324435,
          "confusion_matrix": [
            [
              48.46153846153845,
              27.69230769230769,
              23.846153846153843
            ],
            [
              2.3076923076923075,
              89.23076923076923,
              8.461538461538462
            ],
            [
              30.0,
              20.0,
              50.00000000000001
            ]
          ]
        },
        {
          "participant": "3223",
          "train_size": 1,
          "n_seeds": 10,
          "n_train_samples_mean": 3.0,
          "n_test_samples_mean": 39.0,
          "test_acc_mean": 0.4102564102564103,
          "test_acc_std": 0.06163335513613656,
          "test_bal_acc_mean": 0.41025641025641024,
          "test_bal_acc_std": 0.06163335513613657,
          "test_f1_mean": 0.36947898538897783,
          "test_f1_std": 0.07168573807545317,
          "test_kappa_mean": 0.11538461538461538,
          "test_kappa_std": 0.09245003270420489,
          "confusion_matrix": [
            [
              27.69230769230769,
              14.615384615384617,
              57.69230769230769
            ],
            [
              0.0,
              80.00000000000001,
              20.0
            ],
            [
              3.846153846153846,
              80.76923076923076,
              15.384615384615387
            ]
          ]
        },
        {
          "participant": "3224",
          "train_size": 1,
          "n_seeds": 10,
          "n_train_samples_mean": 3.0,
          "n_test_samples_mean": 24.0,
          "test_acc_mean": 0.7,
          "test_acc_std": 0.07027283689263064,
          "test_bal_acc_mean": 0.6611111111111112,
          "test_bal_acc_std": 0.046848557928420444,
          "test_f1_mean": 0.6857032292392244,
          "test_f1_std": 0.0842878310029014,
          "test_kappa_mean": 0.5024270166025895,
          "test_kappa_std": 0.10668951896144524,
          "confusion_matrix": [
            [
              50.0,
              0.0,
              50.0
            ],
            [
              14.166666666666666,
              48.33333333333333,
              37.5
            ],
            [
              0.0,
              0.0,
              100.0
            ]
          ]
        },
        {
          "participant": "3225",
          "train_size": 1,
          "n_seeds": 10,
          "n_train_samples_mean": 3.0,
          "n_test_samples_mean": 39.0,
          "test_acc_mean": 0.6358974358974357,
          "test_acc_std": 0.05896816516465074,
          "test_bal_acc_mean": 0.6358974358974357,
          "test_bal_acc_std": 0.058968165164650706,
          "test_f1_mean": 0.6178387022453788,
          "test_f1_std": 0.07031507004417854,
          "test_kappa_mean": 0.45384615384615384,
          "test_kappa_std": 0.0884522477469761,
          "confusion_matrix": [
            [
              96.92307692307693,
              2.3076923076923075,
              0.7692307692307693
            ],
            [
              5.384615384615385,
              49.23076923076924,
              45.38461538461538
            ],
            [
              0.0,
              55.38461538461538,
              44.61538461538461
            ]
          ]
        },
        {
          "participant": "3226",
          "train_size": 1,
          "n_seeds": 10,
          "n_train_samples_mean": 3.0,
          "n_test_samples_mean": 39.0,
          "test_acc_mean": 0.7102564102564102,
          "test_acc_std": 0.07456009739338251,
          "test_bal_acc_mean": 0.7102564102564103,
          "test_bal_acc_std": 0.07456009739338251,
          "test_f1_mean": 0.6878276825419523,
          "test_f1_std": 0.08675175587575773,
          "test_kappa_mean": 0.5653846153846154,
          "test_kappa_std": 0.11184014609007377,
          "confusion_matrix": [
            [
              83.84615384615385,
              10.0,
              6.153846153846154
            ],
            [
              7.692307692307692,
              55.38461538461538,
              36.92307692307692
            ],
            [
              0.7692307692307693,
              25.384615384615383,
              73.84615384615385
            ]
          ]
        },
        {
          "participant": "3227",
          "train_size": 1,
          "n_seeds": 10,
          "n_train_samples_mean": 3.0,
          "n_test_samples_mean": 39.0,
          "test_acc_mean": 0.7717948717948718,
          "test_acc_std": 0.05191911982388868,
          "test_bal_acc_mean": 0.7717948717948717,
          "test_bal_acc_std": 0.05191911982388871,
          "test_f1_mean": 0.7677482862497726,
          "test_f1_std": 0.05140244938063031,
          "test_kappa_mean": 0.6576923076923078,
          "test_kappa_std": 0.07787867973583304,
          "confusion_matrix": [
            [
              73.07692307692307,
              26.923076923076916,
              0.0
            ],
            [
              6.153846153846154,
              73.07692307692307,
              20.769230769230766
            ],
            [
              0.7692307692307693,
              13.846153846153845,
              85.38461538461539
            ]
          ]
        },
        {
          "participant": "3228",
          "train_size": 1,
          "n_seeds": 10,
          "n_train_samples_mean": 3.0,
          "n_test_samples_mean": 30.0,
          "test_acc_mean": 0.6733333333333333,
          "test_acc_std": 0.11525602204346616,
          "test_bal_acc_mean": 0.5641025641025641,
          "test_bal_acc_std": 0.09698124545222409,
          "test_f1_mean": 0.6225886712477205,
          "test_f1_std": 0.13906924503258383,
          "test_kappa_mean": 0.431630784210689,
          "test_kappa_std": 0.1996601172247894,
          "confusion_matrix": [
            [
              20.0,
              77.5,
              2.5
            ],
            [
              0.0,
              95.38461538461539,
              4.615384615384615
            ],
            [
              0.0,
              46.153846153846146,
              53.84615384615385
            ]
          ]
        },
        {
          "participant": "3229",
          "train_size": 1,
          "n_seeds": 10,
          "n_train_samples_mean": 3.0,
          "n_test_samples_mean": 39.0,
          "test_acc_mean": 0.6076923076923078,
          "test_acc_std": 0.09597799684533193,
          "test_bal_acc_mean": 0.6076923076923078,
          "test_bal_acc_std": 0.09597799684533194,
          "test_f1_mean": 0.5751998024001892,
          "test_f1_std": 0.12370086945639187,
          "test_kappa_mean": 0.4115384615384616,
          "test_kappa_std": 0.14396699526799786,
          "confusion_matrix": [
            [
              37.69230769230769,
              9.23076923076923,
              53.07692307692308
            ],
            [
              20.769230769230766,
              51.538461538461526,
              27.692307692307686
            ],
            [
              3.076923076923077,
              3.846153846153846,
              93.07692307692307
            ]
          ]
        },
        {
          "participant": "3230",
          "train_size": 1,
          "n_seeds": 10,
          "n_train_samples_mean": 3.0,
          "n_test_samples_mean": 39.0,
          "test_acc_mean": 0.558974358974359,
          "test_acc_std": 0.061395846140403346,
          "test_bal_acc_mean": 0.558974358974359,
          "test_bal_acc_std": 0.06139584614040331,
          "test_f1_mean": 0.5385996414484131,
          "test_f1_std": 0.0655946092737043,
          "test_kappa_mean": 0.3384615384615385,
          "test_kappa_std": 0.09209376921060498,
          "confusion_matrix": [
            [
              46.15384615384615,
              0.0,
              53.84615384615385
            ],
            [
              24.615384615384617,
              34.61538461538461,
              40.76923076923077
            ],
            [
              13.076923076923077,
              0.0,
              86.92307692307693
            ]
          ]
        },
        {
          "participant": "3232",
          "train_size": 1,
          "n_seeds": 10,
          "n_train_samples_mean": 3.0,
          "n_test_samples_mean": 39.0,
          "test_acc_mean": 0.7307692307692308,
          "test_acc_std": 0.06537204504606137,
          "test_bal_acc_mean": 0.7307692307692308,
          "test_bal_acc_std": 0.06537204504606137,
          "test_f1_mean": 0.7169228691207774,
          "test_f1_std": 0.07328315075152167,
          "test_kappa_mean": 0.596153846153846,
          "test_kappa_std": 0.09805806756909202,
          "confusion_matrix": [
            [
              56.92307692307693,
              5.384615384615385,
              37.69230769230769
            ],
            [
              26.923076923076923,
              65.38461538461539,
              7.692307692307692
            ],
            [
              3.076923076923077,
              0.0,
              96.92307692307692
            ]
          ]
        },
        {
          "participant": "3233",
          "train_size": 1,
          "n_seeds": 10,
          "n_train_samples_mean": 3.0,
          "n_test_samples_mean": 39.0,
          "test_acc_mean": 0.6512820512820513,
          "test_acc_std": 0.07852091677166395,
          "test_bal_acc_mean": 0.6512820512820513,
          "test_bal_acc_std": 0.07852091677166395,
          "test_f1_mean": 0.6339439367348558,
          "test_f1_std": 0.08927476863198389,
          "test_kappa_mean": 0.4769230769230769,
          "test_kappa_std": 0.11778137515749591,
          "confusion_matrix": [
            [
              37.692307692307686,
              48.46153846153847,
              13.846153846153845
            ],
            [
              0.0,
              90.76923076923076,
              9.23076923076923
            ],
            [
              0.0,
              33.07692307692307,
              66.92307692307693
            ]
          ]
        },
        {
          "participant": "3234",
          "train_size": 1,
          "n_seeds": 10,
          "n_train_samples_mean": 3.0,
          "n_test_samples_mean": 39.0,
          "test_acc_mean": 0.5358974358974359,
          "test_acc_std": 0.04594762412210466,
          "test_bal_acc_mean": 0.5358974358974359,
          "test_bal_acc_std": 0.045947624122104666,
          "test_f1_mean": 0.48996823087061064,
          "test_f1_std": 0.054552274616033174,
          "test_kappa_mean": 0.3038461538461538,
          "test_kappa_std": 0.06892143618315699,
          "confusion_matrix": [
            [
              91.53846153846155,
              0.0,
              8.461538461538462
            ],
            [
              4.615384615384615,
              16.92307692307692,
              78.46153846153845
            ],
            [
              37.692307692307686,
              10.0,
              52.30769230769231
            ]
          ]
        },
        {
          "participant": "3235",
          "train_size": 1,
          "n_seeds": 10,
          "n_train_samples_mean": 3.0,
          "n_test_samples_mean": 38.0,
          "test_acc_mean": 0.8263157894736842,
          "test_acc_std": 0.013589415249850571,
          "test_bal_acc_mean": 0.8267094017094017,
          "test_bal_acc_std": 0.014507901877579398,
          "test_f1_mean": 0.8249578515496708,
          "test_f1_std": 0.012440398128963685,
          "test_kappa_mean": 0.7388978037552247,
          "test_kappa_std": 0.020634513676894447,
          "confusion_matrix": [
            [
              84.16666666666667,
              14.166666666666663,
              1.6666666666666665
            ],
            [
              0.0,
              100.0,
              0.0
            ],
            [
              3.846153846153846,
              32.30769230769231,
              63.846153846153854
            ]
          ]
        },
        {
          "participant": "3236",
          "train_size": 1,
          "n_seeds": 10,
          "n_train_samples_mean": 3.0,
          "n_test_samples_mean": 31.0,
          "test_acc_mean": 0.5709677419354838,
          "test_acc_std": 0.06460567262709592,
          "test_bal_acc_mean": 0.5687179487179488,
          "test_bal_acc_std": 0.0839679974102403,
          "test_f1_mean": 0.5486847076327345,
          "test_f1_std": 0.07426112927250884,
          "test_kappa_mean": 0.317347096341164,
          "test_kappa_std": 0.1175234626980002,
          "confusion_matrix": [
            [
              46.92307692307693,
              13.076923076923077,
              40.0
            ],
            [
              0.0,
              56.0,
              44.0
            ],
            [
              20.769230769230766,
              11.538461538461538,
              67.69230769230771
            ]
          ]
        },
        {
          "participant": "3237",
          "train_size": 1,
          "n_seeds": 10,
          "n_train_samples_mean": 3.0,
          "n_test_samples_mean": 36.0,
          "test_acc_mean": 0.7055555555555556,
          "test_acc_std": 0.04934412072027494,
          "test_bal_acc_mean": 0.7051282051282052,
          "test_bal_acc_std": 0.047893763166228766,
          "test_f1_mean": 0.6860186289815895,
          "test_f1_std": 0.057781179738667886,
          "test_kappa_mean": 0.5514505402164064,
          "test_kappa_std": 0.07500812725160913,
          "confusion_matrix": [
            [
              44.61538461538461,
              3.076923076923077,
              52.30769230769231
            ],
            [
              26.0,
              70.0,
              4.0
            ],
            [
              1.5384615384615385,
              1.5384615384615385,
              96.92307692307693
            ]
          ]
        },
        {
          "participant": "3238",
          "train_size": 1,
          "n_seeds": 10,
          "n_train_samples_mean": 3.0,
          "n_test_samples_mean": 39.0,
          "test_acc_mean": 0.5512820512820512,
          "test_acc_std": 0.048725445517057195,
          "test_bal_acc_mean": 0.5512820512820512,
          "test_bal_acc_std": 0.04872544551705717,
          "test_f1_mean": 0.5264598494328496,
          "test_f1_std": 0.06320037727992615,
          "test_kappa_mean": 0.3269230769230769,
          "test_kappa_std": 0.07308816827558576,
          "confusion_matrix": [
            [
              32.30769230769231,
              10.76923076923077,
              56.92307692307693
            ],
            [
              5.384615384615385,
              42.307692307692314,
              52.30769230769231
            ],
            [
              0.0,
              9.23076923076923,
              90.76923076923076
            ]
          ]
        },
        {
          "participant": "3239",
          "train_size": 1,
          "n_seeds": 10,
          "n_train_samples_mean": 3.0,
          "n_test_samples_mean": 34.0,
          "test_acc_mean": 0.6852941176470588,
          "test_acc_std": 0.08090463151285393,
          "test_bal_acc_mean": 0.701068376068376,
          "test_bal_acc_std": 0.07840371093435769,
          "test_f1_mean": 0.679564815288136,
          "test_f1_std": 0.08817823683334032,
          "test_kappa_mean": 0.5382318143194491,
          "test_kappa_std": 0.11623099660001011,
          "confusion_matrix": [
            [
              76.15384615384616,
              2.3076923076923075,
              21.53846153846154
            ],
            [
              7.499999999999998,
              44.166666666666664,
              48.33333333333333
            ],
            [
              8.88888888888889,
              1.1111111111111112,
              90.00000000000001
            ]
          ]
        },
        {
          "participant": "3240",
          "train_size": 1,
          "n_seeds": 10,
          "n_train_samples_mean": 3.0,
          "n_test_samples_mean": 37.0,
          "test_acc_mean": 0.6216216216216216,
          "test_acc_std": 0.07853871970343555,
          "test_bal_acc_mean": 0.6252136752136751,
          "test_bal_acc_std": 0.07995121319849743,
          "test_f1_mean": 0.608292790557351,
          "test_f1_std": 0.08102020386400305,
          "test_kappa_mean": 0.4360005312434351,
          "test_kappa_std": 0.11694995419647572,
          "confusion_matrix": [
            [
              90.83333333333334,
              0.8333333333333333,
              8.333333333333332
            ],
            [
              26.153846153846153,
              49.230769230769226,
              24.615384615384613
            ],
            [
              51.666666666666664,
              0.8333333333333333,
              47.5
            ]
          ]
        },
        {
          "participant": "3241",
          "train_size": 1,
          "n_seeds": 10,
          "n_train_samples_mean": 3.0,
          "n_test_samples_mean": 39.0,
          "test_acc_mean": 0.6051282051282051,
          "test_acc_std": 0.050129498456804054,
          "test_bal_acc_mean": 0.6051282051282051,
          "test_bal_acc_std": 0.05012949845680406,
          "test_f1_mean": 0.5699303240935532,
          "test_f1_std": 0.06822195737268148,
          "test_kappa_mean": 0.40769230769230774,
          "test_kappa_std": 0.07519424768520605,
          "confusion_matrix": [
            [
              70.76923076923077,
              17.692307692307693,
              11.538461538461538
            ],
            [
              58.46153846153845,
              26.153846153846153,
              15.384615384615383
            ],
            [
              15.384615384615383,
              0.0,
              84.61538461538461
            ]
          ]
        },
        {
          "participant": "3242",
          "train_size": 1,
          "n_seeds": 10,
          "n_train_samples_mean": 3.0,
          "n_test_samples_mean": 39.0,
          "test_acc_mean": 0.7820512820512819,
          "test_acc_std": 0.06864264275302998,
          "test_bal_acc_mean": 0.782051282051282,
          "test_bal_acc_std": 0.06864264275302998,
          "test_f1_mean": 0.7676166521015145,
          "test_f1_std": 0.08340732547254058,
          "test_kappa_mean": 0.6730769230769231,
          "test_kappa_std": 0.10296396412954496,
          "confusion_matrix": [
            [
              87.6923076923077,
              11.538461538461538,
              0.7692307692307693
            ],
            [
              22.307692307692307,
              58.46153846153847,
              19.23076923076923
            ],
            [
              0.7692307692307693,
              10.76923076923077,
              88.46153846153845
            ]
          ]
        },
        {
          "participant": "3243",
          "train_size": 1,
          "n_seeds": 10,
          "n_train_samples_mean": 3.0,
          "n_test_samples_mean": 38.0,
          "test_acc_mean": 0.7657894736842106,
          "test_acc_std": 0.08082561052483819,
          "test_bal_acc_mean": 0.7713675213675213,
          "test_bal_acc_std": 0.07877376958802562,
          "test_f1_mean": 0.750131826628931,
          "test_f1_std": 0.08800376807290614,
          "test_kappa_mean": 0.6490465416876793,
          "test_kappa_std": 0.12076845610586219,
          "confusion_matrix": [
            [
              98.33333333333333,
              1.6666666666666665,
              0.0
            ],
            [
              0.7692307692307693,
              85.38461538461539,
              13.846153846153848
            ],
            [
              11.538461538461538,
              40.76923076923077,
              47.69230769230769
            ]
          ]
        },
        {
          "participant": "3244",
          "train_size": 1,
          "n_seeds": 10,
          "n_train_samples_mean": 3.0,
          "n_test_samples_mean": 39.0,
          "test_acc_mean": 0.6205128205128205,
          "test_acc_std": 0.06257437681272864,
          "test_bal_acc_mean": 0.6205128205128205,
          "test_bal_acc_std": 0.06257437681272861,
          "test_f1_mean": 0.5616135369839632,
          "test_f1_std": 0.05856318617480763,
          "test_kappa_mean": 0.43076923076923074,
          "test_kappa_std": 0.09386156521909296,
          "confusion_matrix": [
            [
              69.99999999999999,
              0.0,
              30.000000000000007
            ],
            [
              0.0,
              100.0,
              0.0
            ],
            [
              54.61538461538462,
              29.230769230769234,
              16.153846153846153
            ]
          ]
        },
        {
          "participant": "3245",
          "train_size": 1,
          "n_seeds": 10,
          "n_train_samples_mean": 3.0,
          "n_test_samples_mean": 37.0,
          "test_acc_mean": 0.7594594594594595,
          "test_acc_std": 0.06036708312703049,
          "test_bal_acc_mean": 0.7545454545454546,
          "test_bal_acc_std": 0.06293274611803547,
          "test_f1_mean": 0.7516006232147613,
          "test_f1_std": 0.06440804673630818,
          "test_kappa_mean": 0.6366295378834821,
          "test_kappa_std": 0.09181305272690996,
          "confusion_matrix": [
            [
              67.69230769230771,
              16.923076923076923,
              15.384615384615383
            ],
            [
              6.9230769230769225,
              92.3076923076923,
              0.7692307692307693
            ],
            [
              17.272727272727273,
              16.363636363636367,
              66.36363636363636
            ]
          ]
        },
        {
          "participant": "3246",
          "train_size": 1,
          "n_seeds": 10,
          "n_train_samples_mean": 3.0,
          "n_test_samples_mean": 39.0,
          "test_acc_mean": 0.6025641025641025,
          "test_acc_std": 0.04054202128421002,
          "test_bal_acc_mean": 0.6025641025641025,
          "test_bal_acc_std": 0.04054202128421002,
          "test_f1_mean": 0.5560775808799754,
          "test_f1_std": 0.05889272405985563,
          "test_kappa_mean": 0.4038461538461539,
          "test_kappa_std": 0.06081303192631499,
          "confusion_matrix": [
            [
              35.38461538461538,
              26.923076923076923,
              37.69230769230769
            ],
            [
              0.7692307692307693,
              99.23076923076923,
              0.0
            ],
            [
              42.30769230769231,
              11.538461538461538,
              46.15384615384616
            ]
          ]
        },
        {
          "participant": "3247",
          "train_size": 1,
          "n_seeds": 10,
          "n_train_samples_mean": 3.0,
          "n_test_samples_mean": 39.0,
          "test_acc_mean": 0.717948717948718,
          "test_acc_std": 0.06163335513613656,
          "test_bal_acc_mean": 0.717948717948718,
          "test_bal_acc_std": 0.06163335513613657,
          "test_f1_mean": 0.6842837408381033,
          "test_f1_std": 0.0859331605682681,
          "test_kappa_mean": 0.576923076923077,
          "test_kappa_std": 0.09245003270420483,
          "confusion_matrix": [
            [
              85.38461538461539,
              13.076923076923077,
              1.5384615384615385
            ],
            [
              3.076923076923077,
              33.84615384615385,
              63.07692307692308
            ],
            [
              2.3076923076923075,
              1.5384615384615385,
              96.15384615384615
            ]
          ]
        },
        {
          "participant": "3248",
          "train_size": 1,
          "n_seeds": 10,
          "n_train_samples_mean": 3.0,
          "n_test_samples_mean": 38.0,
          "test_acc_mean": 0.65,
          "test_acc_std": 0.07948162308824067,
          "test_bal_acc_mean": 0.6523504273504275,
          "test_bal_acc_std": 0.08124686052614184,
          "test_f1_mean": 0.6358523109990696,
          "test_f1_std": 0.08700057502636868,
          "test_kappa_mean": 0.47273766501470327,
          "test_kappa_std": 0.12087846084862049,
          "confusion_matrix": [
            [
              74.16666666666667,
              9.166666666666666,
              16.666666666666664
            ],
            [
              0.0,
              84.61538461538461,
              15.384615384615383
            ],
            [
              0.0,
              63.07692307692308,
              36.92307692307692
            ]
          ]
        },
        {
          "participant": "3250",
          "train_size": 1,
          "n_seeds": 10,
          "n_train_samples_mean": 3.0,
          "n_test_samples_mean": 39.0,
          "test_acc_mean": 0.7692307692307692,
          "test_acc_std": 0.05921541222457699,
          "test_bal_acc_mean": 0.7692307692307692,
          "test_bal_acc_std": 0.05921541222457698,
          "test_f1_mean": 0.7646968340593633,
          "test_f1_std": 0.0623470519801916,
          "test_kappa_mean": 0.6538461538461539,
          "test_kappa_std": 0.0888231183368655,
          "confusion_matrix": [
            [
              83.84615384615384,
              0.0,
              16.153846153846153
            ],
            [
              7.692307692307692,
              87.6923076923077,
              4.615384615384615
            ],
            [
              39.23076923076923,
              1.5384615384615385,
              59.230769230769226
            ]
          ]
        }
      ]
    },
    {
      "aggregated": {
        "train_size": 2,
        "n_participants": 36,
        "n_seeds": 10,
        "test_acc_mean": 0.7038068069018399,
        "test_acc_std": 0.1266217749925908,
        "test_bal_acc_mean": 0.6944166867083533,
        "test_bal_acc_std": 0.12978144511223016,
        "test_f1_mean": 0.6835176846772749,
        "test_f1_std": 0.1478318041605314,
        "test_kappa_mean": 0.5520402488320217,
        "test_kappa_std": 0.18878715723585957,
        "confusion_matrix": [
          [
            71.71296296296299,
            12.08543771043771,
            16.201599326599325
          ],
          [
            10.315656565656568,
            68.16428170594838,
            21.52006172839506
          ],
          [
            14.50504048420715,
            17.04719817219818,
            68.44776134359468
          ]
        ]
      },
      "per_participant": [
        {
          "participant": "3208",
          "train_size": 2,
          "n_seeds": 10,
          "n_train_samples_mean": 6.0,
          "n_test_samples_mean": 36.0,
          "test_acc_mean": 0.8305555555555555,
          "test_acc_std": 0.07796494235192922,
          "test_bal_acc_mean": 0.8305555555555555,
          "test_bal_acc_std": 0.07796494235192922,
          "test_f1_mean": 0.8303417108924356,
          "test_f1_std": 0.07567164718450872,
          "test_kappa_mean": 0.7458333333333333,
          "test_kappa_std": 0.11694741352789381,
          "confusion_matrix": [
            [
              79.16666666666666,
              15.0,
              5.833333333333333
            ],
            [
              9.166666666666666,
              87.5,
              3.333333333333333
            ],
            [
              5.833333333333331,
              11.666666666666666,
              82.49999999999999
            ]
          ]
        },
        {
          "participant": "3209",
          "train_size": 2,
          "n_seeds": 10,
          "n_train_samples_mean": 6.0,
          "n_test_samples_mean": 35.0,
          "test_acc_mean": 0.6914285714285715,
          "test_acc_std": 0.06431216387098719,
          "test_bal_acc_mean": 0.6833333333333333,
          "test_bal_acc_std": 0.06647380531084529,
          "test_f1_mean": 0.6702916297408651,
          "test_f1_std": 0.07952752770025233,
          "test_kappa_mean": 0.5328185213989298,
          "test_kappa_std": 0.09813800426701792,
          "confusion_matrix": [
            [
              100.0,
              0.0,
              0.0
            ],
            [
              35.0,
              64.99999999999999,
              0.0
            ],
            [
              39.09090909090908,
              20.909090909090914,
              39.99999999999999
            ]
          ]
        },
        {
          "participant": "3214",
          "train_size": 2,
          "n_seeds": 10,
          "n_train_samples_mean": 6.0,
          "n_test_samples_mean": 36.0,
          "test_acc_mean": 0.7305555555555555,
          "test_acc_std": 0.054069634520949775,
          "test_bal_acc_mean": 0.7305555555555555,
          "test_bal_acc_std": 0.05406963452094974,
          "test_f1_mean": 0.7205939965133,
          "test_f1_std": 0.0545453478738442,
          "test_kappa_mean": 0.5958333333333332,
          "test_kappa_std": 0.08110445178142459,
          "confusion_matrix": [
            [
              100.0,
              0.0,
