{
  "name": "pose_eye_ecg",
  "config": {
    "n_seeds": 10,
    "feature_selection": "backward",
    "use_pca": false,
    "pca_variance": 0.95,
    "write_cm": true,
    "tune_hyperparameters": false,
    "tune_n_iter": 30,
    "tune_cv_folds": 5,
    "use_pose_derivatives": true,
    "use_time_features": false,
    "class_config": "all",
    "include_order": false,
    "name": "pose_eye_ecg",
    "feature_groups": [
      "pose",
      "eye_tracking",
      "ecg"
    ],
    "split_strategy": "participant_specific",
    "sampling_strategy": "temporal_stratified"
  },
  "sampling_strategy": "temporal_stratified",
  "n_seeds": 10,
  "learning_curve": [
    {
      "aggregated": {
        "train_size": 1,
        "n_participants": 36,
        "n_seeds": 10,
        "test_acc_mean": 0.6223925117413581,
        "test_acc_std": 0.10217342057228777,
        "test_bal_acc_mean": 0.6215245762467985,
        "test_bal_acc_std": 0.1020168740336215,
        "test_f1_mean": 0.5970788452339699,
        "test_f1_std": 0.11850703966200282,
        "test_kappa_mean": 0.4319243731561747,
        "test_kappa_std": 0.1529986469400716,
        "confusion_matrix": [
          [
            66.65954415954417,
            12.996794871794876,
            20.343660968660966
          ],
          [
            15.410256410256409,
            60.99180911680914,
            23.59793447293447
          ],
          [
            19.225610808944136,
            21.968369593369594,
            58.80601959768626
          ]
        ]
      },
      "per_participant": [
        {
          "participant": "3208",
          "train_size": 1,
          "n_seeds": 10,
          "n_train_samples_mean": 3.0,
          "n_test_samples_mean": 39.0,
          "test_acc_mean": 0.7538461538461538,
          "test_acc_std": 0.07663764708191416,
          "test_bal_acc_mean": 0.7538461538461538,
          "test_bal_acc_std": 0.07663764708191416,
          "test_f1_mean": 0.7464764819996155,
          "test_f1_std": 0.08196262357808076,
          "test_kappa_mean": 0.6307692307692307,
          "test_kappa_std": 0.11495647062287123,
          "confusion_matrix": [
            [
              84.61538461538461,
              5.384615384615385,
              10.0
            ],
            [
              12.307692307692308,
              63.07692307692307,
              24.615384615384617
            ],
            [
              12.307692307692308,
              9.23076923076923,
              78.46153846153845
            ]
          ]
        },
        {
          "participant": "3209",
          "train_size": 1,
          "n_seeds": 10,
          "n_train_samples_mean": 3.0,
          "n_test_samples_mean": 38.0,
          "test_acc_mean": 0.5605263157894738,
          "test_acc_std": 0.08949948028550672,
          "test_bal_acc_mean": 0.5512820512820513,
          "test_bal_acc_std": 0.08976619802956212,
          "test_f1_mean": 0.5052941138173266,
          "test_f1_std": 0.11858865579010394,
          "test_kappa_mean": 0.33353080876481933,
          "test_kappa_std": 0.13652866687935591,
          "confusion_matrix": [
            [
              93.84615384615384,
              6.153846153846154,
              0.0
            ],
            [
              48.46153846153847,
              51.53846153846153,
              0.0
            ],
            [
              50.83333333333333,
              29.166666666666668,
              19.999999999999993
            ]
          ]
        },
        {
          "participant": "3214",
          "train_size": 1,
          "n_seeds": 10,
          "n_train_samples_mean": 3.0,
          "n_test_samples_mean": 39.0,
          "test_acc_mean": 0.6307692307692309,
          "test_acc_std": 0.07758499636177928,
          "test_bal_acc_mean": 0.6307692307692306,
          "test_bal_acc_std": 0.07758499636177923,
          "test_f1_mean": 0.6308727471937481,
          "test_f1_std": 0.0735815383844531,
          "test_kappa_mean": 0.4461538461538462,
          "test_kappa_std": 0.11637749454266888,
          "confusion_matrix": [
            [
              73.07692307692308,
              7.692307692307693,
              19.23076923076923
            ],
            [
              3.076923076923077,
              61.53846153846153,
              35.38461538461539
            ],
            [
              0.0,
              45.38461538461539,
              54.615384615384606
            ]
          ]
        },
        {
          "participant": "3215",
          "train_size": 1,
          "n_seeds": 10,
          "n_train_samples_mean": 3.0,
          "n_test_samples_mean": 39.0,
          "test_acc_mean": 0.44102564102564107,
          "test_acc_std": 0.055126548706314865,
          "test_bal_acc_mean": 0.44102564102564096,
          "test_bal_acc_std": 0.055126548706314865,
          "test_f1_mean": 0.3413121988793945,
          "test_f1_std": 0.06181933928384221,
          "test_kappa_mean": 0.16153846153846152,
          "test_kappa_std": 0.08268982305947231,
          "confusion_matrix": [
            [
              88.46153846153847,
              0.0,
              11.538461538461538
            ],
            [
              63.84615384615385,
              0.7692307692307693,
              35.38461538461539
            ],
            [
              56.92307692307693,
              0.0,
              43.07692307692308
            ]
          ]
        },
        {
          "participant": "3216",
          "train_size": 1,
          "n_seeds": 10,
          "n_train_samples_mean": 3.0,
          "n_test_samples_mean": 37.0,
          "test_acc_mean": 0.6,
          "test_acc_std": 0.06595677555936261,
          "test_bal_acc_mean": 0.5986013986013986,
          "test_bal_acc_std": 0.07088870682141467,
          "test_f1_mean": 0.6025947790606107,
          "test_f1_std": 0.06482190830791669,
          "test_kappa_mean": 0.4002058332229662,
          "test_kappa_std": 0.10239760187398111,
          "confusion_matrix": [
            [
              63.07692307692308,
              23.076923076923077,
              13.846153846153848
            ],
            [
              3.846153846153846,
              59.230769230769226,
              36.92307692307693
            ],
            [
              0.0,
              42.727272727272734,
              57.27272727272727
            ]
          ]
        },
        {
          "participant": "3217",
          "train_size": 1,
          "n_seeds": 10,
          "n_train_samples_mean": 3.0,
          "n_test_samples_mean": 39.0,
          "test_acc_mean": 0.7102564102564102,
          "test_acc_std": 0.09971102962796502,
          "test_bal_acc_mean": 0.7102564102564102,
          "test_bal_acc_std": 0.099711029627965,
          "test_f1_mean": 0.7033734698779728,
          "test_f1_std": 0.1058492641349433,
          "test_kappa_mean": 0.5653846153846155,
          "test_kappa_std": 0.14956654444194753,
          "confusion_matrix": [
            [
              65.38461538461539,
              28.461538461538463,
              6.153846153846154
            ],
            [
              20.76923076923077,
              70.00000000000001,
              9.23076923076923
            ],
            [
              2.3076923076923075,
              20.0,
              77.6923076923077
            ]
          ]
        },
        {
          "participant": "3218",
          "train_size": 1,
          "n_seeds": 10,
          "n_train_samples_mean": 3.0,
          "n_test_samples_mean": 39.0,
          "test_acc_mean": 0.7102564102564102,
          "test_acc_std": 0.08022358995047736,
          "test_bal_acc_mean": 0.7102564102564102,
          "test_bal_acc_std": 0.08022358995047733,
          "test_f1_mean": 0.6936251650380715,
          "test_f1_std": 0.08822157839549931,
          "test_kappa_mean": 0.5653846153846154,
          "test_kappa_std": 0.12033538492571604,
          "confusion_matrix": [
            [
              93.07692307692308,
              3.846153846153846,
              3.076923076923077
            ],
            [
              13.846153846153845,
              51.53846153846155,
              34.61538461538462
            ],
            [
              3.8461538461538467,
              27.69230769230769,
              68.46153846153847
            ]
          ]
        },
        {
          "participant": "3219",
          "train_size": 1,
          "n_seeds": 10,
          "n_train_samples_mean": 3.0,
          "n_test_samples_mean": 37.0,
          "test_acc_mean": 0.5108108108108108,
          "test_acc_std": 0.07030491176622222,
          "test_bal_acc_mean": 0.510897435897436,
          "test_bal_acc_std": 0.06916134126724059,
          "test_f1_mean": 0.4877496827343421,
          "test_f1_std": 0.07756716677937411,
          "test_kappa_mean": 0.2675420657274222,
          "test_kappa_std": 0.10314241368975022,
          "confusion_matrix": [
            [
              68.33333333333334,
              19.166666666666664,
              12.499999999999996
            ],
            [
              41.666666666666664,
              34.16666666666667,
              24.166666666666664
            ],
            [
              42.3076923076923,
              6.9230769230769225,
              50.769230769230774
            ]
          ]
        },
        {
          "participant": "3220",
          "train_size": 1,
          "n_seeds": 10,
          "n_train_samples_mean": 3.0,
          "n_test_samples_mean": 39.0,
          "test_acc_mean": 0.5128205128205129,
          "test_acc_std": 0.09669836323918599,
          "test_bal_acc_mean": 0.5128205128205128,
          "test_bal_acc_std": 0.096698363239186,
          "test_f1_mean": 0.44344842303632825,
          "test_f1_std": 0.13129683255961438,
          "test_kappa_mean": 0.2692307692307693,
          "test_kappa_std": 0.145047544858779,
          "confusion_matrix": [
            [
              69.23076923076924,
              28.46153846153846,
              2.3076923076923075
            ],
            [
              26.923076923076927,
              69.23076923076923,
              3.846153846153846
            ],
            [
              49.230769230769226,
              35.38461538461538,
              15.384615384615383
            ]
          ]
        },
        {
          "participant": "3221",
          "train_size": 1,
          "n_seeds": 10,
          "n_train_samples_mean": 3.0,
          "n_test_samples_mean": 39.0,
          "test_acc_mean": 0.6384615384615384,
          "test_acc_std": 0.06332866171912035,
          "test_bal_acc_mean": 0.6384615384615384,
          "test_bal_acc_std": 0.06332866171912034,
          "test_f1_mean": 0.5966519522842264,
          "test_f1_std": 0.07332117484092984,
          "test_kappa_mean": 0.4576923076923077,
          "test_kappa_std": 0.09499299257868052,
          "confusion_matrix": [
            [
              69.23076923076925,
              22.30769230769231,
              8.461538461538462
            ],
            [
              0.7692307692307693,
              93.84615384615384,
              5.384615384615385
            ],
            [
              44.61538461538462,
              26.923076923076923,
              28.461538461538463
            ]
          ]
        },
        {
          "participant": "3223",
          "train_size": 1,
          "n_seeds": 10,
          "n_train_samples_mean": 3.0,
          "n_test_samples_mean": 39.0,
          "test_acc_mean": 0.576923076923077,
          "test_acc_std": 0.07949177452024904,
          "test_bal_acc_mean": 0.576923076923077,
          "test_bal_acc_std": 0.07949177452024903,
          "test_f1_mean": 0.5464803925627042,
          "test_f1_std": 0.08952390457221847,
          "test_kappa_mean": 0.36538461538461536,
          "test_kappa_std": 0.11923766178037357,
          "confusion_matrix": [
            [
              36.153846153846146,
              5.384615384615385,
              58.46153846153845
            ],
            [
              3.076923076923077,
              93.84615384615384,
              3.076923076923077
            ],
            [
              4.615384615384615,
              52.3076923076923,
              43.07692307692308
            ]
          ]
        },
        {
          "participant": "3224",
          "train_size": 1,
          "n_seeds": 10,
          "n_train_samples_mean": 3.0,
          "n_test_samples_mean": 24.0,
          "test_acc_mean": 0.6583333333333333,
          "test_acc_std": 0.07807482956975109,
          "test_bal_acc_mean": 0.6161111111111112,
          "test_bal_acc_std": 0.09024619580535695,
          "test_f1_mean": 0.6630862399326078,
          "test_f1_std": 0.07388111689369233,
          "test_kappa_mean": 0.45758909089043537,
          "test_kappa_std": 0.09850198448348538,
          "confusion_matrix": [
            [
              45.0,
              0.0,
              55.0
            ],
            [
              27.499999999999993,
              45.83333333333333,
              26.666666666666668
            ],
            [
              3.0,
              3.0,
              94.0
            ]
          ]
        },
        {
          "participant": "3225",
          "train_size": 1,
          "n_seeds": 10,
          "n_train_samples_mean": 3.0,
          "n_test_samples_mean": 39.0,
          "test_acc_mean": 0.5435897435897435,
          "test_acc_std": 0.0601942456808855,
          "test_bal_acc_mean": 0.5435897435897437,
          "test_bal_acc_std": 0.060194245680885494,
          "test_f1_mean": 0.5205437416923093,
          "test_f1_std": 0.07419893075667973,
          "test_kappa_mean": 0.31538461538461543,
          "test_kappa_std": 0.09029136852132824,
          "confusion_matrix": [
            [
              89.23076923076924,
              6.9230769230769225,
              3.846153846153846
            ],
            [
              22.307692307692307,
              36.92307692307692,
              40.76923076923077
            ],
            [
              0.0,
              63.07692307692307,
              36.92307692307692
            ]
          ]
        },
        {
          "participant": "3226",
          "train_size": 1,
          "n_seeds": 10,
          "n_train_samples_mean": 3.0,
          "n_test_samples_mean": 39.0,
          "test_acc_mean": 0.4897435897435898,
          "test_acc_std": 0.08585383934254827,
          "test_bal_acc_mean": 0.4897435897435898,
          "test_bal_acc_std": 0.08585383934254827,
          "test_f1_mean": 0.4334958594684869,
          "test_f1_std": 0.0929938389415632,
          "test_kappa_mean": 0.2346153846153846,
          "test_kappa_std": 0.12878075901382238,
          "confusion_matrix": [
            [
              44.61538461538462,
              18.46153846153846,
              36.92307692307692
            ],
            [
              11.538461538461538,
              23.846153846153843,
              64.61538461538461
            ],
            [
              0.7692307692307693,
              20.76923076923077,
              78.46153846153845
            ]
          ]
        },
        {
          "participant": "3227",
          "train_size": 1,
          "n_seeds": 10,
          "n_train_samples_mean": 3.0,
          "n_test_samples_mean": 39.0,
          "test_acc_mean": 0.6051282051282051,
          "test_acc_std": 0.06303962022080609,
          "test_bal_acc_mean": 0.6051282051282051,
          "test_bal_acc_std": 0.06303962022080607,
          "test_f1_mean": 0.5875719947907305,
          "test_f1_std": 0.06778446752391898,
          "test_kappa_mean": 0.4076923076923077,
          "test_kappa_std": 0.09455943033120909,
          "confusion_matrix": [
            [
              57.69230769230769,
              42.30769230769231,
              0.0
            ],
            [
              6.923076923076924,
              56.15384615384615,
              36.92307692307692
            ],
            [
              1.5384615384615385,
              30.769230769230763,
              67.6923076923077
            ]
          ]
        },
        {
          "participant": "3228",
          "train_size": 1,
          "n_seeds": 10,
          "n_train_samples_mean": 3.0,
          "n_test_samples_mean": 39.0,
          "test_acc_mean": 0.5743589743589743,
          "test_acc_std": 0.08215805019280627,
          "test_bal_acc_mean": 0.5743589743589743,
          "test_bal_acc_std": 0.08215805019280623,
          "test_f1_mean": 0.5516075499816856,
          "test_f1_std": 0.09825973310328207,
          "test_kappa_mean": 0.36153846153846153,
          "test_kappa_std": 0.12323707528920938,
          "confusion_matrix": [
            [
              36.92307692307692,
              63.07692307692308,
              0.0
            ],
            [
              1.5384615384615385,
              90.76923076923077,
              7.692307692307692
            ],
            [
              0.0,
              55.38461538461538,
              44.61538461538462
            ]
          ]
        },
        {
          "participant": "3229",
          "train_size": 1,
          "n_seeds": 10,
          "n_train_samples_mean": 3.0,
          "n_test_samples_mean": 39.0,
          "test_acc_mean": 0.5666666666666667,
          "test_acc_std": 0.05727133527436225,
          "test_bal_acc_mean": 0.5666666666666667,
          "test_bal_acc_std": 0.05727133527436224,
          "test_f1_mean": 0.5322791778593698,
          "test_f1_std": 0.07308285557084292,
          "test_kappa_mean": 0.35000000000000003,
          "test_kappa_std": 0.08590700291154335,
          "confusion_matrix": [
            [
              27.692307692307686,
              11.538461538461538,
              60.769230769230774
            ],
            [
              14.615384615384613,
              46.92307692307692,
              38.46153846153846
            ],
            [
              3.846153846153846,
              0.7692307692307693,
              95.38461538461539
            ]
          ]
        },
        {
          "participant": "3230",
          "train_size": 1,
          "n_seeds": 10,
          "n_train_samples_mean": 3.0,
          "n_test_samples_mean": 39.0,
          "test_acc_mean": 0.4999999999999999,
          "test_acc_std": 0.09225227839710641,
          "test_bal_acc_mean": 0.5,
          "test_bal_acc_std": 0.09225227839710644,
          "test_f1_mean": 0.499449353095797,
          "test_f1_std": 0.09174787564373253,
          "test_kappa_mean": 0.24999999999999994,
          "test_kappa_std": 0.1383784175956596,
          "confusion_matrix": [
            [
              30.0,
              2.3076923076923075,
              67.6923076923077
            ],
            [
              22.307692307692307,
              59.23076923076924,
              18.46153846153846
            ],
            [
              39.23076923076924,
              0.0,
              60.76923076923076
            ]
          ]
        },
        {
          "participant": "3232",
          "train_size": 1,
          "n_seeds": 10,
          "n_train_samples_mean": 3.0,
          "n_test_samples_mean": 39.0,
          "test_acc_mean": 0.6128205128205129,
          "test_acc_std": 0.07495097869536327,
          "test_bal_acc_mean": 0.6128205128205129,
          "test_bal_acc_std": 0.07495097869536325,
          "test_f1_mean": 0.5839971850897,
          "test_f1_std": 0.09251285513624642,
          "test_kappa_mean": 0.41923076923076924,
          "test_kappa_std": 0.11242646804304492,
          "confusion_matrix": [
            [
              45.384615384615394,
              13.846153846153845,
              40.76923076923077
            ],
            [
              23.846153846153847,
              46.15384615384616,
              30.0
            ],
            [
              5.384615384615385,
              2.3076923076923075,
              92.3076923076923
            ]
          ]
        },
        {
          "participant": "3233",
          "train_size": 1,
          "n_seeds": 10,
          "n_train_samples_mean": 3.0,
          "n_test_samples_mean": 39.0,
          "test_acc_mean": 0.8153846153846155,
          "test_acc_std": 0.11706593961206108,
          "test_bal_acc_mean": 0.8153846153846154,
          "test_bal_acc_std": 0.11706593961206108,
          "test_f1_mean": 0.8109393423983159,
          "test_f1_std": 0.120389537169062,
          "test_kappa_mean": 0.7230769230769231,
          "test_kappa_std": 0.17559890941809161,
          "confusion_matrix": [
            [
              71.53846153846153,
              8.461538461538462,
              19.999999999999996
            ],
            [
              0.0,
              93.84615384615384,
              6.153846153846154
            ],
            [
              0.0,
              20.76923076923077,
              79.23076923076924
            ]
          ]
        },
        {
          "participant": "3234",
          "train_size": 1,
          "n_seeds": 10,
          "n_train_samples_mean": 3.0,
          "n_test_samples_mean": 39.0,
          "test_acc_mean": 0.4692307692307692,
          "test_acc_std": 0.09521382866074271,
          "test_bal_acc_mean": 0.46923076923076923,
          "test_bal_acc_std": 0.09521382866074271,
          "test_f1_mean": 0.43112964314838476,
          "test_f1_std": 0.09576961489292192,
          "test_kappa_mean": 0.20384615384615387,
          "test_kappa_std": 0.14282074299111408,
          "confusion_matrix": [
            [
              82.3076923076923,
              0.0,
              17.692307692307693
            ],
            [
              6.153846153846154,
              22.30769230769231,
              71.53846153846153
            ],
            [
              56.15384615384615,
              7.692307692307692,
              36.15384615384615
            ]
          ]
        },
        {
          "participant": "3235",
          "train_size": 1,
          "n_seeds": 10,
          "n_train_samples_mean": 3.0,
          "n_test_samples_mean": 38.0,
          "test_acc_mean": 0.8131578947368421,
          "test_acc_std": 0.0695697545926258,
          "test_bal_acc_mean": 0.8147435897435897,
          "test_bal_acc_std": 0.06955338813709235,
          "test_f1_mean": 0.8023243840567368,
          "test_f1_std": 0.08337803785824692,
          "test_kappa_mean": 0.7196314458319619,
          "test_kappa_std": 0.10407249104256484,
          "confusion_matrix": [
            [
              87.5,
              9.166666666666666,
              3.333333333333333
            ],
            [
              0.0,
              100.0,
              0.0
            ],
            [
              12.307692307692308,
              30.769230769230763,
              56.92307692307693
            ]
          ]
        },
        {
          "participant": "3236",
          "train_size": 1,
          "n_seeds": 10,
          "n_train_samples_mean": 3.0,
          "n_test_samples_mean": 31.0,
          "test_acc_mean": 0.5806451612903226,
          "test_acc_std": 0.08996344371334145,
          "test_bal_acc_mean": 0.5969230769230769,
          "test_bal_acc_std": 0.0722897070032951,
          "test_f1_mean": 0.5757768947292063,
          "test_f1_std": 0.10181364905922735,
          "test_kappa_mean": 0.36080241603928503,
          "test_kappa_std": 0.1279885455258644,
          "confusion_matrix": [
            [
              58.46153846153847,
              16.923076923076923,
              24.615384615384613
            ],
            [
              0.0,
              66.0,
              34.0
            ],
            [
              19.230769230769234,
              26.15384615384615,
              54.61538461538462
            ]
          ]
        },
        {
          "participant": "3237",
          "train_size": 1,
          "n_seeds": 10,
          "n_train_samples_mean": 3.0,
          "n_test_samples_mean": 36.0,
          "test_acc_mean": 0.6583333333333334,
          "test_acc_std": 0.08981958750205758,
          "test_bal_acc_mean": 0.6569230769230769,
          "test_bal_acc_std": 0.09318042638923174,
          "test_f1_mean": 0.6450862636320149,
          "test_f1_std": 0.09398576408185831,
          "test_kappa_mean": 0.4784710235808456,
          "test_kappa_std": 0.13979448583309687,
          "confusion_matrix": [
            [
              56.15384615384615,
              4.615384615384615,
              39.23076923076924
            ],
            [
              29.0,
              64.0,
              7.0
            ],
            [
              20.0,
              3.076923076923077,
              76.92307692307693
            ]
          ]
        },
        {
          "participant": "3238",
          "train_size": 1,
          "n_seeds": 10,
          "n_train_samples_mean": 3.0,
          "n_test_samples_mean": 39.0,
          "test_acc_mean": 0.5282051282051282,
          "test_acc_std": 0.036662582204320025,
          "test_bal_acc_mean": 0.5282051282051282,
          "test_bal_acc_std": 0.036662582204320025,
          "test_f1_mean": 0.49452936595567787,
          "test_f1_std": 0.05331087780594183,
          "test_kappa_mean": 0.2923076923076923,
          "test_kappa_std": 0.05499387330648004,
          "confusion_matrix": [
            [
              29.230769230769226,
              26.923076923076923,
              43.84615384615384
            ],
            [
              7.692307692307692,
              38.46153846153846,
              53.84615384615385
            ],
            [
              0.0,
              9.23076923076923,
              90.76923076923075
            ]
          ]
        },
        {
          "participant": "3239",
          "train_size": 1,
          "n_seeds": 10,
          "n_train_samples_mean": 3.0,
          "n_test_samples_mean": 34.0,
          "test_acc_mean": 0.7176470588235294,
          "test_acc_std": 0.09321462214905654,
          "test_bal_acc_mean": 0.7175925925925926,
          "test_bal_acc_std": 0.10194685731674594,
          "test_f1_mean": 0.7089596801211083,
          "test_f1_std": 0.09811522790343566,
          "test_kappa_mean": 0.5724326758814964,
          "test_kappa_std": 0.14331034555393996,
          "confusion_matrix": [
            [
              69.99999999999999,
              10.76923076923077,
              19.230769230769234
            ],
            [
              15.833333333333334,
              74.16666666666666,
              9.999999999999998
            ],
            [
              22.22222222222222,
              6.666666666666666,
              71.11111111111111
            ]
          ]
        },
        {
          "participant": "3240",
          "train_size": 1,
          "n_seeds": 10,
          "n_train_samples_mean": 3.0,
          "n_test_samples_mean": 37.0,
          "test_acc_mean": 0.7081081081081082,
          "test_acc_std": 0.06717604281912522,
          "test_bal_acc_mean": 0.7096153846153846,
          "test_bal_acc_std": 0.06573923596849311,
          "test_f1_mean": 0.707498596097268,
          "test_f1_std": 0.06976726080834969,
          "test_kappa_mean": 0.5641490647343145,
          "test_kappa_std": 0.09963036752638271,
          "confusion_matrix": [
            [
              79.99999999999999,
              0.0,
              20.0
            ],
            [
              13.846153846153848,
              65.38461538461539,
              20.769230769230766
            ],
            [
              32.50000000000001,
              0.0,
              67.5
            ]
          ]
        },
        {
          "participant": "3241",
          "train_size": 1,
          "n_seeds": 10,
          "n_train_samples_mean": 3.0,
          "n_test_samples_mean": 39.0,
          "test_acc_mean": 0.5358974358974359,
          "test_acc_std": 0.07094531955366541,
          "test_bal_acc_mean": 0.5358974358974359,
          "test_bal_acc_std": 0.0709453195536654,
          "test_f1_mean": 0.5101034123419949,
          "test_f1_std": 0.07708699932770793,
          "test_kappa_mean": 0.3038461538461538,
          "test_kappa_std": 0.10641797933049811,
          "confusion_matrix": [
            [
              66.92307692307693,
              3.076923076923077,
              30.0
            ],
            [
              59.230769230769226,
              26.153846153846153,
              14.615384615384617
            ],
            [
              32.30769230769231,
              0.0,
              67.6923076923077
            ]
          ]
        },
        {
          "participant": "3242",
          "train_size": 1,
          "n_seeds": 10,
          "n_train_samples_mean": 3.0,
          "n_test_samples_mean": 39.0,
          "test_acc_mean": 0.7692307692307692,
          "test_acc_std": 0.06280742930213275,
          "test_bal_acc_mean": 0.7692307692307692,
          "test_bal_acc_std": 0.06280742930213275,
          "test_f1_mean": 0.753812166883941,
          "test_f1_std": 0.0762042908343551,
          "test_kappa_mean": 0.6538461538461539,
          "test_kappa_std": 0.09421114395319917,
          "confusion_matrix": [
            [
              100.0,
              0.0,
              0.0
            ],
            [
              29.230769230769234,
              67.6923076923077,
              3.076923076923077
            ],
            [
              5.384615384615385,
              31.53846153846154,
              63.07692307692308
            ]
          ]
        },
        {
          "participant": "3243",
          "train_size": 1,
          "n_seeds": 10,
          "n_train_samples_mean": 3.0,
          "n_test_samples_mean": 38.0,
          "test_acc_mean": 0.7631578947368421,
          "test_acc_std": 0.08413739514583717,
          "test_bal_acc_mean": 0.7683760683760683,
          "test_bal_acc_std": 0.08251171659306902,
          "test_f1_mean": 0.7519881571388638,
          "test_f1_std": 0.0940386673266699,
          "test_kappa_mean": 0.6449404298035821,
          "test_kappa_std": 0.12608880364468217,
          "confusion_matrix": [
            [
              96.66666666666666,
              2.4999999999999996,
              0.8333333333333333
            ],
            [
              5.384615384615385,
              75.38461538461539,
              19.23076923076923
            ],
            [
              6.9230769230769225,
              34.61538461538462,
              58.46153846153847
            ]
          ]
        },
        {
          "participant": "3244",
          "train_size": 1,
          "n_seeds": 10,
          "n_train_samples_mean": 3.0,
          "n_test_samples_mean": 39.0,
          "test_acc_mean": 0.6,
          "test_acc_std": 0.08304244650592219,
          "test_bal_acc_mean": 0.6,
          "test_bal_acc_std": 0.0830424465059222,
          "test_f1_mean": 0.5629587251387081,
          "test_f1_std": 0.09131145585501266,
          "test_kappa_mean": 0.4,
          "test_kappa_std": 0.12456366975888328,
          "confusion_matrix": [
            [
              53.07692307692308,
              0.0,
              46.92307692307693
            ],
            [
              0.0,
              99.23076923076923,
              0.7692307692307693
            ],
            [
              43.846153846153854,
              28.46153846153846,
              27.69230769230769
            ]
          ]
        },
        {
          "participant": "3245",
          "train_size": 1,
          "n_seeds": 10,
          "n_train_samples_mean": 3.0,
          "n_test_samples_mean": 37.0,
          "test_acc_mean": 0.7891891891891891,
          "test_acc_std": 0.0707078085417967,
          "test_bal_acc_mean": 0.7827505827505827,
          "test_bal_acc_std": 0.075762954802759,
          "test_f1_mean": 0.7791105122633917,
          "test_f1_std": 0.08269890927379686,
          "test_kappa_mean": 0.6812884008166123,
          "test_kappa_std": 0.10882407401503681,
          "confusion_matrix": [
            [
              72.30769230769229,
              10.76923076923077,
              16.923076923076923
            ],
            [
              3.846153846153846,
              96.15384615384616,
              0.0
            ],
            [
              18.181818181818183,
              15.454545454545453,
              66.36363636363637
            ]
          ]
        },
        {
          "participant": "3246",
          "train_size": 1,
          "n_seeds": 10,
          "n_train_samples_mean": 3.0,
          "n_test_samples_mean": 39.0,
          "test_acc_mean": 0.5051282051282051,
          "test_acc_std": 0.06401703696093677,
          "test_bal_acc_mean": 0.5051282051282052,
          "test_bal_acc_std": 0.06401703696093677,
          "test_f1_mean": 0.4162590212417143,
          "test_f1_std": 0.0702053117110838,
          "test_kappa_mean": 0.2576923076923077,
          "test_kappa_std": 0.09602555544140516,
          "confusion_matrix": [
            [
              48.46153846153846,
              44.61538461538462,
              6.9230769230769225
            ],
            [
              1.5384615384615385,
              98.46153846153847,
              0.0
            ],
            [
              47.69230769230769,
              47.6923076923077,
              4.615384615384615
            ]
          ]
        },
        {
          "participant": "3247",
          "train_size": 1,
          "n_seeds": 10,
          "n_train_samples_mean": 3.0,
          "n_test_samples_mean": 39.0,
          "test_acc_mean": 0.6743589743589744,
          "test_acc_std": 0.05675882979789396,
          "test_bal_acc_mean": 0.6743589743589744,
          "test_bal_acc_std": 0.056758829797894,
          "test_f1_mean": 0.6417611482011921,
          "test_f1_std": 0.07866315341689514,
          "test_kappa_mean": 0.5115384615384615,
          "test_kappa_std": 0.08513824469684095,
          "confusion_matrix": [
            [
              80.76923076923077,
              19.23076923076923,
              0.0
            ],
            [
              0.7692307692307693,
              33.84615384615385,
              65.38461538461539
            ],
            [
              0.0,
              12.307692307692308,
              87.6923076923077
            ]
          ]
        },
        {
          "participant": "3248",
          "train_size": 1,
          "n_seeds": 10,
          "n_train_samples_mean": 3.0,
          "n_test_samples_mean": 38.0,
          "test_acc_mean": 0.6026315789473685,
          "test_acc_std": 0.06956975459262578,
          "test_bal_acc_mean": 0.6074786324786324,
          "test_bal_acc_std": 0.07030784042613,
          "test_f1_mean": 0.5764216737579456,
          "test_f1_std": 0.06653846056091367,
          "test_kappa_mean": 0.4033095629439319,
          "test_kappa_std": 0.10541348865266947,
          "confusion_matrix": [
            [
              79.16666666666666,
              1.6666666666666665,
              19.166666666666664
            ],
            [
              7.692307692307692,
              37.69230769230769,
              54.615384615384606
            ],
            [
              10.76923076923077,
              23.846153846153847,
              65.38461538461539
            ]
          ]
        },
        {
          "participant": "3250",
          "train_size": 1,
          "n_seeds": 10,
          "n_train_samples_mean": 3.0,
          "n_test_samples_mean": 39.0,
          "test_acc_mean": 0.6794871794871795,
          "test_acc_std": 0.07176434027242164,
          "test_bal_acc_mean": 0.6794871794871795,
          "test_bal_acc_std": 0.07176434027242161,
          "test_f1_mean": 0.6562689329214229,
          "test_f1_std": 0.08147965332090541,
          "test_kappa_mean": 0.5192307692307693,
          "test_kappa_std": 0.10764651040863245,
          "confusion_matrix": [
            [
              86.15384615384615,
              0.7692307692307693,
              13.076923076923077
            ],
            [
              5.384615384615385,
              82.30769230769232,
              12.307692307692308
            ],
            [
              43.84615384615385,
              20.769230769230766,
              35.38461538461538
            ]
          ]
        }
      ]
    },
    {
      "aggregated": {
        "train_size": 2,
        "n_participants": 36,
        "n_seeds": 10,
        "test_acc_mean": 0.6752514383618116,
        "test_acc_std": 0.12542905356680298,
        "test_bal_acc_mean": 0.6720606528245416,
        "test_bal_acc_std": 0.12851841469475975,
        "test_f1_mean": 0.6535013129730185,
        "test_f1_std": 0.14937583275967437,
        "test_kappa_mean": 0.5107163558246398,
        "test_kappa_std": 0.18849313152519928,
        "confusion_matrix": [
          [
            69.42340067340066,
            13.44276094276094,
            17.13383838383838
          ],
          [
            10.030864197530864,
            67.93630751964085,
            22.032828282828277
          ],
          [
            15.902707631874298,
            19.838804713804716,
            64.25848765432099
          ]
        ]
      },
      "per_participant": [
        {
          "participant": "3208",
          "train_size": 2,
          "n_seeds": 10,
          "n_train_samples_mean": 6.0,
          "n_test_samples_mean": 36.0,
          "test_acc_mean": 0.7361111111111112,
          "test_acc_std": 0.030003429159295665,
          "test_bal_acc_mean": 0.7361111111111112,
          "test_bal_acc_std": 0.030003429159295644,
          "test_f1_mean": 0.728725715884952,
          "test_f1_std": 0.032138822561157805,
          "test_kappa_mean": 0.6041666666666666,
          "test_kappa_std": 0.04500514373894352,
          "confusion_matrix": [
            [
              79.16666666666666,
              11.666666666666666,
              9.166666666666663
            ],
            [
              16.666666666666664,
              60.0,
              23.333333333333332
            ],
            [
              4.999999999999999,
              13.333333333333332,
              81.66666666666666
            ]
          ]
        },
        {
          "participant": "3209",
          "train_size": 2,
          "n_seeds": 10,
          "n_train_samples_mean": 6.0,
          "n_test_samples_mean": 35.0,
          "test_acc_mean": 0.6171428571428571,
          "test_acc_std": 0.0715237461162613,
          "test_bal_acc_mean": 0.6063131313131314,
          "test_bal_acc_std": 0.0728632481509492,
          "test_f1_mean": 0.566507610179179,
          "test_f1_std": 0.10154720144457229,
          "test_kappa_mean": 0.41903647539349753,
          "test_kappa_std": 0.10955680772198836,
          "confusion_matrix": [
            [
              100.0,
              0.0,
              0.0
            ],
            [
              40.83333333333333,
              59.166666666666664,
              0.0
            ],
            [
              51.81818181818183,
              25.454545454545453,
              22.727272727272727
            ]
          ]
        },
        {
          "participant": "3214",
          "train_size": 2,
          "n_seeds": 10,
          "n_train_samples_mean": 6.0,
          "n_test_samples_mean": 36.0,
          "test_acc_mean": 0.6305555555555555,
          "test_acc_std": 0.06007825258336419,
          "test_bal_acc_mean": 0.6305555555555555,
          "test_bal_acc_std": 0.06007825258336419,
          "test_f1_mean": 0.626842426943245,
          "test_f1_std": 0.054120771813073884,
          "test_kappa_mean": 0.4458333333333333,
