{
  "name": "pose_gsr_ecg",
  "config": {
    "n_seeds": 10,
    "feature_selection": "backward",
    "use_pca": false,
    "pca_variance": 0.95,
    "write_cm": true,
    "tune_hyperparameters": false,
    "tune_n_iter": 30,
    "tune_cv_folds": 5,
    "use_pose_derivatives": true,
    "use_time_features": false,
    "class_config": "all",
    "include_order": false,
    "name": "pose_gsr_ecg",
    "feature_groups": [
      "pose",
      "gsr",
      "ecg"
    ],
    "split_strategy": "participant_specific",
    "sampling_strategy": "temporal_stratified"
  },
  "sampling_strategy": "temporal_stratified",
  "n_seeds": 10,
  "learning_curve": [
    {
      "aggregated": {
        "train_size": 1,
        "n_participants": 37,
        "n_seeds": 10,
        "test_acc_mean": 0.6167490696902461,
        "test_acc_std": 0.1072367011631096,
        "test_bal_acc_mean": 0.6151218526218526,
        "test_bal_acc_std": 0.10905713423127548,
        "test_f1_mean": 0.5864887024148907,
        "test_f1_std": 0.1257912498616453,
        "test_kappa_mean": 0.42169289276641764,
        "test_kappa_std": 0.16441399835566678,
        "confusion_matrix": [
          [
            65.21829521829522,
            16.00831600831601,
            18.773388773388778
          ],
          [
            16.673596673596666,
            60.43659043659045,
            22.88981288981289
          ],
          [
            17.4436936936937,
            23.674636174636174,
            58.88167013167012
          ]
        ]
      },
      "per_participant": [
        {
          "participant": "3208",
          "train_size": 1,
          "n_seeds": 10,
          "n_train_samples_mean": 3.0,
          "n_test_samples_mean": 39.0,
          "test_acc_mean": 0.7846153846153845,
          "test_acc_std": 0.05296387481993048,
          "test_bal_acc_mean": 0.7846153846153847,
          "test_bal_acc_std": 0.05296387481993049,
          "test_f1_mean": 0.7774998615596956,
          "test_f1_std": 0.05913625663202256,
          "test_kappa_mean": 0.676923076923077,
          "test_kappa_std": 0.07944581222989573,
          "confusion_matrix": [
            [
              77.6923076923077,
              8.461538461538463,
              13.846153846153845
            ],
            [
              20.76923076923077,
              66.92307692307693,
              12.307692307692308
            ],
            [
              2.3076923076923075,
              6.9230769230769225,
              90.76923076923076
            ]
          ]
        },
        {
          "participant": "3209",
          "train_size": 1,
          "n_seeds": 10,
          "n_train_samples_mean": 3.0,
          "n_test_samples_mean": 39.0,
          "test_acc_mean": 0.5,
          "test_acc_std": 0.06309753444544189,
          "test_bal_acc_mean": 0.5,
          "test_bal_acc_std": 0.0630975344454419,
          "test_f1_mean": 0.4426207144803227,
          "test_f1_std": 0.08595009037551649,
          "test_kappa_mean": 0.25,
          "test_kappa_std": 0.0946463016681628,
          "confusion_matrix": [
            [
              94.61538461538461,
              3.846153846153846,
              1.5384615384615385
            ],
            [
              56.92307692307693,
              17.692307692307693,
              25.38461538461538
            ],
            [
              56.92307692307693,
              5.384615384615385,
              37.69230769230769
            ]
          ]
        },
        {
          "participant": "3210",
          "train_size": 1,
          "n_seeds": 10,
          "n_train_samples_mean": 3.0,
          "n_test_samples_mean": 39.0,
          "test_acc_mean": 0.8487179487179487,
          "test_acc_std": 0.0947523695857476,
          "test_bal_acc_mean": 0.8487179487179487,
          "test_bal_acc_std": 0.09475236958574762,
          "test_f1_mean": 0.8456771722517284,
          "test_f1_std": 0.09469921036325345,
          "test_kappa_mean": 0.7730769230769231,
          "test_kappa_std": 0.1421285543786214,
          "confusion_matrix": [
            [
              73.07692307692308,
              22.30769230769231,
              4.615384615384615
            ],
            [
              0.0,
              99.23076923076924,
              0.7692307692307693
            ],
            [
              0.0,
              17.692307692307693,
              82.3076923076923
            ]
          ]
        },
        {
          "participant": "3214",
          "train_size": 1,
          "n_seeds": 10,
          "n_train_samples_mean": 3.0,
          "n_test_samples_mean": 39.0,
          "test_acc_mean": 0.6564102564102565,
          "test_acc_std": 0.059461631216841324,
          "test_bal_acc_mean": 0.6564102564102564,
          "test_bal_acc_std": 0.05946163121684131,
          "test_f1_mean": 0.6453746423396365,
          "test_f1_std": 0.05631796195721413,
          "test_kappa_mean": 0.48461538461538456,
          "test_kappa_std": 0.08919244682526195,
          "confusion_matrix": [
            [
              93.84615384615384,
              2.3076923076923075,
              3.8461538461538467
            ],
            [
              0.0,
              41.53846153846153,
              58.46153846153847
            ],
            [
              0.0,
              38.46153846153846,
              61.53846153846153
            ]
          ]
        },
        {
          "participant": "3215",
          "train_size": 1,
          "n_seeds": 10,
          "n_train_samples_mean": 3.0,
          "n_test_samples_mean": 39.0,
          "test_acc_mean": 0.5282051282051281,
          "test_acc_std": 0.08564085504188274,
          "test_bal_acc_mean": 0.5282051282051283,
          "test_bal_acc_std": 0.08564085504188272,
          "test_f1_mean": 0.417908181028732,
          "test_f1_std": 0.08099794655087321,
          "test_kappa_mean": 0.2923076923076923,
          "test_kappa_std": 0.1284612825628241,
          "confusion_matrix": [
            [
              85.38461538461539,
              0.0,
              14.615384615384617
            ],
            [
              51.53846153846153,
              0.0,
              48.46153846153847
            ],
            [
              26.923076923076923,
              0.0,
              73.07692307692308
            ]
          ]
        },
        {
          "participant": "3216",
          "train_size": 1,
          "n_seeds": 10,
          "n_train_samples_mean": 3.0,
          "n_test_samples_mean": 39.0,
          "test_acc_mean": 0.5564102564102564,
          "test_acc_std": 0.06625999125919423,
          "test_bal_acc_mean": 0.5564102564102564,
          "test_bal_acc_std": 0.06625999125919418,
          "test_f1_mean": 0.5391703297327763,
          "test_f1_std": 0.06583847030684223,
          "test_kappa_mean": 0.33461538461538465,
          "test_kappa_std": 0.09938998688879132,
          "confusion_matrix": [
            [
              65.38461538461539,
              30.0,
              4.615384615384615
            ],
            [
              13.846153846153845,
              70.76923076923077,
              15.384615384615383
            ],
            [
              13.846153846153845,
              55.384615384615394,
              30.769230769230766
            ]
          ]
        },
        {
          "participant": "3217",
          "train_size": 1,
          "n_seeds": 10,
          "n_train_samples_mean": 3.0,
          "n_test_samples_mean": 39.0,
          "test_acc_mean": 0.6384615384615384,
          "test_acc_std": 0.09552022954494709,
          "test_bal_acc_mean": 0.6384615384615385,
          "test_bal_acc_std": 0.0955202295449471,
          "test_f1_mean": 0.6253512245114219,
          "test_f1_std": 0.11277987794745647,
          "test_kappa_mean": 0.4576923076923077,
          "test_kappa_std": 0.14328034431742062,
          "confusion_matrix": [
            [
              52.30769230769232,
              45.38461538461539,
              2.3076923076923075
            ],
            [
              8.461538461538462,
              86.15384615384616,
              5.384615384615385
            ],
            [
              1.5384615384615385,
              45.38461538461538,
              53.07692307692307
            ]
          ]
        },
        {
          "participant": "3218",
          "train_size": 1,
          "n_seeds": 10,
          "n_train_samples_mean": 3.0,
          "n_test_samples_mean": 39.0,
          "test_acc_mean": 0.7435897435897436,
          "test_acc_std": 0.08017804717646887,
          "test_bal_acc_mean": 0.7435897435897436,
          "test_bal_acc_std": 0.08017804717646891,
          "test_f1_mean": 0.732164504638624,
          "test_f1_std": 0.08784027709166274,
          "test_kappa_mean": 0.6153846153846154,
          "test_kappa_std": 0.12026707076470335,
          "confusion_matrix": [
            [
              99.23076923076923,
              0.7692307692307693,
              0.0
            ],
            [
              30.769230769230766,
              63.846153846153854,
              5.384615384615385
            ],
            [
              14.615384615384617,
              25.384615384615383,
              60.0
            ]
          ]
        },
        {
          "participant": "3219",
          "train_size": 1,
          "n_seeds": 10,
          "n_train_samples_mean": 3.0,
          "n_test_samples_mean": 34.0,
          "test_acc_mean": 0.6323529411764707,
          "test_acc_std": 0.10939173335500685,
          "test_bal_acc_mean": 0.6073717948717949,
          "test_bal_acc_std": 0.09172181215365184,
          "test_f1_mean": 0.6097965662215199,
          "test_f1_std": 0.11355420674367922,
          "test_kappa_mean": 0.425478483824992,
          "test_kappa_std": 0.16734902356162187,
          "confusion_matrix": [
            [
              75.38461538461539,
              21.53846153846154,
              3.076923076923077
            ],
            [
              29.230769230769234,
              63.07692307692306,
              7.692307692307692
            ],
            [
              48.75,
              7.5,
              43.75
            ]
          ]
        },
        {
          "participant": "3220",
          "train_size": 1,
          "n_seeds": 10,
          "n_train_samples_mean": 3.0,
          "n_test_samples_mean": 39.0,
          "test_acc_mean": 0.5435897435897437,
          "test_acc_std": 0.07431475254456123,
          "test_bal_acc_mean": 0.5435897435897437,
          "test_bal_acc_std": 0.07431475254456124,
          "test_f1_mean": 0.4840152822702996,
          "test_f1_std": 0.08674214004461958,
          "test_kappa_mean": 0.3153846153846154,
          "test_kappa_std": 0.11147212881684185,
          "confusion_matrix": [
            [
              93.84615384615384,
              6.153846153846154,
              0.0
            ],
            [
              46.92307692307692,
              52.30769230769231,
              0.7692307692307693
            ],
            [
              66.15384615384616,
              16.923076923076923,
              16.923076923076923
            ]
          ]
        },
        {
          "participant": "3221",
          "train_size": 1,
          "n_seeds": 10,
          "n_train_samples_mean": 3.0,
          "n_test_samples_mean": 39.0,
          "test_acc_mean": 0.6589743589743591,
          "test_acc_std": 0.049910431865492065,
          "test_bal_acc_mean": 0.6589743589743591,
          "test_bal_acc_std": 0.04991043186549209,
          "test_f1_mean": 0.6430146503122971,
          "test_f1_std": 0.051897473486008046,
          "test_kappa_mean": 0.4884615384615385,
          "test_kappa_std": 0.07486564779823811,
          "confusion_matrix": [
            [
              75.38461538461539,
              20.0,
              4.615384615384615
            ],
            [
              13.076923076923077,
              80.0,
              6.9230769230769225
            ],
            [
              36.153846153846146,
              21.538461538461537,
              42.30769230769231
            ]
          ]
        },
        {
          "participant": "3223",
          "train_size": 1,
          "n_seeds": 10,
          "n_train_samples_mean": 3.0,
          "n_test_samples_mean": 39.0,
          "test_acc_mean": 0.4435897435897436,
          "test_acc_std": 0.06625999125919418,
          "test_bal_acc_mean": 0.4435897435897436,
          "test_bal_acc_std": 0.06625999125919421,
          "test_f1_mean": 0.4094873555838274,
          "test_f1_std": 0.07725608161823662,
          "test_kappa_mean": 0.16538461538461538,
          "test_kappa_std": 0.09938998688879133,
          "confusion_matrix": [
            [
              34.61538461538462,
              10.0,
              55.38461538461538
            ],
            [
              0.7692307692307693,
              83.07692307692307,
              16.153846153846153
            ],
            [
              2.3076923076923075,
              82.3076923076923,
              15.384615384615383
            ]
          ]
        },
        {
          "participant": "3224",
          "train_size": 1,
          "n_seeds": 10,
          "n_train_samples_mean": 3.0,
          "n_test_samples_mean": 39.0,
          "test_acc_mean": 0.6897435897435897,
          "test_acc_std": 0.06447187065178156,
          "test_bal_acc_mean": 0.6897435897435897,
          "test_bal_acc_std": 0.06447187065178157,
          "test_f1_mean": 0.6795822647300557,
          "test_f1_std": 0.06525164636740204,
          "test_kappa_mean": 0.5346153846153846,
          "test_kappa_std": 0.09670780597767235,
          "confusion_matrix": [
            [
              80.76923076923077,
              15.384615384615387,
              3.846153846153846
            ],
            [
              34.61538461538461,
              53.84615384615385,
              11.538461538461538
            ],
            [
              4.615384615384615,
              23.076923076923077,
              72.3076923076923
            ]
          ]
        },
        {
          "participant": "3225",
          "train_size": 1,
          "n_seeds": 10,
          "n_train_samples_mean": 3.0,
          "n_test_samples_mean": 39.0,
          "test_acc_mean": 0.6205128205128205,
          "test_acc_std": 0.05378506913693085,
          "test_bal_acc_mean": 0.6205128205128205,
          "test_bal_acc_std": 0.05378506913693084,
          "test_f1_mean": 0.6025144179612842,
          "test_f1_std": 0.051901120810853865,
          "test_kappa_mean": 0.43076923076923085,
          "test_kappa_std": 0.08067760370539627,
          "confusion_matrix": [
            [
              94.61538461538461,
              5.384615384615385,
              0.0
            ],
            [
              10.76923076923077,
              34.61538461538461,
              54.61538461538462
            ],
            [
              0.0,
              43.07692307692308,
              56.92307692307693
            ]
          ]
        },
        {
          "participant": "3226",
          "train_size": 1,
          "n_seeds": 10,
          "n_train_samples_mean": 3.0,
          "n_test_samples_mean": 39.0,
          "test_acc_mean": 0.576923076923077,
          "test_acc_std": 0.09304077374819333,
          "test_bal_acc_mean": 0.576923076923077,
          "test_bal_acc_std": 0.09304077374819338,
          "test_f1_mean": 0.5294323358636731,
          "test_f1_std": 0.10814452769014637,
          "test_kappa_mean": 0.36538461538461536,
          "test_kappa_std": 0.13956116062229001,
          "confusion_matrix": [
            [
              50.769230769230774,
              14.615384615384617,
              34.61538461538461
            ],
            [
              1.5384615384615385,
              25.384615384615383,
              73.07692307692308
            ],
            [
              0.0,
              3.076923076923077,
              96.92307692307693
            ]
          ]
        },
        {
          "participant": "3227",
          "train_size": 1,
          "n_seeds": 10,
          "n_train_samples_mean": 3.0,
          "n_test_samples_mean": 39.0,
          "test_acc_mean": 0.6076923076923078,
          "test_acc_std": 0.09209376921060498,
          "test_bal_acc_mean": 0.6076923076923076,
          "test_bal_acc_std": 0.09209376921060496,
          "test_f1_mean": 0.5701936546123869,
          "test_f1_std": 0.08767049460676356,
          "test_kappa_mean": 0.4115384615384615,
          "test_kappa_std": 0.13814065381590748,
          "confusion_matrix": [
            [
              69.99999999999999,
              27.69230769230769,
              2.3076923076923075
            ],
            [
              10.0,
              32.30769230769231,
              57.69230769230769
            ],
            [
              2.3076923076923075,
              17.692307692307686,
              79.99999999999999
            ]
          ]
        },
        {
          "participant": "3228",
          "train_size": 1,
          "n_seeds": 10,
          "n_train_samples_mean": 3.0,
          "n_test_samples_mean": 30.0,
          "test_acc_mean": 0.5233333333333332,
          "test_acc_std": 0.04172218523448574,
          "test_bal_acc_mean": 0.4717948717948718,
          "test_bal_acc_std": 0.07372259368494982,
          "test_f1_mean": 0.44724263708266576,
          "test_f1_std": 0.08164446156218853,
          "test_kappa_mean": 0.17700075844063087,
          "test_kappa_std": 0.07807839138977016,
          "confusion_matrix": [
            [
              30.0,
              70.0,
              0.0
            ],
            [
              0.7692307692307693,
              93.07692307692307,
              6.153846153846154
            ],
            [
              0.0,
              81.53846153846153,
              18.46153846153846
            ]
          ]
        },
        {
          "participant": "3229",
          "train_size": 1,
          "n_seeds": 10,
          "n_train_samples_mean": 3.0,
          "n_test_samples_mean": 39.0,
          "test_acc_mean": 0.5564102564102564,
          "test_acc_std": 0.059277062852648575,
          "test_bal_acc_mean": 0.5564102564102564,
          "test_bal_acc_std": 0.05927706285264853,
          "test_f1_mean": 0.5205489294537337,
          "test_f1_std": 0.06700993094571933,
          "test_kappa_mean": 0.3346153846153846,
          "test_kappa_std": 0.08891559427897285,
          "confusion_matrix": [
            [
              40.76923076923077,
              10.76923076923077,
              48.46153846153847
            ],
            [
              33.84615384615385,
              34.61538461538462,
              31.53846153846154
            ],
            [
              4.615384615384615,
              3.846153846153846,
              91.53846153846152
            ]
          ]
        },
        {
          "participant": "3230",
          "train_size": 1,
          "n_seeds": 10,
          "n_train_samples_mean": 3.0,
          "n_test_samples_mean": 39.0,
          "test_acc_mean": 0.5666666666666667,
          "test_acc_std": 0.07687557887784227,
          "test_bal_acc_mean": 0.5666666666666667,
          "test_bal_acc_std": 0.07687557887784226,
          "test_f1_mean": 0.5046435296635521,
          "test_f1_std": 0.10639594022508632,
          "test_kappa_mean": 0.35,
          "test_kappa_std": 0.11531336831676339,
          "confusion_matrix": [
            [
              12.307692307692308,
              3.076923076923077,
              84.61538461538461
            ],
            [
              8.461538461538463,
              70.0,
              21.53846153846154
            ],
            [
              3.076923076923077,
              9.23076923076923,
              87.6923076923077
            ]
          ]
        },
        {
          "participant": "3232",
          "train_size": 1,
          "n_seeds": 10,
          "n_train_samples_mean": 3.0,
          "n_test_samples_mean": 39.0,
          "test_acc_mean": 0.5333333333333332,
          "test_acc_std": 0.06708176707811482,
          "test_bal_acc_mean": 0.5333333333333332,
          "test_bal_acc_std": 0.06708176707811483,
          "test_f1_mean": 0.4769548008647444,
          "test_f1_std": 0.07848785897427454,
          "test_kappa_mean": 0.3,
          "test_kappa_std": 0.10062265061717224,
          "confusion_matrix": [
            [
              26.153846153846153,
              4.615384615384615,
              69.23076923076924
            ],
            [
              13.846153846153845,
              34.61538461538462,
              51.53846153846153
            ],
            [
              0.7692307692307693,
              0.0,
              99.23076923076924
            ]
          ]
        },
        {
          "participant": "3233",
          "train_size": 1,
          "n_seeds": 10,
          "n_train_samples_mean": 3.0,
          "n_test_samples_mean": 39.0,
          "test_acc_mean": 0.7384615384615385,
          "test_acc_std": 0.06598379167732916,
          "test_bal_acc_mean": 0.7384615384615385,
          "test_bal_acc_std": 0.06598379167732919,
          "test_f1_mean": 0.7300472827012047,
          "test_f1_std": 0.07336891678733949,
          "test_kappa_mean": 0.6076923076923078,
          "test_kappa_std": 0.09897568751599377,
          "confusion_matrix": [
            [
              55.38461538461538,
              32.30769230769231,
              12.307692307692308
            ],
            [
              6.9230769230769225,
              80.76923076923076,
              12.307692307692308
            ],
            [
              0.0,
              14.615384615384617,
              85.38461538461539
            ]
          ]
        },
        {
          "participant": "3234",
          "train_size": 1,
          "n_seeds": 10,
          "n_train_samples_mean": 3.0,
          "n_test_samples_mean": 39.0,
          "test_acc_mean": 0.41794871794871796,
          "test_acc_std": 0.07257411868497018,
          "test_bal_acc_mean": 0.41794871794871796,
          "test_bal_acc_std": 0.07257411868497021,
          "test_f1_mean": 0.35767227071582536,
          "test_f1_std": 0.08876531074203502,
          "test_kappa_mean": 0.12692307692307686,
          "test_kappa_std": 0.10886117802745528,
          "confusion_matrix": [
            [
              83.07692307692307,
              0.0,
              16.92307692307692
            ],
            [
              56.92307692307693,
              15.384615384615383,
              27.69230769230769
            ],
            [
              69.23076923076924,
              3.846153846153846,
              26.923076923076923
            ]
          ]
        },
        {
          "participant": "3235",
          "train_size": 1,
          "n_seeds": 10,
          "n_train_samples_mean": 3.0,
          "n_test_samples_mean": 39.0,
          "test_acc_mean": 0.8076923076923077,
          "test_acc_std": 0.06424485631783294,
          "test_bal_acc_mean": 0.8076923076923077,
          "test_bal_acc_std": 0.06424485631783294,
          "test_f1_mean": 0.803369803118627,
          "test_f1_std": 0.06619880136178012,
          "test_kappa_mean": 0.7115384615384615,
          "test_kappa_std": 0.09636728447674942,
          "confusion_matrix": [
            [
              96.92307692307692,
              1.5384615384615385,
              1.5384615384615385
            ],
            [
              19.23076923076923,
              80.76923076923076,
              0.0
            ],
            [
              10.0,
              25.384615384615383,
              64.61538461538461
            ]
          ]
        },
        {
          "participant": "3236",
          "train_size": 1,
          "n_seeds": 10,
          "n_train_samples_mean": 3.0,
          "n_test_samples_mean": 39.0,
          "test_acc_mean": 0.5076923076923077,
          "test_acc_std": 0.07529133519844528,
          "test_bal_acc_mean": 0.5076923076923077,
          "test_bal_acc_std": 0.07529133519844528,
          "test_f1_mean": 0.47838795730174305,
          "test_f1_std": 0.08389649103007783,
          "test_kappa_mean": 0.26153846153846155,
          "test_kappa_std": 0.1129370027976679,
          "confusion_matrix": [
            [
              40.0,
              33.84615384615384,
              26.153846153846153
            ],
            [
              0.0,
              67.6923076923077,
              32.30769230769231
            ],
            [
              22.307692307692307,
              33.07692307692307,
              44.61538461538461
            ]
          ]
        },
        {
          "participant": "3237",
          "train_size": 1,
          "n_seeds": 10,
          "n_train_samples_mean": 3.0,
          "n_test_samples_mean": 39.0,
          "test_acc_mean": 0.5743589743589743,
          "test_acc_std": 0.09221267664452087,
          "test_bal_acc_mean": 0.5743589743589743,
          "test_bal_acc_std": 0.09221267664452087,
          "test_f1_mean": 0.5631526255974488,
          "test_f1_std": 0.08178851228903695,
          "test_kappa_mean": 0.3615384615384615,
          "test_kappa_std": 0.13831901496678128,
          "confusion_matrix": [
            [
              36.15384615384615,
              4.615384615384615,
              59.230769230769226
            ],
            [
              30.0,
              69.23076923076924,
              0.7692307692307693
            ],
            [
              21.53846153846154,
              11.538461538461538,
              66.92307692307692
            ]
          ]
        },
        {
          "participant": "3238",
          "train_size": 1,
          "n_seeds": 10,
          "n_train_samples_mean": 3.0,
          "n_test_samples_mean": 39.0,
          "test_acc_mean": 0.45384615384615384,
          "test_acc_std": 0.04530720779726006,
          "test_bal_acc_mean": 0.4538461538461539,
          "test_bal_acc_std": 0.04530720779726005,
          "test_f1_mean": 0.41505512975909176,
          "test_f1_std": 0.04862352742977132,
          "test_kappa_mean": 0.18076923076923074,
          "test_kappa_std": 0.0679608116958901,
          "confusion_matrix": [
            [
              22.307692307692307,
              31.53846153846154,
              46.153846153846146
            ],
            [
              8.461538461538462,
              32.30769230769231,
              59.23076923076924
            ],
            [
              0.0,
              18.46153846153846,
              81.53846153846153
            ]
          ]
        },
        {
          "participant": "3239",
          "train_size": 1,
          "n_seeds": 10,
          "n_train_samples_mean": 3.0,
          "n_test_samples_mean": 35.0,
          "test_acc_mean": 0.6742857142857143,
          "test_acc_std": 0.06053428031265032,
          "test_bal_acc_mean": 0.6905982905982906,
          "test_bal_acc_std": 0.07045740145709234,
          "test_f1_mean": 0.668414169667456,
          "test_f1_std": 0.05795035333003789,
          "test_kappa_mean": 0.5155424054764465,
          "test_kappa_std": 0.0933910437417644,
          "confusion_matrix": [
            [
              68.46153846153847,
              2.3076923076923075,
              29.230769230769234
            ],
            [
              26.15384615384615,
              55.38461538461538,
              18.46153846153846
            ],
            [
              16.666666666666668,
              0.0,
              83.33333333333334
            ]
          ]
        },
        {
          "participant": "3240",
          "train_size": 1,
          "n_seeds": 10,
          "n_train_samples_mean": 3.0,
          "n_test_samples_mean": 39.0,
          "test_acc_mean": 0.6666666666666667,
          "test_acc_std": 0.06280742930213278,
          "test_bal_acc_mean": 0.6666666666666667,
          "test_bal_acc_std": 0.06280742930213276,
          "test_f1_mean": 0.6557447871722066,
          "test_f1_std": 0.07421762634918637,
          "test_kappa_mean": 0.5,
          "test_kappa_std": 0.09421114395319914,
          "confusion_matrix": [
            [
              59.23076923076921,
              10.76923076923077,
              30.0
            ],
            [
              3.076923076923077,
              79.23076923076921,
              17.69230769230769
            ],
            [
              36.15384615384615,
              2.3076923076923075,
              61.53846153846155
            ]
          ]
        },
        {
          "participant": "3241",
          "train_size": 1,
          "n_seeds": 10,
          "n_train_samples_mean": 3.0,
          "n_test_samples_mean": 39.0,
          "test_acc_mean": 0.5384615384615385,
          "test_acc_std": 0.07352414758156094,
          "test_bal_acc_mean": 0.5384615384615385,
          "test_bal_acc_std": 0.0735241475815609,
          "test_f1_mean": 0.521773753241859,
          "test_f1_std": 0.08089492338344753,
          "test_kappa_mean": 0.30769230769230776,
          "test_kappa_std": 0.11028622137234137,
          "confusion_matrix": [
            [
              42.30769230769231,
              36.15384615384615,
              21.53846153846154
            ],
            [
              42.30769230769231,
              44.61538461538462,
              13.076923076923077
            ],
            [
              19.999999999999996,
              5.384615384615385,
              74.61538461538461
            ]
          ]
        },
        {
          "participant": "3242",
          "train_size": 1,
          "n_seeds": 10,
          "n_train_samples_mean": 3.0,
          "n_test_samples_mean": 39.0,
          "test_acc_mean": 0.7435897435897436,
          "test_acc_std": 0.0904530362757125,
          "test_bal_acc_mean": 0.7435897435897436,
          "test_bal_acc_std": 0.09045303627571251,
          "test_f1_mean": 0.7306189915954222,
          "test_f1_std": 0.10218840308512454,
          "test_kappa_mean": 0.6153846153846154,
          "test_kappa_std": 0.13567955441356874,
          "confusion_matrix": [
            [
              96.92307692307693,
              3.076923076923077,
              0.0
            ],
            [
              24.61538461538462,
              74.61538461538461,
              0.7692307692307693
            ],
            [
              27.692307692307686,
              20.769230769230766,
              51.53846153846153
            ]
          ]
        },
        {
          "participant": "3243",
          "train_size": 1,
          "n_seeds": 10,
          "n_train_samples_mean": 3.0,
          "n_test_samples_mean": 39.0,
          "test_acc_mean": 0.6743589743589744,
          "test_acc_std": 0.08551280983439837,
          "test_bal_acc_mean": 0.6743589743589743,
          "test_bal_acc_std": 0.08551280983439834,
          "test_f1_mean": 0.6738072018256082,
          "test_f1_std": 0.07933775380005628,
          "test_kappa_mean": 0.5115384615384616,
          "test_kappa_std": 0.12826921475159753,
          "confusion_matrix": [
            [
              85.38461538461539,
              3.076923076923077,
              11.538461538461538
            ],
            [
              0.7692307692307693,
              60.0,
              39.230769230769226
            ],
            [
              7.692307692307692,
              35.38461538461538,
              56.92307692307693
            ]
          ]
        },
        {
          "participant": "3244",
          "train_size": 1,
          "n_seeds": 10,
          "n_train_samples_mean": 3.0,
          "n_test_samples_mean": 39.0,
          "test_acc_mean": 0.6333333333333333,
          "test_acc_std": 0.07553350801807078,
          "test_bal_acc_mean": 0.6333333333333333,
          "test_bal_acc_std": 0.07553350801807077,
          "test_f1_mean": 0.5923286893074697,
          "test_f1_std": 0.09303416311913791,
          "test_kappa_mean": 0.45,
          "test_kappa_std": 0.11330026202710614,
          "confusion_matrix": [
            [
              73.84615384615384,
              0.0,
              26.153846153846153
            ],
            [
              3.846153846153846,
              92.3076923076923,
              3.846153846153846
            ],
            [
              50.00000000000001,
              26.153846153846153,
              23.846153846153843
            ]
          ]
        },
        {
          "participant": "3245",
          "train_size": 1,
          "n_seeds": 10,
          "n_train_samples_mean": 3.0,
          "n_test_samples_mean": 39.0,
          "test_acc_mean": 0.7923076923076924,
          "test_acc_std": 0.06778591473127642,
          "test_bal_acc_mean": 0.7923076923076924,
          "test_bal_acc_std": 0.06778591473127643,
          "test_f1_mean": 0.7826307377559585,
          "test_f1_std": 0.0738452121632934,
          "test_kappa_mean": 0.6884615384615385,
          "test_kappa_std": 0.10167887209691462,
          "confusion_matrix": [
            [
              65.38461538461539,
              26.923076923076923,
              7.692307692307692
            ],
            [
              0.7692307692307693,
              99.23076923076923,
              0.0
            ],
            [
              11.538461538461538,
              15.384615384615383,
              73.07692307692308
            ]
          ]
        },
        {
          "participant": "3246",
          "train_size": 1,
          "n_seeds": 10,
          "n_train_samples_mean": 3.0,
          "n_test_samples_mean": 39.0,
          "test_acc_mean": 0.46153846153846156,
          "test_acc_std": 0.045226518137856234,
          "test_bal_acc_mean": 0.46153846153846156,
          "test_bal_acc_std": 0.045226518137856254,
          "test_f1_mean": 0.38812336455213414,
          "test_f1_std": 0.0680021388674403,
          "test_kappa_mean": 0.1923076923076923,
          "test_kappa_std": 0.06783977720678439,
          "confusion_matrix": [
            [
              26.15384615384615,
              52.30769230769231,
              21.53846153846154
            ],
            [
              3.846153846153846,
              96.15384615384615,
              0.0
            ],
            [
              15.384615384615383,
              68.46153846153847,
              16.153846153846153
            ]
          ]
        },
        {
          "participant": "3247",
          "train_size": 1,
          "n_seeds": 10,
          "n_train_samples_mean": 3.0,
          "n_test_samples_mean": 39.0,
          "test_acc_mean": 0.6153846153846154,
          "test_acc_std": 0.0920540992672565,
          "test_bal_acc_mean": 0.6153846153846154,
          "test_bal_acc_std": 0.09205409926725651,
          "test_f1_mean": 0.5827760274070062,
          "test_f1_std": 0.09388995387645901,
          "test_kappa_mean": 0.4230769230769231,
          "test_kappa_std": 0.1380811489008847,
          "confusion_matrix": [
            [
              65.38461538461539,
              30.0,
              4.615384615384615
            ],
            [
              0.0,
              26.923076923076923,
              73.07692307692307
            ],
            [
              0.0,
              7.692307692307692,
              92.3076923076923
            ]
          ]
        },
        {
          "participant": "3248",
          "train_size": 1,
          "n_seeds": 10,
          "n_train_samples_mean": 3.0,
          "n_test_samples_mean": 39.0,
          "test_acc_mean": 0.6871794871794872,
          "test_acc_std": 0.04954316836304083,
          "test_bal_acc_mean": 0.6871794871794872,
          "test_bal_acc_std": 0.049543168363040825,
          "test_f1_mean": 0.6508938758918474,
          "test_f1_std": 0.08336015332080274,
          "test_kappa_mean": 0.5307692307692308,
          "test_kappa_std": 0.07431475254456124,
          "confusion_matrix": [
            [
              93.84615384615384,
              1.5384615384615385,
              4.615384615384615
            ],
            [
              1.5384615384615385,
              78.46153846153845,
              20.0
            ],
            [
              7.692307692307692,
              58.46153846153847,
              33.84615384615385
            ]
          ]
        },
        {
          "participant": "3250",
          "train_size": 1,
          "n_seeds": 10,
          "n_train_samples_mean": 3.0,
          "n_test_samples_mean": 39.0,
          "test_acc_mean": 0.6230769230769231,
          "test_acc_std": 0.036362474164414786,
          "test_bal_acc_mean": 0.623076923076923,
          "test_bal_acc_std": 0.03636247416441479,
          "test_f1_mean": 0.6020922665770703,
          "test_f1_std": 0.029923912003582544,
          "test_kappa_mean": 0.43461538461538457,
          "test_kappa_std": 0.054543711246622176,
          "confusion_matrix": [
            [
              76.15384615384615,
              0.0,
              23.846153846153847
            ],
            [
              2.3076923076923075,
              79.99999999999999,
              17.69230769230769
            ],
            [
              44.61538461538461,
              24.615384615384617,
              30.769230769230766
            ]
          ]
        }
      ]
    },
    {
      "aggregated": {
        "train_size": 2,
        "n_participants": 37,
        "n_seeds": 10,
        "test_acc_mean": 0.6801671631308727,
        "test_acc_std": 0.12421368429646835,
        "test_bal_acc_mean": 0.6776383526383526,
        "test_bal_acc_std": 0.12417391771006532,
        "test_f1_mean": 0.6589362399302647,
        "test_f1_std": 0.14555307762671374,
        "test_kappa_mean": 0.517626402000127,
        "test_kappa_std": 0.18660266752466897,
        "confusion_matrix": [
          [
            69.5045045045045,
            14.819819819819822,
            15.675675675675675
          ],
          [
            12.97297297297297,
            68.37837837837837,
            18.648648648648653
          ],
          [
            14.95817245817246,
            19.63320463320463,
            65.40862290862292
          ]
        ]
      },
      "per_participant": [
        {
          "participant": "3208",
          "train_size": 2,
          "n_seeds": 10,
          "n_train_samples_mean": 6.0,
          "n_test_samples_mean": 36.0,
          "test_acc_mean": 0.8638888888888889,
          "test_acc_std": 0.05147015596180477,
          "test_bal_acc_mean": 0.8638888888888889,
          "test_bal_acc_std": 0.0514701559618048,
          "test_f1_mean": 0.8616229125847739,
          "test_f1_std": 0.05360975643165401,
          "test_kappa_mean": 0.7958333333333333,
          "test_kappa_std": 0.0772052339427072,
          "confusion_matrix": [
            [
              84.16666666666666,
              8.333333333333332,
              7.499999999999997
            ],
            [
              13.333333333333332,
              77.50000000000001,
              9.166666666666664
            ],
            [
              0.0,
              2.4999999999999996,
              97.49999999999999
            ]
          ]
        },
        {
          "participant": "3209",
          "train_size": 2,
          "n_seeds": 10,
          "n_train_samples_mean": 6.0,
          "n_test_samples_mean": 36.0,
          "test_acc_mean": 0.6416666666666667,
          "test_acc_std": 0.07459308911526973,
          "test_bal_acc_mean": 0.6416666666666666,
          "test_bal_acc_std": 0.07459308911526974,
          "test_f1_mean": 0.617713021661736,
