{
  "name": "pose_perf",
  "config": {
    "n_seeds": 10,
    "feature_selection": "backward",
    "use_pca": false,
    "pca_variance": 0.95,
    "write_cm": true,
    "tune_hyperparameters": false,
    "tune_n_iter": 30,
    "tune_cv_folds": 5,
    "use_pose_derivatives": true,
    "use_time_features": false,
    "class_config": "all",
    "include_order": false,
    "name": "pose_perf",
    "feature_groups": [
      "pose",
      "performance"
    ],
    "split_strategy": "participant_specific",
    "sampling_strategy": "temporal_stratified"
  },
  "sampling_strategy": "temporal_stratified",
  "n_seeds": 10,
  "learning_curve": [
    {
      "aggregated": {
        "train_size": 1,
        "n_participants": 43,
        "n_seeds": 10,
        "test_acc_mean": 0.5723042848624245,
        "test_acc_std": 0.12012453474558829,
        "test_bal_acc_mean": 0.5725965679454053,
        "test_bal_acc_std": 0.12018033509664705,
        "test_f1_mean": 0.5385824551744152,
        "test_f1_std": 0.13553158000909063,
        "test_kappa_mean": 0.3587874610490308,
        "test_kappa_std": 0.18024576362170147,
        "confusion_matrix": [
          [
            58.46153846153845,
            20.55456171735241,
            20.983899821109127
          ],
          [
            16.76207513416816,
            55.68872987477638,
            27.549194991055447
          ],
          [
            20.950109322202348,
            21.421188630490956,
            57.62870204730669
          ]
        ]
      },
      "per_participant": [
        {
          "participant": "3105",
          "train_size": 1,
          "n_seeds": 10,
          "n_train_samples_mean": 3.0,
          "n_test_samples_mean": 39.0,
          "test_acc_mean": 0.6487179487179489,
          "test_acc_std": 0.036362474164414765,
          "test_bal_acc_mean": 0.6487179487179489,
          "test_bal_acc_std": 0.036362474164414765,
          "test_f1_mean": 0.550031643160459,
          "test_f1_std": 0.05458276376560773,
          "test_kappa_mean": 0.47307692307692306,
          "test_kappa_std": 0.054543711246622155,
          "confusion_matrix": [
            [
              97.6923076923077,
              2.3076923076923075,
              0.0
            ],
            [
              3.076923076923077,
              3.076923076923077,
              93.84615384615384
            ],
            [
              6.153846153846154,
              0.0,
              93.84615384615384
            ]
          ]
        },
        {
          "participant": "3206",
          "train_size": 1,
          "n_seeds": 10,
          "n_train_samples_mean": 3.0,
          "n_test_samples_mean": 39.0,
          "test_acc_mean": 0.34102564102564104,
          "test_acc_std": 0.0580316075103178,
          "test_bal_acc_mean": 0.34102564102564104,
          "test_bal_acc_std": 0.0580316075103178,
          "test_f1_mean": 0.24867543433946931,
          "test_f1_std": 0.07487473860129792,
          "test_kappa_mean": 0.011538461538461475,
          "test_kappa_std": 0.08704741126547672,
          "confusion_matrix": [
            [
              83.84615384615385,
              13.076923076923077,
              3.076923076923077
            ],
            [
              87.69230769230768,
              6.9230769230769225,
              5.384615384615385
            ],
            [
              81.53846153846153,
              6.9230769230769225,
              11.53846153846154
            ]
          ]
        },
        {
          "participant": "3207",
          "train_size": 1,
          "n_seeds": 10,
          "n_train_samples_mean": 3.0,
          "n_test_samples_mean": 39.0,
          "test_acc_mean": 0.5384615384615384,
          "test_acc_std": 0.08882311833686551,
          "test_bal_acc_mean": 0.5384615384615384,
          "test_bal_acc_std": 0.0888231183368655,
          "test_f1_mean": 0.5048535070226786,
          "test_f1_std": 0.09717616425851532,
          "test_kappa_mean": 0.30769230769230776,
          "test_kappa_std": 0.13323467750529824,
          "confusion_matrix": [
            [
              26.153846153846153,
              62.30769230769231,
              11.538461538461538
            ],
            [
              8.461538461538462,
              73.84615384615384,
              17.69230769230769
            ],
            [
              11.538461538461538,
              26.923076923076923,
              61.53846153846153
            ]
          ]
        },
        {
          "participant": "3208",
          "train_size": 1,
          "n_seeds": 10,
          "n_train_samples_mean": 3.0,
          "n_test_samples_mean": 39.0,
          "test_acc_mean": 0.5717948717948718,
          "test_acc_std": 0.07649453277013486,
          "test_bal_acc_mean": 0.5717948717948718,
          "test_bal_acc_std": 0.07649453277013488,
          "test_f1_mean": 0.5490514793592649,
          "test_f1_std": 0.09040441340781978,
          "test_kappa_mean": 0.3576923076923077,
          "test_kappa_std": 0.11474179915520229,
          "confusion_matrix": [
            [
              75.38461538461539,
              8.461538461538462,
              16.153846153846153
            ],
            [
              33.07692307692308,
              38.46153846153846,
              28.461538461538463
            ],
            [
              32.30769230769231,
              10.0,
              57.69230769230769
            ]
          ]
        },
        {
          "participant": "3209",
          "train_size": 1,
          "n_seeds": 10,
          "n_train_samples_mean": 3.0,
          "n_test_samples_mean": 39.0,
          "test_acc_mean": 0.5,
          "test_acc_std": 0.06969874542863287,
          "test_bal_acc_mean": 0.5,
          "test_bal_acc_std": 0.06969874542863287,
          "test_f1_mean": 0.4656570948770134,
          "test_f1_std": 0.09908842661188491,
          "test_kappa_mean": 0.25,
          "test_kappa_std": 0.1045481181429493,
          "confusion_matrix": [
            [
              60.769230769230774,
              39.23076923076923,
              0.0
            ],
            [
              36.15384615384615,
              60.0,
              3.846153846153846
            ],
            [
              25.384615384615383,
              45.38461538461539,
              29.230769230769234
            ]
          ]
        },
        {
          "participant": "3210",
          "train_size": 1,
          "n_seeds": 10,
          "n_train_samples_mean": 3.0,
          "n_test_samples_mean": 39.0,
          "test_acc_mean": 0.8666666666666666,
          "test_acc_std": 0.11261312199658532,
          "test_bal_acc_mean": 0.8666666666666666,
          "test_bal_acc_std": 0.11261312199658531,
          "test_f1_mean": 0.8601855908082839,
          "test_f1_std": 0.1220415816393317,
          "test_kappa_mean": 0.8,
          "test_kappa_std": 0.168919682994878,
          "confusion_matrix": [
            [
              80.76923076923076,
              7.692307692307693,
              11.538461538461538
            ],
            [
              0.0,
              99.23076923076924,
              0.7692307692307693
            ],
            [
              0.0,
              19.999999999999996,
              79.99999999999999
            ]
          ]
        },
        {
          "participant": "3214",
          "train_size": 1,
          "n_seeds": 10,
          "n_train_samples_mean": 3.0,
          "n_test_samples_mean": 39.0,
          "test_acc_mean": 0.5692307692307692,
          "test_acc_std": 0.03585671275795393,
          "test_bal_acc_mean": 0.5692307692307692,
          "test_bal_acc_std": 0.03585671275795391,
          "test_f1_mean": 0.5715501805413992,
          "test_f1_std": 0.03495589903492045,
          "test_kappa_mean": 0.3538461538461538,
          "test_kappa_std": 0.053785069136930805,
          "confusion_matrix": [
            [
              56.92307692307693,
              27.69230769230769,
              15.384615384615383
            ],
            [
              0.0,
              64.61538461538461,
              35.38461538461538
            ],
            [
              2.3076923076923075,
              48.46153846153847,
              49.23076923076923
            ]
          ]
        },
        {
          "participant": "3215",
          "train_size": 1,
          "n_seeds": 10,
          "n_train_samples_mean": 3.0,
          "n_test_samples_mean": 39.0,
          "test_acc_mean": 0.49230769230769234,
          "test_acc_std": 0.048046048966000655,
          "test_bal_acc_mean": 0.49230769230769234,
          "test_bal_acc_std": 0.04804604896600067,
          "test_f1_mean": 0.4000161747440928,
          "test_f1_std": 0.043744169561847984,
          "test_kappa_mean": 0.23846153846153845,
          "test_kappa_std": 0.07206907344900101,
          "confusion_matrix": [
            [
              76.92307692307693,
              0.0,
              23.076923076923077
            ],
            [
              51.53846153846153,
              2.3076923076923075,
              46.15384615384615
            ],
            [
              31.538461538461537,
              0.0,
              68.46153846153847
            ]
          ]
        },
        {
          "participant": "3216",
          "train_size": 1,
          "n_seeds": 10,
          "n_train_samples_mean": 3.0,
          "n_test_samples_mean": 39.0,
          "test_acc_mean": 0.5179487179487179,
          "test_acc_std": 0.04954316836304083,
          "test_bal_acc_mean": 0.5179487179487179,
          "test_bal_acc_std": 0.0495431683630408,
          "test_f1_mean": 0.49132486778479956,
          "test_f1_std": 0.05026423979083374,
          "test_kappa_mean": 0.27692307692307694,
          "test_kappa_std": 0.07431475254456124,
          "confusion_matrix": [
            [
              72.30769230769232,
              17.69230769230769,
              10.0
            ],
            [
              14.615384615384613,
              43.07692307692308,
              42.30769230769231
            ],
            [
              33.84615384615385,
              26.153846153846153,
              40.0
            ]
          ]
        },
        {
          "participant": "3217",
          "train_size": 1,
          "n_seeds": 10,
          "n_train_samples_mean": 3.0,
          "n_test_samples_mean": 39.0,
          "test_acc_mean": 0.5948717948717948,
          "test_acc_std": 0.06257437681272865,
          "test_bal_acc_mean": 0.5948717948717949,
          "test_bal_acc_std": 0.06257437681272868,
          "test_f1_mean": 0.5828219304889086,
          "test_f1_std": 0.07987461003732328,
          "test_kappa_mean": 0.3923076923076923,
          "test_kappa_std": 0.09386156521909293,
          "confusion_matrix": [
            [
              33.84615384615385,
              62.3076923076923,
              3.846153846153846
            ],
            [
              15.384615384615383,
              82.3076923076923,
              2.3076923076923075
            ],
            [
              2.3076923076923075,
              35.38461538461538,
              62.30769230769231
            ]
          ]
        },
        {
          "participant": "3218",
          "train_size": 1,
          "n_seeds": 10,
          "n_train_samples_mean": 3.0,
          "n_test_samples_mean": 39.0,
          "test_acc_mean": 0.8256410256410256,
          "test_acc_std": 0.07431475254456124,
          "test_bal_acc_mean": 0.8256410256410256,
          "test_bal_acc_std": 0.0743147525445612,
          "test_f1_mean": 0.821238405825264,
          "test_f1_std": 0.07878051342139424,
          "test_kappa_mean": 0.7384615384615384,
          "test_kappa_std": 0.11147212881684185,
          "confusion_matrix": [
            [
              95.38461538461539,
              4.615384615384615,
              0.0
            ],
            [
              16.153846153846153,
              76.15384615384616,
              7.692307692307692
            ],
            [
              2.3076923076923075,
              21.538461538461537,
              76.15384615384615
            ]
          ]
        },
        {
          "participant": "3219",
          "train_size": 1,
          "n_seeds": 10,
          "n_train_samples_mean": 3.0,
          "n_test_samples_mean": 39.0,
          "test_acc_mean": 0.4487179487179486,
          "test_acc_std": 0.06864264275302995,
          "test_bal_acc_mean": 0.44871794871794873,
          "test_bal_acc_std": 0.06864264275302998,
          "test_f1_mean": 0.4130523385145336,
          "test_f1_std": 0.07648764777383102,
          "test_kappa_mean": 0.17307692307692304,
          "test_kappa_std": 0.10296396412954495,
          "confusion_matrix": [
            [
              12.307692307692308,
              70.76923076923076,
              16.923076923076923
            ],
            [
              16.923076923076923,
              65.38461538461539,
              17.692307692307693
            ],
            [
              26.923076923076923,
              16.153846153846153,
              56.92307692307693
            ]
          ]
        },
        {
          "participant": "3220",
          "train_size": 1,
          "n_seeds": 10,
          "n_train_samples_mean": 3.0,
          "n_test_samples_mean": 39.0,
          "test_acc_mean": 0.5512820512820513,
          "test_acc_std": 0.07572668866098012,
          "test_bal_acc_mean": 0.5512820512820513,
          "test_bal_acc_std": 0.0757266886609801,
          "test_f1_mean": 0.5041551646149169,
          "test_f1_std": 0.11021752543836717,
          "test_kappa_mean": 0.3269230769230769,
          "test_kappa_std": 0.11359003299147019,
          "confusion_matrix": [
            [
              63.84615384615383,
              36.15384615384615,
              0.0
            ],
            [
              20.76923076923077,
              78.46153846153845,
              0.7692307692307693
            ],
            [
              50.76923076923077,
              26.15384615384615,
              23.076923076923077
            ]
          ]
        },
        {
          "participant": "3221",
          "train_size": 1,
          "n_seeds": 10,
          "n_train_samples_mean": 3.0,
          "n_test_samples_mean": 39.0,
          "test_acc_mean": 0.5897435897435896,
          "test_acc_std": 0.10256410256410256,
          "test_bal_acc_mean": 0.5897435897435896,
          "test_bal_acc_std": 0.10256410256410252,
          "test_f1_mean": 0.5610240201781259,
          "test_f1_std": 0.11620508306068764,
          "test_kappa_mean": 0.38461538461538464,
          "test_kappa_std": 0.15384615384615385,
          "confusion_matrix": [
            [
              81.53846153846152,
              16.923076923076923,
              1.5384615384615385
            ],
            [
              30.769230769230774,
              50.76923076923077,
              18.46153846153846
            ],
            [
              34.61538461538461,
              20.769230769230766,
              44.61538461538462
            ]
          ]
        },
        {
          "participant": "3222",
          "train_size": 1,
          "n_seeds": 10,
          "n_train_samples_mean": 3.0,
          "n_test_samples_mean": 39.0,
          "test_acc_mean": 0.36410256410256414,
          "test_acc_std": 0.09952770343938212,
          "test_bal_acc_mean": 0.36410256410256414,
          "test_bal_acc_std": 0.09952770343938212,
          "test_f1_mean": 0.3214858325825172,
          "test_f1_std": 0.10804272011889329,
          "test_kappa_mean": 0.046153846153846136,
          "test_kappa_std": 0.14929155515907322,
          "confusion_matrix": [
            [
              35.38461538461539,
              2.3076923076923075,
              62.30769230769231
            ],
            [
              19.230769230769234,
              13.846153846153845,
              66.92307692307692
            ],
            [
              38.46153846153847,
              1.5384615384615385,
              60.0
            ]
          ]
        },
        {
          "participant": "3223",
          "train_size": 1,
          "n_seeds": 10,
          "n_train_samples_mean": 3.0,
          "n_test_samples_mean": 39.0,
          "test_acc_mean": 0.46923076923076923,
          "test_acc_std": 0.07553350801807077,
          "test_bal_acc_mean": 0.46923076923076923,
          "test_bal_acc_std": 0.07553350801807078,
          "test_f1_mean": 0.41300472065619304,
          "test_f1_std": 0.0994939141836051,
          "test_kappa_mean": 0.20384615384615384,
          "test_kappa_std": 0.11330026202710615,
          "confusion_matrix": [
            [
              20.0,
              28.461538461538463,
              51.53846153846155
            ],
            [
              2.3076923076923075,
              76.15384615384616,
              21.53846153846154
            ],
            [
              0.0,
              55.38461538461538,
              44.61538461538461
            ]
          ]
        },
        {
          "participant": "3224",
          "train_size": 1,
          "n_seeds": 10,
          "n_train_samples_mean": 3.0,
          "n_test_samples_mean": 39.0,
          "test_acc_mean": 0.6794871794871795,
          "test_acc_std": 0.04054202128420998,
          "test_bal_acc_mean": 0.6794871794871795,
          "test_bal_acc_std": 0.04054202128421,
          "test_f1_mean": 0.6433604007501856,
          "test_f1_std": 0.058538464672070536,
          "test_kappa_mean": 0.5192307692307692,
          "test_kappa_std": 0.06081303192631495,
          "confusion_matrix": [
            [
              73.84615384615384,
              7.692307692307692,
              18.46153846153846
            ],
            [
              38.46153846153846,
              35.38461538461538,
              26.153846153846153
            ],
            [
              5.384615384615385,
              0.0,
              94.61538461538461
            ]
          ]
        },
        {
          "participant": "3225",
          "train_size": 1,
          "n_seeds": 10,
          "n_train_samples_mean": 3.0,
          "n_test_samples_mean": 39.0,
          "test_acc_mean": 0.4666666666666667,
          "test_acc_std": 0.07027283689263066,
          "test_bal_acc_mean": 0.4666666666666667,
          "test_bal_acc_std": 0.07027283689263066,
          "test_f1_mean": 0.44040410720959616,
          "test_f1_std": 0.07302081230300488,
          "test_kappa_mean": 0.19999999999999998,
          "test_kappa_std": 0.10540925533894596,
          "confusion_matrix": [
            [
              81.53846153846153,
              15.384615384615387,
              3.076923076923077
            ],
            [
              23.076923076923077,
              40.0,
              36.92307692307692
            ],
            [
              0.7692307692307693,
              80.76923076923077,
              18.461538461538463
            ]
          ]
        },
        {
          "participant": "3226",
          "train_size": 1,
          "n_seeds": 10,
          "n_train_samples_mean": 3.0,
          "n_test_samples_mean": 39.0,
          "test_acc_mean": 0.45897435897435895,
          "test_acc_std": 0.08058700558169686,
          "test_bal_acc_mean": 0.458974358974359,
          "test_bal_acc_std": 0.08058700558169689,
          "test_f1_mean": 0.4060876773963099,
          "test_f1_std": 0.101249076760624,
          "test_kappa_mean": 0.18846153846153849,
          "test_kappa_std": 0.12088050837254531,
          "confusion_matrix": [
            [
              13.846153846153845,
              39.23076923076924,
              46.92307692307692
            ],
            [
              8.461538461538462,
              52.30769230769231,
              39.23076923076923
            ],
            [
              0.7692307692307693,
              27.69230769230769,
              71.53846153846153
            ]
          ]
        },
        {
          "participant": "3227",
          "train_size": 1,
          "n_seeds": 10,
          "n_train_samples_mean": 3.0,
          "n_test_samples_mean": 39.0,
          "test_acc_mean": 0.5948717948717949,
          "test_acc_std": 0.08699494461538101,
          "test_bal_acc_mean": 0.5948717948717949,
          "test_bal_acc_std": 0.08699494461538101,
          "test_f1_mean": 0.5765331539586486,
          "test_f1_std": 0.10044033345068004,
          "test_kappa_mean": 0.3923076923076923,
          "test_kappa_std": 0.1304924169230715,
          "confusion_matrix": [
            [
              46.153846153846146,
              48.46153846153847,
              5.384615384615385
            ],
            [
              0.7692307692307693,
              47.69230769230769,
              51.53846153846153
            ],
            [
              0.7692307692307693,
              14.615384615384617,
              84.6153846153846
            ]
          ]
        },
        {
          "participant": "3228",
          "train_size": 1,
          "n_seeds": 10,
          "n_train_samples_mean": 3.0,
          "n_test_samples_mean": 39.0,
          "test_acc_mean": 0.5615384615384615,
          "test_acc_std": 0.09778763921342618,
          "test_bal_acc_mean": 0.5615384615384615,
          "test_bal_acc_std": 0.09778763921342618,
          "test_f1_mean": 0.5296420854118234,
          "test_f1_std": 0.1279153912760558,
          "test_kappa_mean": 0.3423076923076923,
          "test_kappa_std": 0.14668145882013925,
          "confusion_matrix": [
            [
              30.0,
              61.53846153846153,
              8.461538461538462
            ],
            [
              0.0,
              90.76923076923077,
              9.23076923076923
            ],
            [
              0.0,
              52.30769230769231,
              47.69230769230769
            ]
          ]
        },
        {
          "participant": "3229",
          "train_size": 1,
          "n_seeds": 10,
          "n_train_samples_mean": 3.0,
          "n_test_samples_mean": 39.0,
          "test_acc_mean": 0.4666666666666666,
          "test_acc_std": 0.06373111754634957,
          "test_bal_acc_mean": 0.4666666666666667,
          "test_bal_acc_std": 0.06373111754634957,
          "test_f1_mean": 0.4068127249656278,
          "test_f1_std": 0.09201453648773057,
          "test_kappa_mean": 0.19999999999999996,
          "test_kappa_std": 0.09559667631952434,
          "confusion_matrix": [
            [
              36.92307692307692,
              7.692307692307692,
              55.384615384615394
            ],
            [
              28.461538461538463,
              15.384615384615383,
              56.15384615384615
            ],
            [
              12.307692307692308,
              0.0,
              87.6923076923077
            ]
          ]
        },
        {
          "participant": "3230",
          "train_size": 1,
          "n_seeds": 10,
          "n_train_samples_mean": 3.0,
          "n_test_samples_mean": 39.0,
          "test_acc_mean": 0.4282051282051282,
          "test_acc_std": 0.12029743740343109,
          "test_bal_acc_mean": 0.4282051282051282,
          "test_bal_acc_std": 0.12029743740343112,
          "test_f1_mean": 0.4193639599753333,
          "test_f1_std": 0.10687156275219695,
          "test_kappa_mean": 0.1423076923076923,
          "test_kappa_std": 0.1804461561051466,
          "confusion_matrix": [
            [
              23.076923076923073,
              4.615384615384615,
              72.30769230769229
            ],
            [
              24.615384615384617,
              64.61538461538461,
              10.76923076923077
            ],
            [
              50.0,
              9.23076923076923,
              40.76923076923077
            ]
          ]
        },
        {
          "participant": "3231",
          "train_size": 1,
          "n_seeds": 10,
          "n_train_samples_mean": 3.0,
          "n_test_samples_mean": 39.0,
          "test_acc_mean": 0.4384615384615385,
          "test_acc_std": 0.03715737627228061,
          "test_bal_acc_mean": 0.4384615384615385,
          "test_bal_acc_std": 0.03715737627228063,
          "test_f1_mean": 0.3632000795749367,
          "test_f1_std": 0.06340183093359872,
          "test_kappa_mean": 0.15769230769230766,
          "test_kappa_std": 0.05573606440842091,
          "confusion_matrix": [
            [
              31.53846153846154,
              1.5384615384615385,
              66.92307692307692
            ],
            [
              38.46153846153847,
              13.076923076923077,
              48.46153846153846
            ],
            [
              13.076923076923077,
              0.0,
              86.92307692307692
            ]
          ]
        },
        {
          "participant": "3232",
          "train_size": 1,
          "n_seeds": 10,
          "n_train_samples_mean": 3.0,
          "n_test_samples_mean": 39.0,
          "test_acc_mean": 0.5051282051282051,
          "test_acc_std": 0.06625999125919421,
          "test_bal_acc_mean": 0.5051282051282051,
          "test_bal_acc_std": 0.06625999125919421,
          "test_f1_mean": 0.4801752640701773,
          "test_f1_std": 0.07867089459385201,
          "test_kappa_mean": 0.2576923076923077,
          "test_kappa_std": 0.09938998688879133,
          "confusion_matrix": [
            [
              36.15384615384615,
              10.76923076923077,
              53.07692307692307
            ],
            [
              16.153846153846153,
              35.38461538461539,
              48.46153846153846
            ],
            [
              18.46153846153846,
              1.5384615384615385,
              80.0
            ]
          ]
        },
        {
          "participant": "3233",
          "train_size": 1,
          "n_seeds": 10,
          "n_train_samples_mean": 3.0,
          "n_test_samples_mean": 39.0,
          "test_acc_mean": 0.7153846153846154,
          "test_acc_std": 0.11622046101473531,
          "test_bal_acc_mean": 0.7153846153846154,
          "test_bal_acc_std": 0.11622046101473532,
          "test_f1_mean": 0.7070719580855156,
          "test_f1_std": 0.1268867027180354,
          "test_kappa_mean": 0.573076923076923,
          "test_kappa_std": 0.17433069152210298,
          "confusion_matrix": [
            [
              58.46153846153847,
              15.384615384615387,
              26.153846153846153
            ],
            [
              3.076923076923077,
              73.84615384615384,
              23.07692307692308
            ],
            [
              0.0,
              17.69230769230769,
              82.30769230769229
            ]
          ]
        },
        {
          "participant": "3234",
          "train_size": 1,
          "n_seeds": 10,
          "n_train_samples_mean": 3.0,
          "n_test_samples_mean": 39.0,
          "test_acc_mean": 0.4794871794871794,
          "test_acc_std": 0.06286555743054116,
          "test_bal_acc_mean": 0.47948717948717945,
          "test_bal_acc_std": 0.06286555743054117,
          "test_f1_mean": 0.4215232937546026,
          "test_f1_std": 0.07893815971601062,
          "test_kappa_mean": 0.2192307692307692,
          "test_kappa_std": 0.09429833614581178,
          "confusion_matrix": [
            [
              93.84615384615385,
              0.0,
              6.153846153846154
            ],
            [
              26.923076923076923,
              20.0,
              53.07692307692307
            ],
            [
              64.61538461538461,
              5.384615384615385,
              29.999999999999993
            ]
          ]
        },
        {
          "participant": "3235",
          "train_size": 1,
          "n_seeds": 10,
          "n_train_samples_mean": 3.0,
          "n_test_samples_mean": 39.0,
          "test_acc_mean": 0.7461538461538462,
          "test_acc_std": 0.07396990264416685,
          "test_bal_acc_mean": 0.7461538461538462,
          "test_bal_acc_std": 0.07396990264416686,
          "test_f1_mean": 0.7275418047619527,
          "test_f1_std": 0.10301099783938501,
          "test_kappa_mean": 0.6192307692307693,
          "test_kappa_std": 0.1109548539662503,
          "confusion_matrix": [
            [
              80.76923076923076,
              11.538461538461538,
              7.692307692307692
            ],
            [
              9.23076923076923,
              90.76923076923076,
              0.0
            ],
            [
              23.076923076923073,
              24.615384615384613,
              52.30769230769231
            ]
          ]
        },
        {
          "participant": "3236",
          "train_size": 1,
          "n_seeds": 10,
          "n_train_samples_mean": 3.0,
          "n_test_samples_mean": 39.0,
          "test_acc_mean": 0.558974358974359,
          "test_acc_std": 0.07529133519844528,
          "test_bal_acc_mean": 0.558974358974359,
          "test_bal_acc_std": 0.07529133519844525,
          "test_f1_mean": 0.5063102169634603,
          "test_f1_std": 0.06289866357386092,
          "test_kappa_mean": 0.3384615384615385,
          "test_kappa_std": 0.1129370027976679,
          "confusion_matrix": [
            [
              69.23076923076924,
              24.615384615384617,
              6.153846153846154
            ],
            [
              0.0,
              79.23076923076923,
              20.769230769230766
            ],
            [
              48.46153846153847,
              32.30769230769231,
              19.23076923076923
            ]
          ]
        },
        {
          "participant": "3237",
          "train_size": 1,
          "n_seeds": 10,
          "n_train_samples_mean": 3.0,
          "n_test_samples_mean": 39.0,
          "test_acc_mean": 0.5410256410256411,
          "test_acc_std": 0.06097797942474178,
          "test_bal_acc_mean": 0.5410256410256411,
          "test_bal_acc_std": 0.060977979424741785,
          "test_f1_mean": 0.50923947366945,
          "test_f1_std": 0.07463690839124336,
          "test_kappa_mean": 0.31153846153846154,
          "test_kappa_std": 0.09146696913711269,
          "confusion_matrix": [
            [
              24.615384615384617,
              16.923076923076923,
              58.46153846153847
            ],
            [
              9.23076923076923,
              69.23076923076923,
              21.538461538461537
            ],
            [
              13.076923076923077,
              18.46153846153846,
              68.46153846153847
            ]
          ]
        },
        {
          "participant": "3238",
          "train_size": 1,
          "n_seeds": 10,
          "n_train_samples_mean": 3.0,
          "n_test_samples_mean": 39.0,
          "test_acc_mean": 0.5128205128205128,
          "test_acc_std": 0.04187161953475517,
          "test_bal_acc_mean": 0.5128205128205128,
          "test_bal_acc_std": 0.04187161953475519,
          "test_f1_mean": 0.4775925177951311,
          "test_f1_std": 0.041783818482744976,
          "test_kappa_mean": 0.2692307692307693,
          "test_kappa_std": 0.06280742930213279,
          "confusion_matrix": [
            [
              25.384615384615387,
              38.46153846153846,
              36.15384615384615
            ],
            [
              6.153846153846154,
              43.07692307692308,
              50.76923076923077
            ],
            [
              0.0,
              14.615384615384617,
              85.38461538461539
            ]
          ]
        },
        {
          "participant": "3239",
          "train_size": 1,
          "n_seeds": 10,
          "n_train_samples_mean": 3.0,
          "n_test_samples_mean": 35.0,
          "test_acc_mean": 0.5885714285714285,
          "test_acc_std": 0.13945146832550956,
          "test_bal_acc_mean": 0.6011396011396011,
          "test_bal_acc_std": 0.1408072402115908,
          "test_f1_mean": 0.5819555619220066,
          "test_f1_std": 0.14009194002788128,
          "test_kappa_mean": 0.39709159433909347,
          "test_kappa_std": 0.1990710645758996,
          "confusion_matrix": [
            [
              51.53846153846153,
              1.5384615384615385,
              46.92307692307692
            ],
            [
              15.384615384615383,
              57.69230769230769,
              26.923076923076923
            ],
            [
              27.77777777777778,
              1.1111111111111112,
              71.11111111111111
            ]
          ]
        },
        {
          "participant": "3240",
          "train_size": 1,
          "n_seeds": 10,
          "n_train_samples_mean": 3.0,
          "n_test_samples_mean": 39.0,
          "test_acc_mean": 0.5923076923076923,
          "test_acc_std": 0.08919244682526199,
          "test_bal_acc_mean": 0.5923076923076923,
          "test_bal_acc_std": 0.08919244682526199,
          "test_f1_mean": 0.5814024662745032,
          "test_f1_std": 0.09729103550027261,
          "test_kappa_mean": 0.3884615384615385,
          "test_kappa_std": 0.13378867023789298,
          "confusion_matrix": [
            [
              76.92307692307692,
              2.3076923076923075,
              20.769230769230766
            ],
            [
              24.615384615384617,
              56.92307692307693,
              18.46153846153846
            ],
            [
              54.61538461538462,
              1.5384615384615385,
              43.84615384615385
            ]
          ]
        },
        {
          "participant": "3241",
          "train_size": 1,
          "n_seeds": 10,
          "n_train_samples_mean": 3.0,
          "n_test_samples_mean": 39.0,
          "test_acc_mean": 0.5692307692307692,
          "test_acc_std": 0.06708176707811482,
          "test_bal_acc_mean": 0.5692307692307692,
          "test_bal_acc_std": 0.06708176707811479,
          "test_f1_mean": 0.5443566389364342,
          "test_f1_std": 0.07426444532123642,
          "test_kappa_mean": 0.3538461538461538,
          "test_kappa_std": 0.10062265061717224,
          "confusion_matrix": [
            [
              46.92307692307692,
              24.615384615384613,
              28.461538461538463
            ],
            [
              31.53846153846154,
              45.384615384615394,
              23.076923076923077
            ],
            [
              19.230769230769226,
              2.3076923076923075,
              78.46153846153845
            ]
          ]
        },
        {
          "participant": "3242",
          "train_size": 1,
          "n_seeds": 10,
          "n_train_samples_mean": 3.0,
          "n_test_samples_mean": 39.0,
          "test_acc_mean": 0.8435897435897436,
          "test_acc_std": 0.06447187065178156,
          "test_bal_acc_mean": 0.8435897435897436,
          "test_bal_acc_std": 0.06447187065178156,
          "test_f1_mean": 0.8354030645774154,
          "test_f1_std": 0.07327505985375896,
          "test_kappa_mean": 0.7653846153846156,
          "test_kappa_std": 0.09670780597767237,
          "confusion_matrix": [
            [
              96.92307692307693,
              3.076923076923077,
              0.0
            ],
            [
              21.53846153846154,
              68.46153846153845,
              10.000000000000002
            ],
            [
              3.846153846153846,
              8.461538461538462,
              87.6923076923077
            ]
          ]
        },
        {
          "participant": "3243",
          "train_size": 1,
          "n_seeds": 10,
          "n_train_samples_mean": 3.0,
          "n_test_samples_mean": 39.0,
          "test_acc_mean": 0.6743589743589744,
          "test_acc_std": 0.06948880897154819,
          "test_bal_acc_mean": 0.6743589743589744,
          "test_bal_acc_std": 0.06948880897154819,
          "test_f1_mean": 0.6609167139580067,
          "test_f1_std": 0.07179263085890573,
          "test_kappa_mean": 0.5115384615384614,
          "test_kappa_std": 0.10423321345732227,
          "confusion_matrix": [
            [
              90.0,
              5.384615384615385,
              4.615384615384615
            ],
            [
              1.5384615384615385,
              58.46153846153847,
              40.0
            ],
            [
              6.153846153846154,
              39.99999999999999,
              53.84615384615385
            ]
          ]
        },
        {
          "participant": "3244",
          "train_size": 1,
          "n_seeds": 10,
          "n_train_samples_mean": 3.0,
          "n_test_samples_mean": 39.0,
          "test_acc_mean": 0.6307692307692306,
          "test_acc_std": 0.059461631216841324,
          "test_bal_acc_mean": 0.6307692307692307,
          "test_bal_acc_std": 0.05946163121684134,
          "test_f1_mean": 0.600749836363221,
          "test_f1_std": 0.06716897310498839,
          "test_kappa_mean": 0.44615384615384607,
          "test_kappa_std": 0.08919244682526198,
          "confusion_matrix": [
            [
              66.15384615384616,
              0.0,
              33.846153846153854
            ],
            [
              1.5384615384615385,
              97.6923076923077,
              0.7692307692307693
            ],
            [
              55.38461538461538,
              19.230769230769234,
              25.38461538461538
            ]
          ]
        },
        {
          "participant": "3245",
          "train_size": 1,
          "n_seeds": 10,
          "n_train_samples_mean": 3.0,
          "n_test_samples_mean": 39.0,
          "test_acc_mean": 0.7897435897435898,
          "test_acc_std": 0.09268678093487837,
          "test_bal_acc_mean": 0.7897435897435898,
          "test_bal_acc_std": 0.09268678093487834,
          "test_f1_mean": 0.7796726897616919,
          "test_f1_std": 0.10687726053340055,
          "test_kappa_mean": 0.6846153846153846,
          "test_kappa_std": 0.13903017140231755,
          "confusion_matrix": [
            [
              80.76923076923076,
              10.76923076923077,
              8.461538461538462
            ],
            [
              13.076923076923077,
              85.38461538461539,
              1.5384615384615385
            ],
            [
              20.0,
              9.23076923076923,
              70.76923076923076
            ]
          ]
        },
        {
          "participant": "3246",
          "train_size": 1,
          "n_seeds": 10,
          "n_train_samples_mean": 3.0,
          "n_test_samples_mean": 39.0,
          "test_acc_mean": 0.4948717948717948,
          "test_acc_std": 0.032093988641912104,
          "test_bal_acc_mean": 0.4948717948717949,
          "test_bal_acc_std": 0.03209398864191212,
          "test_f1_mean": 0.40691779512056864,
          "test_f1_std": 0.055141160458727974,
          "test_kappa_mean": 0.24230769230769234,
          "test_kappa_std": 0.04814098296286819,
          "confusion_matrix": [
            [
              43.07692307692307,
              56.15384615384617,
              0.7692307692307693
            ],
            [
              0.0,
              100.0,
              0.0
            ],
            [
              26.153846153846153,
              68.46153846153845,
              5.384615384615385
            ]
          ]
        },
        {
          "participant": "3247",
          "train_size": 1,
          "n_seeds": 10,
          "n_train_samples_mean": 3.0,
          "n_test_samples_mean": 39.0,
