{
  "name": "pose_perf_eye",
  "config": {
    "n_seeds": 10,
    "feature_selection": "backward",
    "use_pca": false,
    "pca_variance": 0.95,
    "write_cm": true,
    "tune_hyperparameters": false,
    "tune_n_iter": 30,
    "tune_cv_folds": 5,
    "use_pose_derivatives": true,
    "use_time_features": false,
    "class_config": "all",
    "include_order": false,
    "name": "pose_perf_eye",
    "feature_groups": [
      "pose",
      "performance",
      "eye_tracking"
    ],
    "split_strategy": "participant_specific",
    "sampling_strategy": "temporal_stratified"
  },
  "sampling_strategy": "temporal_stratified",
  "n_seeds": 10,
  "learning_curve": [
    {
      "aggregated": {
        "train_size": 1,
        "n_participants": 42,
        "n_seeds": 10,
        "test_acc_mean": 0.6097950568474066,
        "test_acc_std": 0.11634325701537397,
        "test_bal_acc_mean": 0.6095565853899186,
        "test_bal_acc_std": 0.11788012224343365,
        "test_f1_mean": 0.5784505785589839,
        "test_f1_std": 0.13760350755630976,
        "test_kappa_mean": 0.41303119169782354,
        "test_kappa_std": 0.1764031789477142,
        "confusion_matrix": [
          [
            59.01862026862028,
            21.680402930402927,
            19.300976800976805
          ],
          [
            14.080077330077328,
            59.978835978835995,
            25.94108669108669
          ],
          [
            17.426545676545675,
            18.703934953934958,
            63.86951936951937
          ]
        ]
      },
      "per_participant": [
        {
          "participant": "3105",
          "train_size": 1,
          "n_seeds": 10,
          "n_train_samples_mean": 3.0,
          "n_test_samples_mean": 39.0,
          "test_acc_mean": 0.6307692307692309,
          "test_acc_std": 0.03243361702736798,
          "test_bal_acc_mean": 0.6307692307692309,
          "test_bal_acc_std": 0.03243361702736801,
          "test_f1_mean": 0.5424476552500288,
          "test_f1_std": 0.031105474350252484,
          "test_kappa_mean": 0.4461538461538462,
          "test_kappa_std": 0.04865042554105199,
          "confusion_matrix": [
            [
              90.76923076923077,
              6.9230769230769225,
              2.3076923076923075
            ],
            [
              0.0,
              3.076923076923077,
              96.92307692307692
            ],
            [
              4.615384615384615,
              0.0,
              95.38461538461539
            ]
          ]
        },
        {
          "participant": "3206",
          "train_size": 1,
          "n_seeds": 10,
          "n_train_samples_mean": 3.0,
          "n_test_samples_mean": 35.0,
          "test_acc_mean": 0.3628571428571429,
          "test_acc_std": 0.04269811765992361,
          "test_bal_acc_mean": 0.33361823361823356,
          "test_bal_acc_std": 0.04294451143438539,
          "test_f1_mean": 0.2665252577580037,
          "test_f1_std": 0.04845154793615219,
          "test_kappa_mean": 0.0018648175608782624,
          "test_kappa_std": 0.0656151340890927,
          "confusion_matrix": [
            [
              82.30769230769229,
              10.76923076923077,
              6.9230769230769225
            ],
            [
              82.22222222222223,
              7.777777777777777,
              10.0
            ],
            [
              83.07692307692308,
              6.9230769230769225,
              10.0
            ]
          ]
        },
        {
          "participant": "3207",
          "train_size": 1,
          "n_seeds": 10,
          "n_train_samples_mean": 3.0,
          "n_test_samples_mean": 37.0,
          "test_acc_mean": 0.5405405405405406,
          "test_acc_std": 0.03603603603603605,
          "test_bal_acc_mean": 0.5497863247863247,
          "test_bal_acc_std": 0.03720172131018944,
          "test_f1_mean": 0.5033818995970395,
          "test_f1_std": 0.04656751944568339,
          "test_kappa_mean": 0.3161675450483892,
          "test_kappa_std": 0.053397051505850224,
          "confusion_matrix": [
            [
              20.76923076923077,
              70.0,
              9.23076923076923
            ],
            [
              4.166666666666666,
              74.16666666666666,
              21.666666666666664
            ],
            [
              16.666666666666668,
              13.333333333333332,
              70.0
            ]
          ]
        },
        {
          "participant": "3208",
          "train_size": 1,
          "n_seeds": 10,
          "n_train_samples_mean": 3.0,
          "n_test_samples_mean": 39.0,
          "test_acc_mean": 0.6948717948717948,
          "test_acc_std": 0.07094531955366543,
          "test_bal_acc_mean": 0.6948717948717948,
          "test_bal_acc_std": 0.07094531955366547,
          "test_f1_mean": 0.6764293475209072,
          "test_f1_std": 0.07754851743949079,
          "test_kappa_mean": 0.5423076923076923,
          "test_kappa_std": 0.10641797933049811,
          "confusion_matrix": [
            [
              81.53846153846153,
              6.9230769230769225,
              11.538461538461538
            ],
            [
              25.384615384615387,
              46.92307692307692,
              27.69230769230769
            ],
            [
              8.461538461538462,
              11.538461538461538,
              80.0
            ]
          ]
        },
        {
          "participant": "3209",
          "train_size": 1,
          "n_seeds": 10,
          "n_train_samples_mean": 3.0,
          "n_test_samples_mean": 38.0,
          "test_acc_mean": 0.5447368421052632,
          "test_acc_std": 0.059558755076378804,
          "test_bal_acc_mean": 0.5384615384615384,
          "test_bal_acc_std": 0.05924110778327151,
          "test_f1_mean": 0.5168646440774584,
          "test_f1_std": 0.07393584247044256,
          "test_kappa_mean": 0.3107697526103751,
          "test_kappa_std": 0.09070994569964799,
          "confusion_matrix": [
            [
              80.0,
              20.0,
              0.0
            ],
            [
              46.153846153846146,
              51.53846153846155,
              2.3076923076923075
            ],
            [
              51.666666666666664,
              18.333333333333332,
              30.0
            ]
          ]
        },
        {
          "participant": "3214",
          "train_size": 1,
          "n_seeds": 10,
          "n_train_samples_mean": 3.0,
          "n_test_samples_mean": 39.0,
          "test_acc_mean": 0.635897435897436,
          "test_acc_std": 0.10170581046593857,
          "test_bal_acc_mean": 0.6358974358974359,
          "test_bal_acc_std": 0.10170581046593857,
          "test_f1_mean": 0.6386459551930476,
          "test_f1_std": 0.10152702893095637,
          "test_kappa_mean": 0.45384615384615384,
          "test_kappa_std": 0.1525587156989079,
          "confusion_matrix": [
            [
              74.61538461538461,
              13.846153846153845,
              11.538461538461538
            ],
            [
              0.7692307692307693,
              60.0,
              39.230769230769226
            ],
            [
              0.7692307692307693,
              43.07692307692308,
              56.15384615384615
            ]
          ]
        },
        {
          "participant": "3215",
          "train_size": 1,
          "n_seeds": 10,
          "n_train_samples_mean": 3.0,
          "n_test_samples_mean": 39.0,
          "test_acc_mean": 0.49743589743589745,
          "test_acc_std": 0.07372259368494984,
          "test_bal_acc_mean": 0.49743589743589745,
          "test_bal_acc_std": 0.07372259368494985,
          "test_f1_mean": 0.4195927203847318,
          "test_f1_std": 0.05505981065780911,
          "test_kappa_mean": 0.24615384615384617,
          "test_kappa_std": 0.11058389052742476,
          "confusion_matrix": [
            [
              81.53846153846153,
              4.615384615384615,
              13.846153846153848
            ],
            [
              49.23076923076923,
              6.153846153846154,
              44.615384615384606
            ],
            [
              38.46153846153846,
              0.0,
              61.53846153846155
            ]
          ]
        },
        {
          "participant": "3216",
          "train_size": 1,
          "n_seeds": 10,
          "n_train_samples_mean": 3.0,
          "n_test_samples_mean": 37.0,
          "test_acc_mean": 0.6243243243243244,
          "test_acc_std": 0.08398213467691112,
          "test_bal_acc_mean": 0.6272727272727273,
          "test_bal_acc_std": 0.09008820569786868,
          "test_f1_mean": 0.6137754202444328,
          "test_f1_std": 0.07907562114632395,
          "test_kappa_mean": 0.4362698241130817,
          "test_kappa_std": 0.1291379769456377,
          "confusion_matrix": [
            [
              73.07692307692308,
              18.46153846153846,
              8.461538461538462
            ],
            [
              22.307692307692303,
              46.92307692307692,
              30.769230769230766
            ],
            [
              15.454545454545453,
              16.363636363636367,
              68.18181818181819
            ]
          ]
        },
        {
          "participant": "3217",
          "train_size": 1,
          "n_seeds": 10,
          "n_train_samples_mean": 3.0,
          "n_test_samples_mean": 39.0,
          "test_acc_mean": 0.6025641025641025,
          "test_acc_std": 0.07572668866098015,
          "test_bal_acc_mean": 0.6025641025641025,
          "test_bal_acc_std": 0.07572668866098016,
          "test_f1_mean": 0.5999223560487124,
          "test_f1_std": 0.07537311837673204,
          "test_kappa_mean": 0.40384615384615385,
          "test_kappa_std": 0.11359003299147019,
          "confusion_matrix": [
            [
              39.23076923076923,
              56.15384615384617,
              4.615384615384615
            ],
            [
              29.230769230769234,
              70.76923076923076,
              0.0
            ],
            [
              2.3076923076923075,
              26.923076923076923,
              70.76923076923077
            ]
          ]
        },
        {
          "participant": "3218",
          "train_size": 1,
          "n_seeds": 10,
          "n_train_samples_mean": 3.0,
          "n_test_samples_mean": 39.0,
          "test_acc_mean": 0.8205128205128205,
          "test_acc_std": 0.036261886214694734,
          "test_bal_acc_mean": 0.8205128205128205,
          "test_bal_acc_std": 0.036261886214694734,
          "test_f1_mean": 0.8143439127948255,
          "test_f1_std": 0.03742825684671595,
          "test_kappa_mean": 0.7307692307692307,
          "test_kappa_std": 0.054392829322042105,
          "confusion_matrix": [
            [
              94.61538461538461,
              5.384615384615385,
              0.0
            ],
            [
              7.692307692307692,
              66.92307692307693,
              25.384615384615387
            ],
            [
              0.0,
              15.384615384615383,
              84.61538461538461
            ]
          ]
        },
        {
          "participant": "3219",
          "train_size": 1,
          "n_seeds": 10,
          "n_train_samples_mean": 3.0,
          "n_test_samples_mean": 37.0,
          "test_acc_mean": 0.5486486486486487,
          "test_acc_std": 0.06116845115952415,
          "test_bal_acc_mean": 0.5452991452991454,
          "test_bal_acc_std": 0.06154109944752413,
          "test_f1_mean": 0.5296536275706941,
          "test_f1_std": 0.06709321853111147,
          "test_kappa_mean": 0.3223722218818366,
          "test_kappa_std": 0.09217189414854489,
          "confusion_matrix": [
            [
              46.66666666666667,
              34.16666666666666,
              19.166666666666664
            ],
            [
              32.50000000000001,
              50.0,
              17.499999999999996
            ],
            [
              22.307692307692303,
              10.76923076923077,
              66.92307692307693
            ]
          ]
        },
        {
          "participant": "3220",
          "train_size": 1,
          "n_seeds": 10,
          "n_train_samples_mean": 3.0,
          "n_test_samples_mean": 39.0,
          "test_acc_mean": 0.5051282051282051,
          "test_acc_std": 0.04842466828791553,
          "test_bal_acc_mean": 0.5051282051282052,
          "test_bal_acc_std": 0.04842466828791556,
          "test_f1_mean": 0.4586971928482056,
          "test_f1_std": 0.06764504699983019,
          "test_kappa_mean": 0.2576923076923078,
          "test_kappa_std": 0.07263700243187331,
          "confusion_matrix": [
            [
              34.61538461538462,
              65.38461538461539,
              0.0
            ],
            [
              6.9230769230769225,
              93.07692307692307,
              0.0
            ],
            [
              53.84615384615385,
              22.30769230769231,
              23.846153846153847
            ]
          ]
        },
        {
          "participant": "3221",
          "train_size": 1,
          "n_seeds": 10,
          "n_train_samples_mean": 3.0,
          "n_test_samples_mean": 39.0,
          "test_acc_mean": 0.658974358974359,
          "test_acc_std": 0.07838124114947266,
          "test_bal_acc_mean": 0.658974358974359,
          "test_bal_acc_std": 0.07838124114947263,
          "test_f1_mean": 0.6294812625183499,
          "test_f1_std": 0.09601845898997977,
          "test_kappa_mean": 0.4884615384615385,
          "test_kappa_std": 0.11757186172420896,
          "confusion_matrix": [
            [
              73.84615384615384,
              18.46153846153846,
              7.692307692307693
            ],
            [
              15.384615384615383,
              68.46153846153845,
              16.153846153846153
            ],
            [
              31.538461538461537,
              13.076923076923077,
              55.38461538461538
            ]
          ]
        },
        {
          "participant": "3222",
          "train_size": 1,
          "n_seeds": 10,
          "n_train_samples_mean": 3.0,
          "n_test_samples_mean": 39.0,
          "test_acc_mean": 0.3948717948717949,
          "test_acc_std": 0.06858941076150042,
          "test_bal_acc_mean": 0.3948717948717949,
          "test_bal_acc_std": 0.06858941076150045,
          "test_f1_mean": 0.3368674506477867,
          "test_f1_std": 0.07816978332372367,
          "test_kappa_mean": 0.09230769230769231,
          "test_kappa_std": 0.10288411614225067,
          "confusion_matrix": [
            [
              25.38461538461538,
              3.846153846153846,
              70.76923076923076
            ],
            [
              16.923076923076923,
              12.307692307692308,
              70.76923076923076
            ],
            [
              17.69230769230769,
              1.5384615384615385,
              80.76923076923076
            ]
          ]
        },
        {
          "participant": "3223",
          "train_size": 1,
          "n_seeds": 10,
          "n_train_samples_mean": 3.0,
          "n_test_samples_mean": 39.0,
          "test_acc_mean": 0.5256410256410258,
          "test_acc_std": 0.07763206036147415,
          "test_bal_acc_mean": 0.5256410256410258,
          "test_bal_acc_std": 0.07763206036147416,
          "test_f1_mean": 0.4696170900865101,
          "test_f1_std": 0.08702944662326141,
          "test_kappa_mean": 0.2884615384615385,
          "test_kappa_std": 0.11644809054221125,
          "confusion_matrix": [
            [
              15.384615384615383,
              33.846153846153854,
              50.769230769230774
            ],
            [
              0.7692307692307693,
              83.07692307692308,
              16.153846153846153
            ],
            [
              0.0,
              40.76923076923077,
              59.230769230769226
            ]
          ]
        },
        {
          "participant": "3224",
          "train_size": 1,
          "n_seeds": 10,
          "n_train_samples_mean": 3.0,
          "n_test_samples_mean": 24.0,
          "test_acc_mean": 0.6708333333333333,
          "test_acc_std": 0.1169474135278938,
          "test_bal_acc_mean": 0.6466666666666667,
          "test_bal_acc_std": 0.07431442487738138,
          "test_f1_mean": 0.6877077303177721,
          "test_f1_std": 0.10407512742208098,
          "test_kappa_mean": 0.4854363287605408,
          "test_kappa_std": 0.16064907085545163,
          "confusion_matrix": [
            [
              55.0,
              0.0,
              45.0
            ],
            [
              23.333333333333332,
              55.0,
              21.666666666666664
            ],
            [
              11.0,
              5.0,
              84.0
            ]
          ]
        },
        {
          "participant": "3225",
          "train_size": 1,
          "n_seeds": 10,
          "n_train_samples_mean": 3.0,
          "n_test_samples_mean": 39.0,
          "test_acc_mean": 0.5307692307692308,
          "test_acc_std": 0.07357380928771741,
          "test_bal_acc_mean": 0.5307692307692309,
          "test_bal_acc_std": 0.07357380928771741,
          "test_f1_mean": 0.5134655426253143,
          "test_f1_std": 0.07317477836942765,
          "test_kappa_mean": 0.2961538461538461,
          "test_kappa_std": 0.1103607139315761,
          "confusion_matrix": [
            [
              83.84615384615384,
              16.153846153846153,
              0.0
            ],
            [
              32.30769230769231,
              33.07692307692308,
              34.61538461538461
            ],
            [
              0.7692307692307693,
              56.92307692307692,
              42.30769230769231
            ]
          ]
        },
        {
          "participant": "3226",
          "train_size": 1,
          "n_seeds": 10,
          "n_train_samples_mean": 3.0,
          "n_test_samples_mean": 39.0,
          "test_acc_mean": 0.4564102564102564,
          "test_acc_std": 0.03585671275795389,
          "test_bal_acc_mean": 0.4564102564102564,
          "test_bal_acc_std": 0.035856712757953886,
          "test_f1_mean": 0.3618190538774256,
          "test_f1_std": 0.03027167937493211,
          "test_kappa_mean": 0.1846153846153846,
          "test_kappa_std": 0.05378506913693084,
          "confusion_matrix": [
            [
              0.0,
              76.92307692307692,
              23.076923076923077
            ],
            [
              0.0,
              79.23076923076924,
              20.76923076923077
            ],
            [
              0.0,
              42.30769230769231,
              57.69230769230769
            ]
          ]
        },
        {
          "participant": "3227",
          "train_size": 1,
          "n_seeds": 10,
          "n_train_samples_mean": 3.0,
          "n_test_samples_mean": 39.0,
          "test_acc_mean": 0.6025641025641025,
          "test_acc_std": 0.10345058493085646,
          "test_bal_acc_mean": 0.6025641025641025,
          "test_bal_acc_std": 0.10345058493085645,
          "test_f1_mean": 0.5744293795060333,
          "test_f1_std": 0.10872001471851238,
          "test_kappa_mean": 0.40384615384615385,
          "test_kappa_std": 0.15517587739628466,
          "confusion_matrix": [
            [
              48.46153846153846,
              47.69230769230769,
              3.846153846153846
            ],
            [
              10.76923076923077,
              40.76923076923077,
              48.46153846153847
            ],
            [
              0.0,
              8.461538461538462,
              91.53846153846153
            ]
          ]
        },
        {
          "participant": "3228",
          "train_size": 1,
          "n_seeds": 10,
          "n_train_samples_mean": 3.0,
          "n_test_samples_mean": 39.0,
          "test_acc_mean": 0.6256410256410257,
          "test_acc_std": 0.11543208899920775,
          "test_bal_acc_mean": 0.6256410256410255,
          "test_bal_acc_std": 0.11543208899920772,
          "test_f1_mean": 0.600781829487923,
          "test_f1_std": 0.1531304122506102,
          "test_kappa_mean": 0.4384615384615385,
          "test_kappa_std": 0.1731481334988116,
          "confusion_matrix": [
            [
              46.15384615384615,
              50.76923076923077,
              3.076923076923077
            ],
            [
              0.0,
              95.38461538461539,
              4.615384615384615
            ],
            [
              0.0,
              53.84615384615385,
              46.15384615384615
            ]
          ]
        },
        {
          "participant": "3229",
          "train_size": 1,
          "n_seeds": 10,
          "n_train_samples_mean": 3.0,
          "n_test_samples_mean": 39.0,
          "test_acc_mean": 0.4666666666666667,
          "test_acc_std": 0.04954316836304081,
          "test_bal_acc_mean": 0.4666666666666667,
          "test_bal_acc_std": 0.049543168363040846,
          "test_f1_mean": 0.4025584338563766,
          "test_f1_std": 0.06797207447779617,
          "test_kappa_mean": 0.2,
          "test_kappa_std": 0.07431475254456121,
          "confusion_matrix": [
            [
              26.923076923076923,
              16.153846153846153,
              56.92307692307693
            ],
            [
              13.846153846153848,
              19.230769230769234,
              66.92307692307693
            ],
            [
              5.384615384615385,
              0.7692307692307693,
              93.84615384615384
            ]
          ]
        },
        {
          "participant": "3230",
          "train_size": 1,
          "n_seeds": 10,
          "n_train_samples_mean": 3.0,
          "n_test_samples_mean": 39.0,
          "test_acc_mean": 0.6820512820512821,
          "test_acc_std": 0.08648964540631465,
          "test_bal_acc_mean": 0.6820512820512821,
          "test_bal_acc_std": 0.08648964540631467,
          "test_f1_mean": 0.6770097943155103,
          "test_f1_std": 0.09047346615010164,
          "test_kappa_mean": 0.5230769230769231,
          "test_kappa_std": 0.12973446810947195,
          "confusion_matrix": [
            [
              58.46153846153847,
              22.307692307692307,
              19.23076923076923
            ],
            [
              13.846153846153845,
              82.3076923076923,
              3.846153846153846
            ],
            [
              33.07692307692308,
              3.076923076923077,
              63.84615384615385
            ]
          ]
        },
        {
          "participant": "3231",
          "train_size": 1,
          "n_seeds": 10,
          "n_train_samples_mean": 3.0,
          "n_test_samples_mean": 39.0,
          "test_acc_mean": 0.5410256410256411,
          "test_acc_std": 0.05049249739398951,
          "test_bal_acc_mean": 0.541025641025641,
          "test_bal_acc_std": 0.050492497393989526,
          "test_f1_mean": 0.4993100687679649,
          "test_f1_std": 0.06825621318960341,
          "test_kappa_mean": 0.31153846153846154,
          "test_kappa_std": 0.07573874609098423,
          "confusion_matrix": [
            [
              44.61538461538461,
              5.384615384615385,
              49.99999999999999
            ],
            [
              28.461538461538463,
              25.384615384615383,
              46.15384615384615
            ],
            [
              7.692307692307692,
              0.0,
              92.30769230769229
            ]
          ]
        },
        {
          "participant": "3232",
          "train_size": 1,
          "n_seeds": 10,
          "n_train_samples_mean": 3.0,
          "n_test_samples_mean": 39.0,
          "test_acc_mean": 0.6025641025641025,
          "test_acc_std": 0.06757003547368333,
          "test_bal_acc_mean": 0.6025641025641025,
          "test_bal_acc_std": 0.06757003547368334,
          "test_f1_mean": 0.5890027935137587,
          "test_f1_std": 0.07744201254057806,
          "test_kappa_mean": 0.40384615384615385,
          "test_kappa_std": 0.10135505321052499,
          "confusion_matrix": [
            [
              39.23076923076923,
              11.538461538461538,
              49.23076923076923
            ],
            [
              2.3076923076923075,
              56.153846153846146,
              41.53846153846153
            ],
            [
              13.076923076923077,
              1.5384615384615385,
              85.38461538461539
            ]
          ]
        },
        {
          "participant": "3233",
          "train_size": 1,
          "n_seeds": 10,
          "n_train_samples_mean": 3.0,
          "n_test_samples_mean": 39.0,
          "test_acc_mean": 0.8025641025641026,
          "test_acc_std": 0.0888642306363763,
          "test_bal_acc_mean": 0.8025641025641026,
          "test_bal_acc_std": 0.08886423063637627,
          "test_f1_mean": 0.7935468471191996,
          "test_f1_std": 0.10021355384399079,
          "test_kappa_mean": 0.7038461538461538,
          "test_kappa_std": 0.1332963459545644,
          "confusion_matrix": [
            [
              63.84615384615385,
              16.153846153846153,
              20.0
            ],
            [
              1.5384615384615385,
              90.76923076923076,
              7.692307692307692
            ],
            [
              0.0,
              13.846153846153845,
              86.15384615384616
            ]
          ]
        },
        {
          "participant": "3234",
          "train_size": 1,
          "n_seeds": 10,
          "n_train_samples_mean": 3.0,
          "n_test_samples_mean": 39.0,
          "test_acc_mean": 0.4769230769230769,
          "test_acc_std": 0.047124952998599055,
          "test_bal_acc_mean": 0.4769230769230769,
          "test_bal_acc_std": 0.047124952998599055,
          "test_f1_mean": 0.4041920343308372,
          "test_f1_std": 0.05168691563317232,
          "test_kappa_mean": 0.21538461538461534,
          "test_kappa_std": 0.07068742949789857,
          "confusion_matrix": [
            [
              90.0,
              0.0,
              10.0
            ],
            [
              23.846153846153847,
              9.23076923076923,
              66.92307692307692
            ],
            [
              52.30769230769231,
              3.846153846153846,
              43.84615384615384
            ]
          ]
        },
        {
          "participant": "3235",
          "train_size": 1,
          "n_seeds": 10,
          "n_train_samples_mean": 3.0,
          "n_test_samples_mean": 38.0,
          "test_acc_mean": 0.7289473684210527,
          "test_acc_std": 0.07850754679040159,
          "test_bal_acc_mean": 0.7309829059829059,
          "test_bal_acc_std": 0.07654922606723999,
          "test_f1_mean": 0.7011495891957037,
          "test_f1_std": 0.11090670854630465,
          "test_kappa_mean": 0.5940999386158448,
          "test_kappa_std": 0.11627760398415245,
          "confusion_matrix": [
            [
              80.83333333333334,
              16.666666666666664,
              2.4999999999999996
            ],
            [
              2.3076923076923075,
              93.84615384615384,
              3.846153846153846
            ],
            [
              27.69230769230769,
              27.69230769230769,
              44.61538461538462
            ]
          ]
        },
        {
          "participant": "3236",
          "train_size": 1,
          "n_seeds": 10,
          "n_train_samples_mean": 3.0,
          "n_test_samples_mean": 31.0,
          "test_acc_mean": 0.7161290322580646,
          "test_acc_std": 0.07723993546695902,
          "test_bal_acc_mean": 0.716923076923077,
          "test_bal_acc_std": 0.07742665177535972,
          "test_f1_mean": 0.7235203997711565,
          "test_f1_std": 0.07558153399619229,
          "test_kappa_mean": 0.56231218409054,
          "test_kappa_std": 0.1138745046976398,
          "confusion_matrix": [
            [
              70.76923076923077,
              19.999999999999996,
              9.23076923076923
            ],
            [
              0.0,
              72.0,
              28.0
            ],
            [
              13.846153846153845,
              13.846153846153845,
              72.3076923076923
            ]
          ]
        },
        {
          "participant": "3237",
          "train_size": 1,
          "n_seeds": 10,
          "n_train_samples_mean": 3.0,
          "n_test_samples_mean": 36.0,
          "test_acc_mean": 0.5694444444444444,
          "test_acc_std": 0.09001028747788695,
          "test_bal_acc_mean": 0.5725641025641025,
          "test_bal_acc_std": 0.10291286855459546,
          "test_f1_mean": 0.5304332590309879,
          "test_f1_std": 0.10144781726206745,
          "test_kappa_mean": 0.3437849234683514,
          "test_kappa_std": 0.14568836334713214,
          "confusion_matrix": [
            [
              24.615384615384617,
              13.076923076923077,
              62.30769230769231
            ],
            [
              1.0,
              61.0,
              38.0
            ],
            [
              10.76923076923077,
              3.076923076923077,
              86.15384615384616
            ]
          ]
        },
        {
          "participant": "3238",
          "train_size": 1,
          "n_seeds": 10,
          "n_train_samples_mean": 3.0,
          "n_test_samples_mean": 39.0,
          "test_acc_mean": 0.5538461538461539,
          "test_acc_std": 0.055654087508033204,
          "test_bal_acc_mean": 0.5538461538461539,
          "test_bal_acc_std": 0.055654087508033204,
          "test_f1_mean": 0.5175220631825377,
          "test_f1_std": 0.07607556861947888,
          "test_kappa_mean": 0.33076923076923076,
          "test_kappa_std": 0.08348113126204977,
          "confusion_matrix": [
            [
              23.846153846153847,
              33.07692307692308,
              43.07692307692308
            ],
            [
              1.5384615384615385,
              56.15384615384615,
              42.30769230769231
            ],
            [
              0.0,
              13.846153846153845,
              86.15384615384616
            ]
          ]
        },
        {
          "participant": "3239",
          "train_size": 1,
          "n_seeds": 10,
          "n_train_samples_mean": 3.0,
          "n_test_samples_mean": 34.0,
          "test_acc_mean": 0.5911764705882353,
          "test_acc_std": 0.05623384470470585,
          "test_bal_acc_mean": 0.6177350427350426,
          "test_bal_acc_std": 0.049260489124803096,
          "test_f1_mean": 0.5597196946704405,
          "test_f1_std": 0.07180505621285974,
          "test_kappa_mean": 0.40620665870672557,
          "test_kappa_std": 0.0726842836269925,
          "confusion_matrix": [
            [
              26.15384615384615,
              9.230769230769232,
              64.61538461538461
            ],
            [
              5.833333333333331,
              79.16666666666666,
              15.0
            ],
            [
              13.333333333333332,
              6.666666666666666,
              80.0
            ]
          ]
        },
        {
          "participant": "3240",
          "train_size": 1,
          "n_seeds": 10,
          "n_train_samples_mean": 3.0,
          "n_test_samples_mean": 37.0,
          "test_acc_mean": 0.8081081081081081,
          "test_acc_std": 0.07368686503307578,
          "test_bal_acc_mean": 0.8091880341880342,
          "test_bal_acc_std": 0.07379309243904056,
          "test_f1_mean": 0.8052311144528133,
          "test_f1_std": 0.07828451825999383,
          "test_kappa_mean": 0.7128812575868536,
          "test_kappa_std": 0.10997008450073134,
          "confusion_matrix": [
            [
              94.16666666666666,
              2.4999999999999996,
              3.333333333333333
            ],
            [
              17.692307692307693,
              76.92307692307692,
              5.384615384615385
            ],
            [
              27.5,
              0.8333333333333333,
              71.66666666666667
            ]
          ]
        },
        {
          "participant": "3241",
          "train_size": 1,
          "n_seeds": 10,
          "n_train_samples_mean": 3.0,
          "n_test_samples_mean": 39.0,
          "test_acc_mean": 0.5897435897435896,
          "test_acc_std": 0.04834918161959299,
          "test_bal_acc_mean": 0.5897435897435896,
          "test_bal_acc_std": 0.04834918161959297,
          "test_f1_mean": 0.5713021495209527,
          "test_f1_std": 0.05400975646431475,
          "test_kappa_mean": 0.38461538461538464,
          "test_kappa_std": 0.07252377242938948,
          "confusion_matrix": [
            [
              50.76923076923077,
              35.38461538461538,
              13.846153846153845
            ],
            [
              23.076923076923077,
              46.15384615384615,
              30.769230769230766
            ],
            [
              16.923076923076923,
              3.076923076923077,
              80.0
            ]
          ]
        },
        {
          "participant": "3242",
          "train_size": 1,
          "n_seeds": 10,
          "n_train_samples_mean": 3.0,
          "n_test_samples_mean": 39.0,
          "test_acc_mean": 0.8948717948717949,
          "test_acc_std": 0.10000365250105132,
          "test_bal_acc_mean": 0.8948717948717949,
          "test_bal_acc_std": 0.10000365250105137,
          "test_f1_mean": 0.8902365285749493,
          "test_f1_std": 0.10486200033741776,
          "test_kappa_mean": 0.8423076923076923,
          "test_kappa_std": 0.150005478751577,
          "confusion_matrix": [
            [
              100.0,
              0.0,
              0.0
            ],
            [
              12.307692307692308,
              86.15384615384616,
              1.5384615384615385
            ],
            [
              3.076923076923077,
              14.615384615384617,
              82.30769230769229
            ]
          ]
        },
        {
          "participant": "3243",
          "train_size": 1,
          "n_seeds": 10,
          "n_train_samples_mean": 3.0,
          "n_test_samples_mean": 38.0,
          "test_acc_mean": 0.7421052631578947,
          "test_acc_std": 0.06301152630199289,
          "test_bal_acc_mean": 0.7474358974358974,
          "test_bal_acc_std": 0.061943703689447016,
          "test_f1_mean": 0.7336150366475722,
          "test_f1_std": 0.06826799579777242,
          "test_kappa_mean": 0.613719854215556,
          "test_kappa_std": 0.09364394951684679,
          "confusion_matrix": [
            [
              95.00000000000001,
              2.4999999999999996,
              2.4999999999999996
            ],
            [
              2.3076923076923075,
              72.30769230769229,
              25.384615384615383
            ],
            [
              15.384615384615387,
              27.69230769230769,
              56.92307692307693
            ]
          ]
        },
        {
          "participant": "3244",
          "train_size": 1,
          "n_seeds": 10,
          "n_train_samples_mean": 3.0,
          "n_test_samples_mean": 39.0,
          "test_acc_mean": 0.6717948717948719,
          "test_acc_std": 0.05643615049305699,
          "test_bal_acc_mean": 0.6717948717948719,
          "test_bal_acc_std": 0.056436150493056995,
          "test_f1_mean": 0.6256095499853381,
          "test_f1_std": 0.08959380027255262,
          "test_kappa_mean": 0.5076923076923077,
          "test_kappa_std": 0.0846542257395855,
          "confusion_matrix": [
            [
              90.0,
              0.0,
              10.0
            ],
            [
              14.615384615384617,
              83.07692307692308,
              2.3076923076923075
            ],
            [
              57.6923076923077,
              13.846153846153848,
              28.46153846153846
            ]
          ]
        },
        {
          "participant": "3245",
          "train_size": 1,
          "n_seeds": 10,
          "n_train_samples_mean": 3.0,
          "n_test_samples_mean": 37.0,
          "test_acc_mean": 0.7837837837837839,
          "test_acc_std": 0.08734558301651045,
          "test_bal_acc_mean": 0.7827505827505827,
          "test_bal_acc_std": 0.0907582142756163,
          "test_f1_mean": 0.7731601724026564,
          "test_f1_std": 0.09501181393169661,
          "test_kappa_mean": 0.6742156307555403,
          "test_kappa_std": 0.13296409228819064,
          "confusion_matrix": [
            [
              63.84615384615385,
              16.923076923076923,
              19.23076923076923
            ],
            [
              5.384615384615385,
              94.61538461538461,
              0.0
            ],
            [
              10.90909090909091,
              12.727272727272728,
              76.36363636363636
            ]
          ]
        },
        {
          "participant": "3246",
          "train_size": 1,
          "n_seeds": 10,
          "n_train_samples_mean": 3.0,
          "n_test_samples_mean": 39.0,
          "test_acc_mean": 0.48974358974358967,
          "test_acc_std": 0.03907394683987164,
          "test_bal_acc_mean": 0.4897435897435898,
          "test_bal_acc_std": 0.039073946839871664,
          "test_f1_mean": 0.4197921205463457,
          "test_f1_std": 0.05860343292230827,
          "test_kappa_mean": 0.2346153846153846,
          "test_kappa_std": 0.0586109202598075,
          "confusion_matrix": [
            [
              34.61538461538461,
              55.384615384615394,
              10.0
            ],
            [
              0.7692307692307693,
              99.23076923076924,
              0.0
            ],
            [
              8.461538461538462,
              78.46153846153847,
              13.076923076923077
            ]
          ]
        },
        {
          "participant": "3247",
          "train_size": 1,
          "n_seeds": 10,
          "n_train_samples_mean": 3.0,
          "n_test_samples_mean": 39.0,
          "test_acc_mean": 0.5641025641025641,
          "test_acc_std": 0.1094551151697923,
          "test_bal_acc_mean": 0.5641025641025641,
          "test_bal_acc_std": 0.10945511516979228,
          "test_f1_mean": 0.5270240616572744,
          "test_f1_std": 0.1317298207079506,
          "test_kappa_mean": 0.34615384615384615,
          "test_kappa_std": 0.16418267275468845,
          "confusion_matrix": [
            [
              46.92307692307693,
              50.0,
              3.076923076923077
            ],
            [
              6.153846153846155,
              44.61538461538462,
              49.230769230769226
            ],
            [
              0.0,
              22.307692307692307,
              77.69230769230771
            ]
          ]
        },
        {
          "participant": "3248",
          "train_size": 1,
          "n_seeds": 10,
          "n_train_samples_mean": 3.0,
          "n_test_samples_mean": 38.0,
          "test_acc_mean": 0.6105263157894736,
          "test_acc_std": 0.047724457925387515,
          "test_bal_acc_mean": 0.6134615384615384,
          "test_bal_acc_std": 0.048802948956846046,
