{
  "name": "pose_perf_eye_gsr",
  "config": {
    "n_seeds": 10,
    "feature_selection": "backward",
    "use_pca": false,
    "pca_variance": 0.95,
    "write_cm": true,
    "tune_hyperparameters": false,
    "tune_n_iter": 30,
    "tune_cv_folds": 5,
    "use_pose_derivatives": true,
    "use_time_features": false,
    "class_config": "all",
    "include_order": false,
    "name": "pose_perf_eye_gsr",
    "feature_groups": [
      "pose",
      "performance",
      "eye_tracking",
      "gsr"
    ],
    "split_strategy": "participant_specific",
    "sampling_strategy": "temporal_stratified"
  },
  "sampling_strategy": "temporal_stratified",
  "n_seeds": 10,
  "learning_curve": [
    {
      "aggregated": {
        "train_size": 1,
        "n_participants": 39,
        "n_seeds": 10,
        "test_acc_mean": 0.583632046525074,
        "test_acc_std": 0.1055736674412108,
        "test_bal_acc_mean": 0.5823940091247782,
        "test_bal_acc_std": 0.10619624506886463,
        "test_f1_mean": 0.551007570721645,
        "test_f1_std": 0.12136725589718007,
        "test_kappa_mean": 0.37170444424161747,
        "test_kappa_std": 0.15975748028714098,
        "confusion_matrix": [
          [
            56.30341880341879,
            19.53155818540434,
            24.165023011176853
          ],
          [
            14.269997808459339,
            58.916721455182994,
            26.813280736357658
          ],
          [
            17.739789412866337,
            22.76214810830195,
            59.49806247883169
          ]
        ]
      },
      "per_participant": [
        {
          "participant": "3208",
          "train_size": 1,
          "n_seeds": 10,
          "n_train_samples_mean": 3.0,
          "n_test_samples_mean": 39.0,
          "test_acc_mean": 0.523076923076923,
          "test_acc_std": 0.059461631216841324,
          "test_bal_acc_mean": 0.5230769230769231,
          "test_bal_acc_std": 0.05946163121684135,
          "test_f1_mean": 0.49737489540951413,
          "test_f1_std": 0.08220731030149771,
          "test_kappa_mean": 0.28461538461538466,
          "test_kappa_std": 0.08919244682526198,
          "confusion_matrix": [
            [
              62.30769230769231,
              14.615384615384617,
              23.076923076923073
            ],
            [
              29.999999999999993,
              38.46153846153845,
              31.538461538461537
            ],
            [
              16.92307692307692,
              26.923076923076923,
              56.15384615384615
            ]
          ]
        },
        {
          "participant": "3209",
          "train_size": 1,
          "n_seeds": 10,
          "n_train_samples_mean": 3.0,
          "n_test_samples_mean": 38.0,
          "test_acc_mean": 0.5815789473684211,
          "test_acc_std": 0.11126874014334441,
          "test_bal_acc_mean": 0.5754273504273504,
          "test_bal_acc_std": 0.11300368774031389,
          "test_f1_mean": 0.5477057530930026,
          "test_f1_std": 0.1371116923392077,
          "test_kappa_mean": 0.3665300071812557,
          "test_kappa_std": 0.1697002854156721,
          "confusion_matrix": [
            [
              76.15384615384616,
              22.307692307692307,
              1.5384615384615385
            ],
            [
              36.92307692307693,
              62.30769230769231,
              0.7692307692307693
            ],
            [
              32.49999999999999,
              33.33333333333333,
              34.166666666666664
            ]
          ]
        },
        {
          "participant": "3214",
          "train_size": 1,
          "n_seeds": 10,
          "n_train_samples_mean": 3.0,
          "n_test_samples_mean": 39.0,
          "test_acc_mean": 0.5717948717948719,
          "test_acc_std": 0.07744363275264475,
          "test_bal_acc_mean": 0.5717948717948718,
          "test_bal_acc_std": 0.07744363275264474,
          "test_f1_mean": 0.5602708294657086,
          "test_f1_std": 0.09370217330502234,
          "test_kappa_mean": 0.3576923076923077,
          "test_kappa_std": 0.11616544912896713,
          "confusion_matrix": [
            [
              48.46153846153846,
              31.538461538461537,
              19.999999999999996
            ],
            [
              0.7692307692307693,
              73.07692307692308,
              26.15384615384615
            ],
            [
              1.5384615384615385,
              48.46153846153846,
              50.00000000000001
            ]
          ]
        },
        {
          "participant": "3215",
          "train_size": 1,
          "n_seeds": 10,
          "n_train_samples_mean": 3.0,
          "n_test_samples_mean": 39.0,
          "test_acc_mean": 0.44102564102564107,
          "test_acc_std": 0.050996355180089895,
          "test_bal_acc_mean": 0.44102564102564107,
          "test_bal_acc_std": 0.05099635518008989,
          "test_f1_mean": 0.3440252298056675,
          "test_f1_std": 0.049451618867837915,
          "test_kappa_mean": 0.16153846153846155,
          "test_kappa_std": 0.07649453277013488,
          "confusion_matrix": [
            [
              82.3076923076923,
              0.0,
              17.692307692307693
            ],
            [
              56.15384615384615,
              0.7692307692307693,
              43.07692307692308
            ],
            [
              50.769230769230774,
              0.0,
              49.23076923076924
            ]
          ]
        },
        {
          "participant": "3216",
          "train_size": 1,
          "n_seeds": 10,
          "n_train_samples_mean": 3.0,
          "n_test_samples_mean": 37.0,
          "test_acc_mean": 0.5864864864864865,
          "test_acc_std": 0.06866969009066488,
          "test_bal_acc_mean": 0.5848484848484848,
          "test_bal_acc_std": 0.07563255478073556,
          "test_f1_mean": 0.5757787893786255,
          "test_f1_std": 0.07915056232502081,
          "test_kappa_mean": 0.3787299736715447,
          "test_kappa_std": 0.10767166711167168,
          "confusion_matrix": [
            [
              68.46153846153847,
              20.0,
              11.538461538461538
            ],
            [
              13.846153846153845,
              51.53846153846155,
              34.61538461538462
            ],
            [
              19.090909090909093,
              25.454545454545457,
              55.45454545454546
            ]
          ]
        },
        {
          "participant": "3217",
          "train_size": 1,
          "n_seeds": 10,
          "n_train_samples_mean": 3.0,
          "n_test_samples_mean": 39.0,
          "test_acc_mean": 0.558974358974359,
          "test_acc_std": 0.11130817501606638,
          "test_bal_acc_mean": 0.558974358974359,
          "test_bal_acc_std": 0.11130817501606635,
          "test_f1_mean": 0.5379723163202716,
          "test_f1_std": 0.1307387782686173,
          "test_kappa_mean": 0.3384615384615385,
          "test_kappa_std": 0.16696226252409957,
          "confusion_matrix": [
            [
              36.15384615384615,
              56.15384615384615,
              7.692307692307693
            ],
            [
              18.46153846153846,
              76.15384615384616,
              5.384615384615385
            ],
            [
              3.846153846153846,
              40.769230769230774,
              55.38461538461538
            ]
          ]
        },
        {
          "participant": "3218",
          "train_size": 1,
          "n_seeds": 10,
          "n_train_samples_mean": 3.0,
          "n_test_samples_mean": 39.0,
          "test_acc_mean": 0.7717948717948717,
          "test_acc_std": 0.0655951584764099,
          "test_bal_acc_mean": 0.7717948717948717,
          "test_bal_acc_std": 0.06559515847640991,
          "test_f1_mean": 0.7585283804796328,
          "test_f1_std": 0.07573458207685393,
          "test_kappa_mean": 0.6576923076923078,
          "test_kappa_std": 0.09839273771461486,
          "confusion_matrix": [
            [
              96.15384615384616,
              3.846153846153846,
              0.0
            ],
            [
              17.692307692307686,
              65.38461538461539,
              16.92307692307692
            ],
            [
              3.846153846153846,
              26.15384615384615,
              70.0
            ]
          ]
        },
        {
          "participant": "3219",
          "train_size": 1,
          "n_seeds": 10,
          "n_train_samples_mean": 3.0,
          "n_test_samples_mean": 32.0,
          "test_acc_mean": 0.5125,
          "test_acc_std": 0.07822909731466078,
          "test_bal_acc_mean": 0.5152777777777778,
          "test_bal_acc_std": 0.08647622713834309,
          "test_f1_mean": 0.49237076786895295,
          "test_f1_std": 0.08428422197611664,
          "test_kappa_mean": 0.25162364588387004,
          "test_kappa_std": 0.13206801563386028,
          "confusion_matrix": [
            [
              41.66666666666667,
              45.0,
              13.333333333333332
            ],
            [
              30.0,
              59.166666666666664,
              10.833333333333332
            ],
            [
              13.75,
              32.5,
              53.75
            ]
          ]
        },
        {
          "participant": "3220",
          "train_size": 1,
          "n_seeds": 10,
          "n_train_samples_mean": 3.0,
          "n_test_samples_mean": 39.0,
          "test_acc_mean": 0.6205128205128205,
          "test_acc_std": 0.11892326243368263,
          "test_bal_acc_mean": 0.6205128205128205,
          "test_bal_acc_std": 0.11892326243368263,
          "test_f1_mean": 0.5858713926293511,
          "test_f1_std": 0.15177776151895536,
          "test_kappa_mean": 0.43076923076923074,
          "test_kappa_std": 0.17838489365052398,
          "confusion_matrix": [
            [
              55.38461538461538,
              44.61538461538462,
              0.0
            ],
            [
              6.153846153846155,
              93.84615384615384,
              0.0
            ],
            [
              26.923076923076923,
              36.15384615384615,
              36.92307692307692
            ]
          ]
        },
        {
          "participant": "3221",
          "train_size": 1,
          "n_seeds": 10,
          "n_train_samples_mean": 3.0,
          "n_test_samples_mean": 39.0,
          "test_acc_mean": 0.5974358974358973,
          "test_acc_std": 0.09521382866074271,
          "test_bal_acc_mean": 0.5974358974358973,
          "test_bal_acc_std": 0.09521382866074268,
          "test_f1_mean": 0.5579586034197188,
          "test_f1_std": 0.11213635750092814,
          "test_kappa_mean": 0.3961538461538462,
          "test_kappa_std": 0.14282074299111405,
          "confusion_matrix": [
            [
              87.6923076923077,
              10.0,
              2.3076923076923075
            ],
            [
              30.0,
              56.15384615384615,
              13.846153846153845
            ],
            [
              50.769230769230774,
              13.846153846153845,
              35.38461538461539
            ]
          ]
        },
        {
          "participant": "3222",
          "train_size": 1,
          "n_seeds": 10,
          "n_train_samples_mean": 3.0,
          "n_test_samples_mean": 35.0,
          "test_acc_mean": 0.39142857142857135,
          "test_acc_std": 0.1220014497516181,
          "test_bal_acc_mean": 0.3626780626780627,
          "test_bal_acc_std": 0.12490963392409339,
          "test_f1_mean": 0.3428907981335452,
          "test_f1_std": 0.11850174624786129,
          "test_kappa_mean": 0.035624507035086364,
          "test_kappa_std": 0.19767820677940043,
          "confusion_matrix": [
            [
              30.0,
              0.0,
              69.99999999999999
            ],
            [
              12.222222222222223,
              11.11111111111111,
              76.66666666666666
            ],
            [
              32.30769230769231,
              0.0,
              67.69230769230771
            ]
          ]
        },
        {
          "participant": "3223",
          "train_size": 1,
          "n_seeds": 10,
          "n_train_samples_mean": 3.0,
          "n_test_samples_mean": 39.0,
          "test_acc_mean": 0.5179487179487179,
          "test_acc_std": 0.07814789367974333,
          "test_bal_acc_mean": 0.5179487179487179,
          "test_bal_acc_std": 0.07814789367974334,
          "test_f1_mean": 0.455917455305745,
          "test_f1_std": 0.09712344685196767,
          "test_kappa_mean": 0.27692307692307694,
          "test_kappa_std": 0.117221840519615,
          "confusion_matrix": [
            [
              15.384615384615383,
              31.538461538461537,
              53.07692307692307
            ],
            [
              0.0,
              87.6923076923077,
              12.307692307692308
            ],
            [
              0.0,
              47.69230769230769,
              52.30769230769231
            ]
          ]
        },
        {
          "participant": "3224",
          "train_size": 1,
          "n_seeds": 10,
          "n_train_samples_mean": 3.0,
          "n_test_samples_mean": 24.0,
          "test_acc_mean": 0.6083333333333334,
          "test_acc_std": 0.07657804862272344,
          "test_bal_acc_mean": 0.5499999999999999,
          "test_bal_acc_std": 0.058325984251939335,
          "test_f1_mean": 0.6106330038136135,
          "test_f1_std": 0.0725947414289444,
          "test_kappa_mean": 0.3764997446862684,
          "test_kappa_std": 0.09834480340547114,
          "confusion_matrix": [
            [
              35.0,
              15.0,
              50.0
            ],
            [
              27.5,
              45.0,
              27.499999999999993
            ],
            [
              6.0,
              9.0,
              85.0
            ]
          ]
        },
        {
          "participant": "3225",
          "train_size": 1,
          "n_seeds": 10,
          "n_train_samples_mean": 3.0,
          "n_test_samples_mean": 39.0,
          "test_acc_mean": 0.49230769230769234,
          "test_acc_std": 0.07332516440864005,
          "test_bal_acc_mean": 0.49230769230769234,
          "test_bal_acc_std": 0.07332516440864006,
          "test_f1_mean": 0.49081824080227443,
          "test_f1_std": 0.06834297911498027,
          "test_kappa_mean": 0.23846153846153845,
          "test_kappa_std": 0.1099877466129601,
          "confusion_matrix": [
            [
              78.46153846153845,
              14.615384615384617,
              6.9230769230769225
            ],
            [
              14.615384615384617,
              32.30769230769231,
              53.07692307692308
            ],
            [
              0.0,
              63.07692307692307,
              36.92307692307692
            ]
          ]
        },
        {
          "participant": "3226",
          "train_size": 1,
          "n_seeds": 10,
          "n_train_samples_mean": 3.0,
          "n_test_samples_mean": 39.0,
          "test_acc_mean": 0.49230769230769234,
          "test_acc_std": 0.05378506913693083,
          "test_bal_acc_mean": 0.49230769230769234,
          "test_bal_acc_std": 0.05378506913693084,
          "test_f1_mean": 0.4404035478931946,
          "test_f1_std": 0.040279530822522606,
          "test_kappa_mean": 0.2384615384615385,
          "test_kappa_std": 0.08067760370539628,
          "confusion_matrix": [
            [
              12.307692307692308,
              49.23076923076924,
              38.46153846153847
            ],
            [
              7.692307692307692,
              63.07692307692308,
              29.230769230769237
            ],
            [
              0.7692307692307693,
              26.923076923076923,
              72.3076923076923
            ]
          ]
        },
        {
          "participant": "3227",
          "train_size": 1,
          "n_seeds": 10,
          "n_train_samples_mean": 3.0,
          "n_test_samples_mean": 39.0,
          "test_acc_mean": 0.6179487179487179,
          "test_acc_std": 0.06669953167564674,
          "test_bal_acc_mean": 0.6179487179487179,
          "test_bal_acc_std": 0.06669953167564673,
          "test_f1_mean": 0.5985975882230651,
          "test_f1_std": 0.0704957655841117,
          "test_kappa_mean": 0.426923076923077,
          "test_kappa_std": 0.10004929751347011,
          "confusion_matrix": [
            [
              56.92307692307692,
              40.0,
              3.076923076923077
            ],
            [
              5.384615384615385,
              43.07692307692308,
              51.53846153846153
            ],
            [
              0.0,
              14.615384615384617,
              85.38461538461539
            ]
          ]
        },
        {
          "participant": "3228",
          "train_size": 1,
          "n_seeds": 10,
          "n_train_samples_mean": 3.0,
          "n_test_samples_mean": 30.0,
          "test_acc_mean": 0.7033333333333334,
          "test_acc_std": 0.11701007659467352,
          "test_bal_acc_mean": 0.6621794871794873,
          "test_bal_acc_std": 0.14624035276648656,
          "test_f1_mean": 0.6714528742428038,
          "test_f1_std": 0.15559559886296329,
          "test_kappa_mean": 0.49241702267499177,
          "test_kappa_std": 0.209050549026272,
          "confusion_matrix": [
            [
              52.5,
              47.5,
              0.0
            ],
            [
              0.0,
              92.30769230769232,
              7.692307692307692
            ],
            [
              0.0,
              46.15384615384615,
              53.84615384615385
            ]
          ]
        },
        {
          "participant": "3229",
          "train_size": 1,
          "n_seeds": 10,
          "n_train_samples_mean": 3.0,
          "n_test_samples_mean": 39.0,
          "test_acc_mean": 0.4461538461538462,
          "test_acc_std": 0.06964632064090039,
          "test_bal_acc_mean": 0.4461538461538462,
          "test_bal_acc_std": 0.0696463206409004,
          "test_f1_mean": 0.36973334223676674,
          "test_f1_std": 0.09500438340647113,
          "test_kappa_mean": 0.1692307692307692,
          "test_kappa_std": 0.10446948096135056,
          "confusion_matrix": [
            [
              34.61538461538462,
              9.23076923076923,
              56.15384615384615
            ],
            [
              28.46153846153846,
              10.76923076923077,
              60.76923076923076
            ],
            [
              11.53846153846154,
              0.0,
              88.46153846153845
            ]
          ]
        },
        {
          "participant": "3230",
          "train_size": 1,
          "n_seeds": 10,
          "n_train_samples_mean": 3.0,
          "n_test_samples_mean": 39.0,
          "test_acc_mean": 0.4999999999999999,
          "test_acc_std": 0.10554776953186726,
          "test_bal_acc_mean": 0.5,
          "test_bal_acc_std": 0.10554776953186726,
          "test_f1_mean": 0.4872512379228975,
          "test_f1_std": 0.0974309595981838,
          "test_kappa_mean": 0.25,
          "test_kappa_std": 0.1583216542978009,
          "confusion_matrix": [
            [
              30.769230769230766,
              6.153846153846154,
              63.07692307692308
            ],
            [
              23.846153846153847,
              66.92307692307693,
              9.230769230769232
            ],
            [
              42.30769230769231,
              5.384615384615385,
              52.30769230769231
            ]
          ]
        },
        {
          "participant": "3231",
          "train_size": 1,
          "n_seeds": 10,
          "n_train_samples_mean": 3.0,
          "n_test_samples_mean": 39.0,
          "test_acc_mean": 0.4384615384615385,
          "test_acc_std": 0.0875390607115854,
          "test_bal_acc_mean": 0.4384615384615385,
          "test_bal_acc_std": 0.0875390607115854,
          "test_f1_mean": 0.37041284393024704,
          "test_f1_std": 0.11122612624554805,
          "test_kappa_mean": 0.15769230769230771,
          "test_kappa_std": 0.13130859106737813,
          "confusion_matrix": [
            [
              26.153846153846153,
              10.0,
              63.84615384615385
            ],
            [
              22.307692307692303,
              21.53846153846154,
              56.15384615384615
            ],
            [
              16.15384615384615,
              0.0,
              83.84615384615384
            ]
          ]
        },
        {
          "participant": "3232",
          "train_size": 1,
          "n_seeds": 10,
          "n_train_samples_mean": 3.0,
          "n_test_samples_mean": 39.0,
          "test_acc_mean": 0.5179487179487179,
          "test_acc_std": 0.0918952482442093,
          "test_bal_acc_mean": 0.517948717948718,
          "test_bal_acc_std": 0.09189524824420933,
          "test_f1_mean": 0.48782421516520147,
          "test_f1_std": 0.10847194927431286,
          "test_kappa_mean": 0.27692307692307694,
          "test_kappa_std": 0.13784287236631396,
          "confusion_matrix": [
            [
              36.92307692307692,
              10.0,
              53.07692307692308
            ],
            [
              16.923076923076923,
              33.84615384615385,
              49.230769230769226
            ],
            [
              13.076923076923077,
              2.3076923076923075,
              84.61538461538461
            ]
          ]
        },
        {
          "participant": "3233",
          "train_size": 1,
          "n_seeds": 10,
          "n_train_samples_mean": 3.0,
          "n_test_samples_mean": 39.0,
          "test_acc_mean": 0.7153846153846154,
          "test_acc_std": 0.07875315897291925,
          "test_bal_acc_mean": 0.7153846153846154,
          "test_bal_acc_std": 0.07875315897291923,
          "test_f1_mean": 0.7023102417950949,
          "test_f1_std": 0.09492282314469333,
          "test_kappa_mean": 0.573076923076923,
          "test_kappa_std": 0.11812973845937891,
          "confusion_matrix": [
            [
              58.46153846153845,
              10.76923076923077,
              30.769230769230766
            ],
            [
              5.384615384615385,
              69.23076923076923,
              25.38461538461539
            ],
            [
              0.0,
              13.076923076923077,
              86.92307692307693
            ]
          ]
        },
        {
          "participant": "3234",
          "train_size": 1,
          "n_seeds": 10,
          "n_train_samples_mean": 3.0,
          "n_test_samples_mean": 39.0,
          "test_acc_mean": 0.4666666666666667,
          "test_acc_std": 0.04490230952671348,
          "test_bal_acc_mean": 0.4666666666666667,
          "test_bal_acc_std": 0.044902309526713494,
          "test_f1_mean": 0.40364672022644943,
          "test_f1_std": 0.06667820689741155,
          "test_kappa_mean": 0.2,
          "test_kappa_std": 0.06735346429007026,
          "confusion_matrix": [
            [
              87.6923076923077,
              0.0,
              12.307692307692308
            ],
            [
              30.0,
              14.615384615384613,
              55.38461538461538
            ],
            [
              60.0,
              2.3076923076923075,
              37.69230769230769
            ]
          ]
        },
        {
          "participant": "3235",
          "train_size": 1,
          "n_seeds": 10,
          "n_train_samples_mean": 3.0,
          "n_test_samples_mean": 38.0,
          "test_acc_mean": 0.7473684210526316,
          "test_acc_std": 0.05575525818270423,
          "test_bal_acc_mean": 0.7474358974358974,
          "test_bal_acc_std": 0.05313600356365657,
          "test_f1_mean": 0.7272168390486399,
          "test_f1_std": 0.08308866752962599,
          "test_kappa_mean": 0.6210290603504471,
          "test_kappa_std": 0.0820353262655386,
          "confusion_matrix": [
            [
              75.0,
              17.499999999999996,
              7.499999999999998
            ],
            [
              0.7692307692307693,
              99.23076923076923,
              0.0
            ],
            [
              21.53846153846154,
              28.46153846153846,
              50.0
            ]
          ]
        },
        {
          "participant": "3236",
          "train_size": 1,
          "n_seeds": 10,
          "n_train_samples_mean": 3.0,
          "n_test_samples_mean": 31.0,
          "test_acc_mean": 0.5516129032258064,
          "test_acc_std": 0.09671443794309187,
          "test_bal_acc_mean": 0.5984615384615386,
          "test_bal_acc_std": 0.09730235262686192,
          "test_f1_mean": 0.5341030548152612,
          "test_f1_std": 0.09771091062391864,
          "test_kappa_mean": 0.3413231257985937,
          "test_kappa_std": 0.12739675255255503,
          "confusion_matrix": [
            [
              70.00000000000001,
              25.384615384615383,
              4.615384615384615
            ],
            [
              0.0,
              78.0,
              22.0
            ],
            [
              33.07692307692308,
              35.38461538461539,
              31.538461538461537
            ]
          ]
        },
        {
          "participant": "3237",
          "train_size": 1,
          "n_seeds": 10,
          "n_train_samples_mean": 3.0,
          "n_test_samples_mean": 36.0,
          "test_acc_mean": 0.5416666666666667,
          "test_acc_std": 0.07081971546656646,
          "test_bal_acc_mean": 0.5523076923076924,
          "test_bal_acc_std": 0.0742085126724502,
          "test_f1_mean": 0.4949289811508207,
          "test_f1_std": 0.09053408956307377,
          "test_kappa_mean": 0.3114651238537463,
          "test_kappa_std": 0.10457476624281248,
          "confusion_matrix": [
            [
              24.615384615384613,
              20.769230769230766,
              54.61538461538462
            ],
            [
              7.0,
              68.0,
              25.0
            ],
            [
              10.76923076923077,
              16.153846153846153,
              73.07692307692307
            ]
          ]
        },
        {
          "participant": "3238",
          "train_size": 1,
          "n_seeds": 10,
          "n_train_samples_mean": 3.0,
          "n_test_samples_mean": 39.0,
          "test_acc_mean": 0.49743589743589745,
          "test_acc_std": 0.05565408750803319,
          "test_bal_acc_mean": 0.49743589743589745,
          "test_bal_acc_std": 0.055654087508033176,
          "test_f1_mean": 0.4493427004032875,
          "test_f1_std": 0.07582004165828815,
          "test_kappa_mean": 0.24615384615384617,
          "test_kappa_std": 0.08348113126204977,
          "confusion_matrix": [
            [
              17.692307692307693,
              49.23076923076924,
              33.07692307692308
            ],
            [
              1.5384615384615385,
              45.38461538461538,
              53.07692307692308
            ],
            [
              0.7692307692307693,
              13.076923076923077,
              86.15384615384616
            ]
          ]
        },
        {
          "participant": "3239",
          "train_size": 1,
          "n_seeds": 10,
          "n_train_samples_mean": 3.0,
          "n_test_samples_mean": 34.0,
          "test_acc_mean": 0.6294117647058822,
          "test_acc_std": 0.08456415157979541,
          "test_bal_acc_mean": 0.6486467236467236,
          "test_bal_acc_std": 0.06857120547266739,
          "test_f1_mean": 0.6137808521997355,
          "test_f1_std": 0.10800492202985343,
          "test_kappa_mean": 0.45866134549286236,
          "test_kappa_std": 0.11160950289320846,
          "confusion_matrix": [
            [
              41.53846153846153,
              6.923076923076924,
              51.53846153846155
            ],
            [
              7.499999999999997,
              74.16666666666667,
              18.333333333333332
            ],
            [
              14.444444444444446,
              6.666666666666666,
              78.88888888888889
            ]
          ]
        },
        {
          "participant": "3240",
          "train_size": 1,
          "n_seeds": 10,
          "n_train_samples_mean": 3.0,
          "n_test_samples_mean": 37.0,
          "test_acc_mean": 0.6702702702702703,
          "test_acc_std": 0.07936113710106393,
          "test_bal_acc_mean": 0.6747863247863247,
          "test_bal_acc_std": 0.07907458603068412,
          "test_f1_mean": 0.6581822633095131,
          "test_f1_std": 0.08988135770180629,
          "test_kappa_mean": 0.5086312343041413,
          "test_kappa_std": 0.11768259488983786,
          "confusion_matrix": [
            [
              84.16666666666666,
              0.0,
              15.833333333333332
            ],
            [
              32.30769230769231,
              50.76923076923078,
              16.923076923076923
            ],
            [
              32.49999999999999,
              0.0,
              67.5
            ]
          ]
        },
        {
          "participant": "3241",
          "train_size": 1,
          "n_seeds": 10,
          "n_train_samples_mean": 3.0,
          "n_test_samples_mean": 39.0,
          "test_acc_mean": 0.5717948717948718,
          "test_acc_std": 0.06049688331345776,
          "test_bal_acc_mean": 0.5717948717948718,
          "test_bal_acc_std": 0.06049688331345775,
          "test_f1_mean": 0.5493850949907623,
          "test_f1_std": 0.0711762265713761,
          "test_kappa_mean": 0.3576923076923077,
          "test_kappa_std": 0.09074532497018661,
          "confusion_matrix": [
            [
              55.384615384615394,
              15.384615384615383,
              29.230769230769234
            ],
            [
              34.61538461538461,
              39.230769230769226,
              26.153846153846153
            ],
            [
              21.53846153846154,
              1.5384615384615385,
              76.92307692307693
            ]
          ]
        },
        {
          "participant": "3242",
          "train_size": 1,
          "n_seeds": 10,
          "n_train_samples_mean": 3.0,
          "n_test_samples_mean": 39.0,
          "test_acc_mean": 0.8487179487179487,
          "test_acc_std": 0.05191911982388871,
          "test_bal_acc_mean": 0.8487179487179487,
          "test_bal_acc_std": 0.05191911982388864,
          "test_f1_mean": 0.8431049437810862,
          "test_f1_std": 0.056717318830406475,
          "test_kappa_mean": 0.773076923076923,
          "test_kappa_std": 0.07787867973583303,
          "confusion_matrix": [
            [
              98.46153846153847,
              1.5384615384615385,
              0.0
            ],
            [
              13.846153846153845,
              79.23076923076923,
              6.9230769230769225
            ],
            [
              3.846153846153846,
              19.230769230769226,
              76.92307692307692
            ]
          ]
        },
        {
          "participant": "3243",
          "train_size": 1,
          "n_seeds": 10,
          "n_train_samples_mean": 3.0,
          "n_test_samples_mean": 38.0,
          "test_acc_mean": 0.7052631578947368,
          "test_acc_std": 0.05233836452693438,
          "test_bal_acc_mean": 0.7108974358974358,
          "test_bal_acc_std": 0.051911791065919304,
          "test_f1_mean": 0.6851338412093282,
          "test_f1_std": 0.07625339712532331,
          "test_kappa_mean": 0.5586389703923046,
          "test_kappa_std": 0.07818392298077842,
          "confusion_matrix": [
            [
              92.5,
              2.4999999999999996,
              4.999999999999999
            ],
            [
              3.076923076923077,
              73.84615384615385,
              23.076923076923077
            ],
            [
              20.769230769230774,
              32.30769230769231,
              46.92307692307692
            ]
          ]
        },
        {
          "participant": "3244",
          "train_size": 1,
          "n_seeds": 10,
          "n_train_samples_mean": 3.0,
          "n_test_samples_mean": 39.0,
          "test_acc_mean": 0.635897435897436,
          "test_acc_std": 0.061395846140403325,
          "test_bal_acc_mean": 0.6358974358974359,
          "test_bal_acc_std": 0.061395846140403304,
          "test_f1_mean": 0.5812430126198089,
          "test_f1_std": 0.060516637168805454,
          "test_kappa_mean": 0.45384615384615384,
          "test_kappa_std": 0.09209376921060498,
          "confusion_matrix": [
            [
              69.23076923076923,
              0.0,
              30.769230769230763
            ],
            [
              0.7692307692307693,
              95.38461538461539,
              3.846153846153846
            ],
            [
              53.84615384615385,
              20.0,
              26.15384615384615
            ]
          ]
        },
        {
          "participant": "3245",
          "train_size": 1,
          "n_seeds": 10,
          "n_train_samples_mean": 3.0,
          "n_test_samples_mean": 37.0,
          "test_acc_mean": 0.8054054054054054,
          "test_acc_std": 0.12599736026700603,
          "test_bal_acc_mean": 0.8009324009324009,
          "test_bal_acc_std": 0.12570710378549052,
          "test_f1_mean": 0.7994254479650227,
          "test_f1_std": 0.13149826081104357,
          "test_kappa_mean": 0.7067141433732658,
          "test_kappa_std": 0.18936835841553704,
          "confusion_matrix": [
            [
              84.61538461538461,
              4.615384615384615,
              10.76923076923077
            ],
            [
              10.76923076923077,
              83.84615384615384,
              5.384615384615385
            ],
            [
              18.18181818181818,
              10.0,
              71.81818181818183
            ]
          ]
        },
        {
          "participant": "3246",
          "train_size": 1,
          "n_seeds": 10,
          "n_train_samples_mean": 3.0,
          "n_test_samples_mean": 39.0,
          "test_acc_mean": 0.4769230769230769,
          "test_acc_std": 0.03666258220432002,
          "test_bal_acc_mean": 0.4769230769230769,
          "test_bal_acc_std": 0.036662582204320025,
          "test_f1_mean": 0.3892062339547612,
          "test_f1_std": 0.0526775182176885,
          "test_kappa_mean": 0.21538461538461534,
          "test_kappa_std": 0.05499387330648004,
          "confusion_matrix": [
            [
              37.69230769230769,
              58.461538461538474,
              3.846153846153846
            ],
            [
              0.0,
              100.0,
              0.0
            ],
            [
              17.692307692307693,
              76.92307692307693,
              5.384615384615385
            ]
          ]
        },
        {
          "participant": "3247",
          "train_size": 1,
          "n_seeds": 10,
          "n_train_samples_mean": 3.0,
          "n_test_samples_mean": 39.0,
          "test_acc_mean": 0.5666666666666667,
          "test_acc_std": 0.07396990264416686,
          "test_bal_acc_mean": 0.5666666666666667,
          "test_bal_acc_std": 0.07396990264416689,
          "test_f1_mean": 0.5307443272595889,
          "test_f1_std": 0.08231441565936909,
          "test_kappa_mean": 0.35,
          "test_kappa_std": 0.11095485396625028,
          "confusion_matrix": [
            [
              50.76923076923077,
              45.38461538461538,
              3.846153846153846
            ],
            [
              3.846153846153846,
              31.53846153846154,
              64.61538461538461
            ],
            [
              0.0,
              12.307692307692308,
              87.6923076923077
            ]
          ]
        },
        {
          "participant": "3248",
          "train_size": 1,
          "n_seeds": 10,
          "n_train_samples_mean": 3.0,
          "n_test_samples_mean": 38.0,
          "test_acc_mean": 0.6526315789473685,
          "test_acc_std": 0.05923488777590924,
          "test_bal_acc_mean": 0.6551282051282051,
          "test_bal_acc_std": 0.059567328743865604,
          "test_f1_mean": 0.6259596486304936,
          "test_f1_std": 0.07905838341503942,
          "test_kappa_mean": 0.4770469591862456,
          "test_kappa_std": 0.0895328669443825,
          "confusion_matrix": [
            [
              74.99999999999999,
              5.0,
              20.0
            ],
            [
              0.7692307692307693,
              71.53846153846153,
              27.69230769230769
            ],
            [
              1.5384615384615385,
              48.46153846153846,
              50.0
            ]
          ]
        },
        {
          "participant": "3249",
          "train_size": 1,
          "n_seeds": 10,
          "n_train_samples_mean": 3.0,
          "n_test_samples_mean": 39.0,
          "test_acc_mean": 0.5923076923076923,
          "test_acc_std": 0.09319767229766823,
          "test_bal_acc_mean": 0.5923076923076923,
          "test_bal_acc_std": 0.09319767229766823,
          "test_f1_mean": 0.5684684961522247,
          "test_f1_std": 0.11284550142607583,
          "test_kappa_mean": 0.3884615384615385,
          "test_kappa_std": 0.13979650844650235,
          "confusion_matrix": [
            [
              37.69230769230769,
              10.76923076923077,
              51.53846153846155
            ],
            [
              0.7692307692307693,
              60.76923076923076,
              38.46153846153846
            ],
            [
              3.076923076923077,
              17.69230769230769,
              79.23076923076924
            ]
          ]
        },
        {
          "participant": "3250",
          "train_size": 1,
          "n_seeds": 10,
          "n_train_samples_mean": 3.0,
          "n_test_samples_mean": 39.0,
          "test_acc_mean": 0.594871794871795,
          "test_acc_std": 0.08615113277507114,
          "test_bal_acc_mean": 0.594871794871795,
          "test_bal_acc_std": 0.08615113277507114,
          "test_f1_mean": 0.5493204530924735,
          "test_f1_std": 0.08204191934663055,
          "test_kappa_mean": 0.39230769230769236,
          "test_kappa_std": 0.1292266991626067,
          "confusion_matrix": [
            [
              71.53846153846153,
              6.153846153846154,
              22.307692307692303
            ],
            [
              4.615384615384615,
              78.46153846153845,
              16.923076923076923
            ],
            [
              36.15384615384615,
              35.38461538461539,
              28.461538461538453
            ]
          ]
        }
      ]
    },
    {
      "aggregated": {
        "train_size": 2,
        "n_participants": 39,
        "n_seeds": 10,
        "test_acc_mean": 0.6528193326539802,
        "test_acc_std": 0.1337384227341163,
        "test_bal_acc_mean": 0.6487015762015763,
        "test_bal_acc_std": 0.13394215459352954,
        "test_f1_mean": 0.6334853014750716,
        "test_f1_std": 0.152266492724935,
        "test_kappa_mean": 0.4747234990510813,
        "test_kappa_std": 0.20028382921009444,
