{
  "name": "pose_eye",
  "config": {
    "n_seeds": 10,
    "feature_selection": "backward",
    "use_pca": false,
    "pca_variance": 0.95,
    "write_cm": true,
    "tune_hyperparameters": false,
    "tune_n_iter": 30,
    "tune_cv_folds": 5,
    "use_pose_derivatives": true,
    "use_time_features": false,
    "class_config": "all",
    "include_order": false,
    "name": "pose_eye",
    "feature_groups": [
      "pose",
      "eye_tracking"
    ],
    "split_strategy": "participant_specific",
    "sampling_strategy": "temporal_stratified"
  },
  "sampling_strategy": "temporal_stratified",
  "n_seeds": 10,
  "learning_curve": [
    {
      "aggregated": {
        "train_size": 1,
        "n_participants": 42,
        "n_seeds": 10,
        "test_acc_mean": 0.593633227641089,
        "test_acc_std": 0.12423202401896126,
        "test_bal_acc_mean": 0.5942848509515176,
        "test_bal_acc_std": 0.12581634981189985,
        "test_f1_mean": 0.562767653312667,
        "test_f1_std": 0.1426512244917495,
        "test_kappa_mean": 0.389608606138803,
        "test_kappa_std": 0.18843161971596464,
        "confusion_matrix": [
          [
            63.08608058608059,
            14.739010989010994,
            22.174908424908423
          ],
          [
            17.013634513634514,
            58.77859177859176,
            24.20777370777371
          ],
          [
            24.508519258519257,
            19.070697820697816,
            56.42078292078292
          ]
        ]
      },
      "per_participant": [
        {
          "participant": "3105",
          "train_size": 1,
          "n_seeds": 10,
          "n_train_samples_mean": 3.0,
          "n_test_samples_mean": 39.0,
          "test_acc_mean": 0.6538461538461539,
          "test_acc_std": 0.027695473070119037,
          "test_bal_acc_mean": 0.6538461538461539,
          "test_bal_acc_std": 0.027695473070119037,
          "test_f1_mean": 0.5522333445451341,
          "test_f1_std": 0.028842960636454914,
          "test_kappa_mean": 0.4807692307692307,
          "test_kappa_std": 0.041543209605178585,
          "confusion_matrix": [
            [
              94.61538461538461,
              0.7692307692307693,
              4.615384615384615
            ],
            [
              0.7692307692307693,
              1.5384615384615385,
              97.6923076923077
            ],
            [
              0.0,
              0.0,
              100.0
            ]
          ]
        },
        {
          "participant": "3206",
          "train_size": 1,
          "n_seeds": 10,
          "n_train_samples_mean": 3.0,
          "n_test_samples_mean": 35.0,
          "test_acc_mean": 0.33142857142857146,
          "test_acc_std": 0.0558585839947245,
          "test_bal_acc_mean": 0.30199430199430194,
          "test_bal_acc_std": 0.04890557716840925,
          "test_f1_mean": 0.26207830376689084,
          "test_f1_std": 0.06899673285951335,
          "test_kappa_mean": -0.04688163999948476,
          "test_kappa_std": 0.07916747094072145,
          "confusion_matrix": [
            [
              69.23076923076923,
              18.46153846153846,
              12.307692307692308
            ],
            [
              81.11111111111113,
              4.444444444444445,
              14.444444444444443
            ],
            [
              81.53846153846153,
              1.5384615384615385,
              16.923076923076927
            ]
          ]
        },
        {
          "participant": "3207",
          "train_size": 1,
          "n_seeds": 10,
          "n_train_samples_mean": 3.0,
          "n_test_samples_mean": 37.0,
          "test_acc_mean": 0.508108108108108,
          "test_acc_std": 0.07407136861655662,
          "test_bal_acc_mean": 0.5175213675213675,
          "test_bal_acc_std": 0.07566503178971343,
          "test_f1_mean": 0.4678835606742123,
          "test_f1_std": 0.08289416496787973,
          "test_kappa_mean": 0.26682158087502184,
          "test_kappa_std": 0.11173798244852211,
          "confusion_matrix": [
            [
              16.923076923076923,
              80.76923076923077,
              2.3076923076923075
            ],
            [
              10.833333333333332,
              83.33333333333333,
              5.833333333333333
            ],
            [
              23.333333333333332,
              21.66666666666667,
              55.0
            ]
          ]
        },
        {
          "participant": "3208",
          "train_size": 1,
          "n_seeds": 10,
          "n_train_samples_mean": 3.0,
          "n_test_samples_mean": 39.0,
          "test_acc_mean": 0.617948717948718,
          "test_acc_std": 0.08919244682526195,
          "test_bal_acc_mean": 0.617948717948718,
          "test_bal_acc_std": 0.08919244682526198,
          "test_f1_mean": 0.6004706723850646,
          "test_f1_std": 0.10549994480125438,
          "test_kappa_mean": 0.4269230769230769,
          "test_kappa_std": 0.13378867023789298,
          "confusion_matrix": [
            [
              86.15384615384616,
              7.692307692307692,
              6.153846153846154
            ],
            [
              36.92307692307692,
              50.76923076923077,
              12.307692307692308
            ],
            [
              38.46153846153846,
              13.076923076923077,
              48.46153846153847
            ]
          ]
        },
        {
          "participant": "3209",
          "train_size": 1,
          "n_seeds": 10,
          "n_train_samples_mean": 3.0,
          "n_test_samples_mean": 38.0,
          "test_acc_mean": 0.605263157894737,
          "test_acc_std": 0.04297350425935399,
          "test_bal_acc_mean": 0.598076923076923,
          "test_bal_acc_std": 0.042835233929196026,
          "test_f1_mean": 0.5825526531281644,
          "test_f1_std": 0.0529304194052701,
          "test_kappa_mean": 0.4024268975642634,
          "test_kappa_std": 0.06530160061810372,
          "confusion_matrix": [
            [
              80.76923076923077,
              19.23076923076923,
              0.0
            ],
            [
              33.84615384615384,
              66.15384615384615,
              0.0
            ],
            [
              51.66666666666667,
              15.833333333333332,
              32.49999999999999
            ]
          ]
        },
        {
          "participant": "3214",
          "train_size": 1,
          "n_seeds": 10,
          "n_train_samples_mean": 3.0,
          "n_test_samples_mean": 39.0,
          "test_acc_mean": 0.6666666666666666,
          "test_acc_std": 0.08374323906951038,
          "test_bal_acc_mean": 0.6666666666666666,
          "test_bal_acc_std": 0.08374323906951033,
          "test_f1_mean": 0.6552546916129838,
          "test_f1_std": 0.08488245155977438,
          "test_kappa_mean": 0.5,
          "test_kappa_std": 0.12561485860426552,
          "confusion_matrix": [
            [
              88.46153846153847,
              6.153846153846154,
              5.384615384615385
            ],
            [
              0.0,
              67.6923076923077,
              32.307692307692314
            ],
            [
              0.0,
              56.15384615384615,
              43.846153846153854
            ]
          ]
        },
        {
          "participant": "3215",
          "train_size": 1,
          "n_seeds": 10,
          "n_train_samples_mean": 3.0,
          "n_test_samples_mean": 39.0,
          "test_acc_mean": 0.38461538461538464,
          "test_acc_std": 0.03418803418803419,
          "test_bal_acc_mean": 0.38461538461538464,
          "test_bal_acc_std": 0.03418803418803419,
          "test_f1_mean": 0.270479954601375,
          "test_f1_std": 0.061126405270622804,
          "test_kappa_mean": 0.0769230769230769,
          "test_kappa_std": 0.051282051282051294,
          "confusion_matrix": [
            [
              90.0,
              0.0,
              10.0
            ],
            [
              75.38461538461539,
              0.7692307692307693,
              23.846153846153843
            ],
            [
              75.38461538461539,
              0.0,
              24.615384615384617
            ]
          ]
        },
        {
          "participant": "3216",
          "train_size": 1,
          "n_seeds": 10,
          "n_train_samples_mean": 3.0,
          "n_test_samples_mean": 37.0,
          "test_acc_mean": 0.5783783783783785,
          "test_acc_std": 0.05435352478918327,
          "test_bal_acc_mean": 0.5752913752913753,
          "test_bal_acc_std": 0.05196967823733578,
          "test_f1_mean": 0.5690215801574305,
          "test_f1_std": 0.0638372795316896,
          "test_kappa_mean": 0.3672021466424888,
          "test_kappa_std": 0.07907226638673405,
          "confusion_matrix": [
            [
              74.61538461538461,
              19.999999999999996,
              5.384615384615385
            ],
            [
              11.538461538461538,
              46.15384615384615,
              42.30769230769231
            ],
            [
              22.72727272727273,
              25.454545454545457,
              51.81818181818181
            ]
          ]
        },
        {
          "participant": "3217",
          "train_size": 1,
          "n_seeds": 10,
          "n_train_samples_mean": 3.0,
          "n_test_samples_mean": 39.0,
          "test_acc_mean": 0.6820512820512821,
          "test_acc_std": 0.05946163121684132,
          "test_bal_acc_mean": 0.6820512820512821,
          "test_bal_acc_std": 0.05946163121684137,
          "test_f1_mean": 0.689311803083917,
          "test_f1_std": 0.057678650818462504,
          "test_kappa_mean": 0.5230769230769232,
          "test_kappa_std": 0.08919244682526196,
          "confusion_matrix": [
            [
              60.0,
              37.69230769230769,
              2.3076923076923075
            ],
            [
              30.769230769230774,
              69.23076923076923,
              0.0
            ],
            [
              0.7692307692307693,
              23.846153846153847,
              75.38461538461539
            ]
          ]
        },
        {
          "participant": "3218",
          "train_size": 1,
          "n_seeds": 10,
          "n_train_samples_mean": 3.0,
          "n_test_samples_mean": 39.0,
          "test_acc_mean": 0.864102564102564,
          "test_acc_std": 0.08465422573958552,
          "test_bal_acc_mean": 0.8641025641025643,
          "test_bal_acc_std": 0.08465422573958555,
          "test_f1_mean": 0.8592055131335169,
          "test_f1_std": 0.08988061257928676,
          "test_kappa_mean": 0.7961538461538462,
          "test_kappa_std": 0.1269813386093783,
          "confusion_matrix": [
            [
              100.0,
              0.0,
              0.0
            ],
            [
              15.384615384615383,
              77.6923076923077,
              6.9230769230769225
            ],
            [
              5.384615384615385,
              13.076923076923077,
              81.53846153846153
            ]
          ]
        },
        {
          "participant": "3219",
          "train_size": 1,
          "n_seeds": 10,
          "n_train_samples_mean": 3.0,
          "n_test_samples_mean": 37.0,
          "test_acc_mean": 0.3972972972972973,
          "test_acc_std": 0.07961640034337188,
          "test_bal_acc_mean": 0.3963675213675214,
          "test_bal_acc_std": 0.0787882581985051,
          "test_f1_mean": 0.37817111428220657,
          "test_f1_std": 0.09968793585752757,
          "test_kappa_mean": 0.09872650051619808,
          "test_kappa_std": 0.11794706605220408,
          "confusion_matrix": [
            [
              51.66666666666667,
              28.333333333333332,
              20.0
            ],
            [
              62.500000000000014,
              24.166666666666664,
              13.333333333333332
            ],
            [
              47.69230769230769,
              9.23076923076923,
              43.07692307692308
            ]
          ]
        },
        {
          "participant": "3220",
          "train_size": 1,
          "n_seeds": 10,
          "n_train_samples_mean": 3.0,
          "n_test_samples_mean": 39.0,
          "test_acc_mean": 0.6051282051282051,
          "test_acc_std": 0.1055131580308442,
          "test_bal_acc_mean": 0.6051282051282051,
          "test_bal_acc_std": 0.1055131580308442,
          "test_f1_mean": 0.55700701235184,
          "test_f1_std": 0.13269061898000092,
          "test_kappa_mean": 0.4076923076923077,
          "test_kappa_std": 0.15826973704626632,
          "confusion_matrix": [
            [
              61.538461538461526,
              38.46153846153847,
              0.0
            ],
            [
              6.153846153846154,
              93.84615384615384,
              0.0
            ],
            [
              50.769230769230774,
              23.076923076923077,
              26.15384615384615
            ]
          ]
        },
        {
          "participant": "3221",
          "train_size": 1,
          "n_seeds": 10,
          "n_train_samples_mean": 3.0,
          "n_test_samples_mean": 39.0,
          "test_acc_mean": 0.7102564102564103,
          "test_acc_std": 0.0527565790154221,
          "test_bal_acc_mean": 0.7102564102564103,
          "test_bal_acc_std": 0.0527565790154221,
          "test_f1_mean": 0.688043578900434,
          "test_f1_std": 0.06581997067302954,
          "test_kappa_mean": 0.5653846153846154,
          "test_kappa_std": 0.07913486852313316,
          "confusion_matrix": [
            [
              79.23076923076923,
              13.846153846153845,
              6.9230769230769225
            ],
            [
              6.9230769230769225,
              90.76923076923076,
              2.3076923076923075
            ],
            [
              36.153846153846146,
              20.769230769230766,
              43.07692307692308
            ]
          ]
        },
        {
          "participant": "3222",
          "train_size": 1,
          "n_seeds": 10,
          "n_train_samples_mean": 3.0,
          "n_test_samples_mean": 39.0,
          "test_acc_mean": 0.4076923076923077,
          "test_acc_std": 0.0504924973939895,
          "test_bal_acc_mean": 0.4076923076923077,
          "test_bal_acc_std": 0.05049249739398952,
          "test_f1_mean": 0.3322711146088019,
          "test_f1_std": 0.06252467244575413,
          "test_kappa_mean": 0.11153846153846152,
          "test_kappa_std": 0.07573874609098426,
          "confusion_matrix": [
            [
              30.0,
              1.5384615384615385,
              68.46153846153847
            ],
            [
              2.3076923076923075,
              5.384615384615385,
              92.3076923076923
            ],
            [
              12.307692307692308,
              0.7692307692307693,
              86.92307692307693
            ]
          ]
        },
        {
          "participant": "3223",
          "train_size": 1,
          "n_seeds": 10,
          "n_train_samples_mean": 3.0,
          "n_test_samples_mean": 39.0,
          "test_acc_mean": 0.41025641025641024,
          "test_acc_std": 0.04008902358823444,
          "test_bal_acc_mean": 0.41025641025641024,
          "test_bal_acc_std": 0.04008902358823443,
          "test_f1_mean": 0.350017853360555,
          "test_f1_std": 0.06388278608100491,
          "test_kappa_mean": 0.11538461538461534,
          "test_kappa_std": 0.06013353538235168,
          "confusion_matrix": [
            [
              17.69230769230769,
              19.230769230769226,
              63.076923076923094
            ],
            [
              3.076923076923077,
              90.76923076923076,
              6.153846153846153
            ],
            [
              3.846153846153846,
              81.53846153846152,
              14.615384615384617
            ]
          ]
        },
        {
          "participant": "3224",
          "train_size": 1,
          "n_seeds": 10,
          "n_train_samples_mean": 3.0,
          "n_test_samples_mean": 24.0,
          "test_acc_mean": 0.6333333333333334,
          "test_acc_std": 0.0430331482911935,
          "test_bal_acc_mean": 0.615,
          "test_bal_acc_std": 0.07485926439005781,
          "test_f1_mean": 0.6353793034899173,
          "test_f1_std": 0.0484871693741374,
          "test_kappa_mean": 0.44127928785220627,
          "test_kappa_std": 0.041646612848638916,
          "confusion_matrix": [
            [
              50.0,
              5.0,
              45.0
            ],
            [
              41.66666666666667,
              37.49999999999999,
              20.833333333333332
            ],
            [
              3.0,
              0.0,
              97.0
            ]
          ]
        },
        {
          "participant": "3225",
          "train_size": 1,
          "n_seeds": 10,
          "n_train_samples_mean": 3.0,
          "n_test_samples_mean": 39.0,
          "test_acc_mean": 0.48974358974358967,
          "test_acc_std": 0.02549817759004493,
          "test_bal_acc_mean": 0.48974358974358967,
          "test_bal_acc_std": 0.025498177590044947,
          "test_f1_mean": 0.46840512248217586,
          "test_f1_std": 0.029173865035932844,
          "test_kappa_mean": 0.2346153846153846,
          "test_kappa_std": 0.03824726638506746,
          "confusion_matrix": [
            [
              98.46153846153845,
              0.7692307692307693,
              0.7692307692307693
            ],
            [
              15.384615384615383,
              33.07692307692308,
              51.53846153846153
            ],
            [
              0.0,
              84.61538461538461,
              15.384615384615383
            ]
          ]
        },
        {
          "participant": "3226",
          "train_size": 1,
          "n_seeds": 10,
          "n_train_samples_mean": 3.0,
          "n_test_samples_mean": 39.0,
          "test_acc_mean": 0.5128205128205128,
          "test_acc_std": 0.05669444086077607,
          "test_bal_acc_mean": 0.5128205128205128,
          "test_bal_acc_std": 0.05669444086077608,
          "test_f1_mean": 0.42722916241388315,
          "test_f1_std": 0.057003043548989225,
          "test_kappa_mean": 0.2692307692307693,
          "test_kappa_std": 0.08504166129116413,
          "confusion_matrix": [
            [
              4.615384615384615,
              50.76923076923077,
              44.61538461538462
            ],
            [
              1.5384615384615385,
              65.38461538461539,
              33.07692307692308
            ],
            [
              0.0,
              16.153846153846153,
              83.84615384615384
            ]
          ]
        },
        {
          "participant": "3227",
          "train_size": 1,
          "n_seeds": 10,
          "n_train_samples_mean": 3.0,
          "n_test_samples_mean": 39.0,
          "test_acc_mean": 0.6897435897435897,
          "test_acc_std": 0.05330757651115446,
          "test_bal_acc_mean": 0.6897435897435897,
          "test_bal_acc_std": 0.05330757651115446,
          "test_f1_mean": 0.6684656458659163,
          "test_f1_std": 0.06580558465573025,
          "test_kappa_mean": 0.5346153846153847,
          "test_kappa_std": 0.07996136476673169,
          "confusion_matrix": [
            [
              69.23076923076923,
              30.0,
              0.7692307692307693
            ],
            [
              14.615384615384617,
              44.61538461538461,
              40.769230769230774
            ],
            [
              0.0,
              6.9230769230769225,
              93.07692307692307
            ]
          ]
        },
        {
          "participant": "3228",
          "train_size": 1,
          "n_seeds": 10,
          "n_train_samples_mean": 3.0,
          "n_test_samples_mean": 39.0,
          "test_acc_mean": 0.5871794871794872,
          "test_acc_std": 0.05853296980603055,
          "test_bal_acc_mean": 0.5871794871794872,
          "test_bal_acc_std": 0.05853296980603052,
          "test_f1_mean": 0.5641912283549595,
          "test_f1_std": 0.08074543122580885,
          "test_kappa_mean": 0.38076923076923086,
          "test_kappa_std": 0.08779945470904581,
          "confusion_matrix": [
            [
              46.92307692307692,
              53.07692307692308,
              0.0
            ],
            [
              0.0,
              97.6923076923077,
              2.3076923076923075
            ],
            [
              0.0,
              68.46153846153847,
              31.538461538461537
            ]
          ]
        },
        {
          "participant": "3229",
          "train_size": 1,
          "n_seeds": 10,
          "n_train_samples_mean": 3.0,
          "n_test_samples_mean": 39.0,
          "test_acc_mean": 0.5153846153846153,
          "test_acc_std": 0.09081573647274867,
          "test_bal_acc_mean": 0.5153846153846153,
          "test_bal_acc_std": 0.09081573647274868,
          "test_f1_mean": 0.4642910857492445,
          "test_f1_std": 0.1294325189860441,
          "test_kappa_mean": 0.27307692307692305,
          "test_kappa_std": 0.13622360470912304,
          "confusion_matrix": [
            [
              40.00000000000001,
              0.7692307692307693,
              59.23076923076924
            ],
            [
              39.230769230769226,
              23.076923076923077,
              37.69230769230769
            ],
            [
              8.461538461538462,
              0.0,
              91.53846153846152
            ]
          ]
        },
        {
          "participant": "3230",
          "train_size": 1,
          "n_seeds": 10,
          "n_train_samples_mean": 3.0,
          "n_test_samples_mean": 39.0,
          "test_acc_mean": 0.4615384615384615,
          "test_acc_std": 0.052687299170675,
          "test_bal_acc_mean": 0.46153846153846156,
          "test_bal_acc_std": 0.052687299170675043,
          "test_f1_mean": 0.47174110139656855,
          "test_f1_std": 0.04206376140948766,
          "test_kappa_mean": 0.19230769230769235,
          "test_kappa_std": 0.0790309487560125,
          "confusion_matrix": [
            [
              26.153846153846153,
              1.5384615384615385,
              72.3076923076923
            ],
            [
              23.846153846153847,
              64.61538461538461,
              11.538461538461538
            ],
            [
              51.53846153846153,
              0.7692307692307693,
              47.69230769230769
            ]
          ]
        },
        {
          "participant": "3231",
          "train_size": 1,
          "n_seeds": 10,
          "n_train_samples_mean": 3.0,
          "n_test_samples_mean": 39.0,
          "test_acc_mean": 0.4820512820512821,
          "test_acc_std": 0.05378506913693084,
          "test_bal_acc_mean": 0.4820512820512821,
          "test_bal_acc_std": 0.05378506913693084,
          "test_f1_mean": 0.4566901588708355,
          "test_f1_std": 0.0704122565598622,
          "test_kappa_mean": 0.22307692307692303,
          "test_kappa_std": 0.08067760370539626,
          "confusion_matrix": [
            [
              29.230769230769234,
              2.3076923076923075,
              68.46153846153845
            ],
            [
              9.23076923076923,
              32.30769230769231,
              58.46153846153845
            ],
            [
              16.153846153846153,
              0.7692307692307693,
              83.07692307692307
            ]
          ]
        },
        {
          "participant": "3232",
          "train_size": 1,
          "n_seeds": 10,
          "n_train_samples_mean": 3.0,
          "n_test_samples_mean": 39.0,
          "test_acc_mean": 0.5974358974358974,
          "test_acc_std": 0.07456009739338251,
          "test_bal_acc_mean": 0.5974358974358974,
          "test_bal_acc_std": 0.07456009739338251,
          "test_f1_mean": 0.5695621587634251,
          "test_f1_std": 0.08775501558104896,
          "test_kappa_mean": 0.3961538461538462,
          "test_kappa_std": 0.11184014609007377,
          "confusion_matrix": [
            [
              36.153846153846146,
              8.461538461538462,
              55.38461538461538
            ],
            [
              10.0,
              50.76923076923077,
              39.23076923076924
            ],
            [
              7.692307692307692,
              0.0,
              92.3076923076923
            ]
          ]
        },
        {
          "participant": "3233",
          "train_size": 1,
          "n_seeds": 10,
          "n_train_samples_mean": 3.0,
          "n_test_samples_mean": 39.0,
          "test_acc_mean": 0.8128205128205128,
          "test_acc_std": 0.1101536657699054,
          "test_bal_acc_mean": 0.8128205128205128,
          "test_bal_acc_std": 0.11015366576990543,
          "test_f1_mean": 0.799204444998443,
          "test_f1_std": 0.12283165905236795,
          "test_kappa_mean": 0.7192307692307691,
          "test_kappa_std": 0.16523049865485814,
          "confusion_matrix": [
            [
              56.15384615384615,
              1.5384615384615385,
              42.30769230769231
            ],
            [
              0.0,
              94.61538461538461,
              5.384615384615385
            ],
            [
              0.0,
              6.9230769230769225,
              93.07692307692308
            ]
          ]
        },
        {
          "participant": "3234",
          "train_size": 1,
          "n_seeds": 10,
          "n_train_samples_mean": 3.0,
          "n_test_samples_mean": 39.0,
          "test_acc_mean": 0.45384615384615384,
          "test_acc_std": 0.045307207797260066,
          "test_bal_acc_mean": 0.45384615384615384,
          "test_bal_acc_std": 0.04530720779726008,
          "test_f1_mean": 0.3999193477683061,
          "test_f1_std": 0.06658830272872564,
          "test_kappa_mean": 0.18076923076923074,
          "test_kappa_std": 0.06796081169589013,
          "confusion_matrix": [
            [
              88.46153846153847,
              0.0,
              11.538461538461538
            ],
            [
              20.769230769230766,
              21.53846153846154,
              57.69230769230769
            ],
            [
              68.46153846153848,
              5.384615384615385,
              26.153846153846153
            ]
          ]
        },
        {
          "participant": "3235",
          "train_size": 1,
          "n_seeds": 10,
          "n_train_samples_mean": 3.0,
          "n_test_samples_mean": 38.0,
          "test_acc_mean": 0.6394736842105263,
          "test_acc_std": 0.10005384822883416,
          "test_bal_acc_mean": 0.6467948717948717,
          "test_bal_acc_std": 0.0972218308748894,
          "test_f1_mean": 0.5861610117727885,
          "test_f1_std": 0.11923502205164158,
          "test_kappa_mean": 0.46375033312721226,
          "test_kappa_std": 0.14665015935730097,
          "confusion_matrix": [
            [
              92.49999999999997,
              7.499999999999997,
              0.0
            ],
            [
              19.230769230769234,
              80.00000000000001,
              0.7692307692307693
            ],
            [
              47.69230769230769,
              30.769230769230766,
              21.538461538461537
            ]
          ]
        },
        {
          "participant": "3236",
          "train_size": 1,
          "n_seeds": 10,
          "n_train_samples_mean": 3.0,
          "n_test_samples_mean": 31.0,
          "test_acc_mean": 0.567741935483871,
          "test_acc_std": 0.06306614321985024,
          "test_bal_acc_mean": 0.6194871794871795,
          "test_bal_acc_std": 0.06242476661225955,
          "test_f1_mean": 0.55672517612123,
          "test_f1_std": 0.06570563874058519,
          "test_kappa_mean": 0.3622518705401524,
          "test_kappa_std": 0.07744931545626377,
          "confusion_matrix": [
            [
              70.0,
              23.846153846153847,
              6.153846153846154
            ],
            [
              0.0,
              82.0,
              18.0
            ],
            [
              33.07692307692308,
              33.07692307692307,
              33.84615384615384
            ]
          ]
        },
        {
          "participant": "3237",
          "train_size": 1,
          "n_seeds": 10,
          "n_train_samples_mean": 3.0,
          "n_test_samples_mean": 36.0,
          "test_acc_mean": 0.6166666666666666,
          "test_acc_std": 0.04864416865393959,
          "test_bal_acc_mean": 0.6207692307692309,
          "test_bal_acc_std": 0.05338220968823579,
          "test_f1_mean": 0.6019133872799453,
          "test_f1_std": 0.05173487013518216,
          "test_kappa_mean": 0.4149704865692522,
          "test_kappa_std": 0.0764653711919053,
          "confusion_matrix": [
            [
              33.846153846153854,
              3.076923076923077,
              63.07692307692307
            ],
            [
              15.0,
              67.0,
              18.0
            ],
            [
              13.846153846153845,
              0.7692307692307693,
              85.38461538461539
            ]
          ]
        },
        {
          "participant": "3238",
          "train_size": 1,
          "n_seeds": 10,
          "n_train_samples_mean": 3.0,
          "n_test_samples_mean": 39.0,
          "test_acc_mean": 0.5666666666666667,
          "test_acc_std": 0.045947624122104694,
          "test_bal_acc_mean": 0.5666666666666667,
          "test_bal_acc_std": 0.04594762412210466,
          "test_f1_mean": 0.5532281183147721,
          "test_f1_std": 0.0494436284516217,
          "test_kappa_mean": 0.35,
          "test_kappa_std": 0.06892143618315698,
          "confusion_matrix": [
            [
              36.15384615384615,
              17.692307692307686,
              46.153846153846146
            ],
            [
              4.615384615384615,
              50.76923076923076,
              44.61538461538461
            ],
            [
              0.7692307692307693,
              16.153846153846153,
              83.07692307692308
            ]
          ]
        },
        {
          "participant": "3239",
          "train_size": 1,
          "n_seeds": 10,
          "n_train_samples_mean": 3.0,
          "n_test_samples_mean": 34.0,
          "test_acc_mean": 0.6088235294117649,
          "test_acc_std": 0.051970032473327744,
          "test_bal_acc_mean": 0.61994301994302,
          "test_bal_acc_std": 0.05445724846040308,
          "test_f1_mean": 0.6084504450111027,
          "test_f1_std": 0.050873821763393695,
          "test_kappa_mean": 0.4254320239722256,
          "test_kappa_std": 0.07489588240534907,
          "confusion_matrix": [
            [
              51.53846153846153,
              2.3076923076923075,
              46.15384615384615
            ],
            [
              4.999999999999999,
              63.333333333333336,
              31.666666666666668
            ],
            [
              26.666666666666664,
              2.2222222222222223,
              71.11111111111111
            ]
          ]
        },
        {
          "participant": "3240",
          "train_size": 1,
          "n_seeds": 10,
          "n_train_samples_mean": 3.0,
          "n_test_samples_mean": 37.0,
          "test_acc_mean": 0.6108108108108109,
          "test_acc_std": 0.08753122739813421,
          "test_bal_acc_mean": 0.6087606837606838,
          "test_bal_acc_std": 0.08485922495138735,
          "test_f1_mean": 0.5845418816648216,
          "test_f1_std": 0.10573034580071593,
          "test_kappa_mean": 0.41855853612389327,
          "test_kappa_std": 0.12923496905364265,
          "confusion_matrix": [
            [
              84.99999999999999,
              0.8333333333333333,
              14.166666666666668
            ],
            [
              25.384615384615383,
              68.46153846153845,
              6.153846153846154
            ],
            [
              69.16666666666666,
              1.6666666666666665,
              29.166666666666664
            ]
          ]
        },
        {
          "participant": "3241",
          "train_size": 1,
          "n_seeds": 10,
          "n_train_samples_mean": 3.0,
          "n_test_samples_mean": 39.0,
          "test_acc_mean": 0.6102564102564103,
          "test_acc_std": 0.08180161445473778,
          "test_bal_acc_mean": 0.6102564102564102,
          "test_bal_acc_std": 0.08180161445473777,
          "test_f1_mean": 0.5943498711905781,
          "test_f1_std": 0.10525895298857581,
          "test_kappa_mean": 0.4153846153846154,
          "test_kappa_std": 0.12270242168210663,
          "confusion_matrix": [
            [
              66.15384615384616,
              4.615384615384615,
              29.230769230769234
            ],
            [
              39.99999999999999,
              40.769230769230774,
              19.23076923076923
            ],
            [
              23.076923076923077,
              0.7692307692307693,
              76.15384615384615
            ]
          ]
        },
        {
          "participant": "3242",
          "train_size": 1,
          "n_seeds": 10,
          "n_train_samples_mean": 3.0,
          "n_test_samples_mean": 39.0,
          "test_acc_mean": 0.8358974358974359,
          "test_acc_std": 0.03860372577995288,
          "test_bal_acc_mean": 0.8358974358974359,
          "test_bal_acc_std": 0.03860372577995285,
          "test_f1_mean": 0.8317403260706893,
          "test_f1_std": 0.043240992979485526,
          "test_kappa_mean": 0.7538461538461538,
          "test_kappa_std": 0.05790558866992931,
          "confusion_matrix": [
            [
              96.92307692307693,
              3.076923076923077,
              0.0
            ],
            [
              20.76923076923077,
              73.07692307692307,
              6.153846153846154
            ],
            [
              3.076923076923077,
              16.153846153846153,
              80.76923076923077
            ]
          ]
        },
        {
          "participant": "3243",
          "train_size": 1,
          "n_seeds": 10,
          "n_train_samples_mean": 3.0,
          "n_test_samples_mean": 38.0,
          "test_acc_mean": 0.8157894736842106,
          "test_acc_std": 0.0794332029661177,
          "test_bal_acc_mean": 0.819017094017094,
          "test_bal_acc_std": 0.07883202981404758,
          "test_f1_mean": 0.8119030323363919,
          "test_f1_std": 0.07869088168426895,
          "test_kappa_mean": 0.7235121566998701,
          "test_kappa_std": 0.11944317552224953,
          "confusion_matrix": [
            [
              94.16666666666666,
              0.0,
              5.833333333333332
            ],
            [
              1.5384615384615385,
              80.0,
              18.46153846153846
            ],
            [
              6.153846153846154,
              22.30769230769231,
              71.53846153846153
            ]
          ]
        },
        {
          "participant": "3244",
          "train_size": 1,
          "n_seeds": 10,
          "n_train_samples_mean": 3.0,
          "n_test_samples_mean": 39.0,
          "test_acc_mean": 0.6153846153846154,
          "test_acc_std": 0.05921541222457702,
          "test_bal_acc_mean": 0.6153846153846154,
          "test_bal_acc_std": 0.05921541222457698,
          "test_f1_mean": 0.5709211347581123,
          "test_f1_std": 0.07081219826719343,
          "test_kappa_mean": 0.4230769230769231,
          "test_kappa_std": 0.08882311833686551,
          "confusion_matrix": [
            [
              68.46153846153847,
              0.0,
              31.538461538461537
            ],
            [
              4.615384615384615,
              93.84615384615385,
              1.5384615384615385
            ],
            [
              52.30769230769231,
              25.384615384615387,
              22.307692307692307
            ]
          ]
        },
        {
          "participant": "3245",
          "train_size": 1,
          "n_seeds": 10,
          "n_train_samples_mean": 3.0,
          "n_test_samples_mean": 37.0,
          "test_acc_mean": 0.7351351351351351,
          "test_acc_std": 0.06344798869066309,
          "test_bal_acc_mean": 0.7333333333333333,
          "test_bal_acc_std": 0.06064788467810032,
          "test_f1_mean": 0.7249015474428556,
          "test_f1_std": 0.06511571049741022,
          "test_kappa_mean": 0.6010534432361034,
          "test_kappa_std": 0.09532519789870793,
          "confusion_matrix": [
            [
              60.0,
              19.23076923076923,
              20.76923076923077
            ],
            [
              10.0,
              90.0,
              0.0
            ],
            [
              28.18181818181818,
              1.8181818181818183,
              70.0
            ]
          ]
        },
        {
          "participant": "3246",
          "train_size": 1,
          "n_seeds": 10,
          "n_train_samples_mean": 3.0,
          "n_test_samples_mean": 39.0,
          "test_acc_mean": 0.4948717948717949,
          "test_acc_std": 0.02432521277052597,
          "test_bal_acc_mean": 0.4948717948717949,
          "test_bal_acc_std": 0.02432521277052599,
          "test_f1_mean": 0.395879415394679,
          "test_f1_std": 0.029544853088210254,
          "test_kappa_mean": 0.24230769230769234,
          "test_kappa_std": 0.036487819155789025,
          "confusion_matrix": [
            [
              47.69230769230769,
              51.53846153846153,
              0.7692307692307693
            ],
            [
              1.5384615384615385,
              98.46153846153847,
              0.0
            ],
            [
              49.99999999999999,
              47.6923076923077,
              2.3076923076923075
            ]
          ]
        },
        {
          "participant": "3247",
          "train_size": 1,
          "n_seeds": 10,
          "n_train_samples_mean": 3.0,
          "n_test_samples_mean": 39.0,
          "test_acc_mean": 0.5692307692307692,
          "test_acc_std": 0.11196254970128422,
          "test_bal_acc_mean": 0.5692307692307692,
          "test_bal_acc_std": 0.1119625497012842,
          "test_f1_mean": 0.5410159548945429,
          "test_f1_std": 0.10573235005014146,
          "test_kappa_mean": 0.35384615384615387,
          "test_kappa_std": 0.1679438245519263,
          "confusion_matrix": [
            [
              63.84615384615383,
              29.230769230769226,
              6.9230769230769225
            ],
            [
              0.7692307692307693,
              21.538461538461537,
              77.6923076923077
            ],
            [
              0.0,
              14.615384615384613,
              85.38461538461537
            ]
          ]
        },
        {
          "participant": "3248",
          "train_size": 1,
          "n_seeds": 10,
          "n_train_samples_mean": 3.0,
          "n_test_samples_mean": 38.0,
          "test_acc_mean": 0.5894736842105263,
          "test_acc_std": 0.08789456175351122,
          "test_bal_acc_mean": 0.5927350427350428,
          "test_bal_acc_std": 0.08725696239024344,
          "test_f1_mean": 0.5639888253426644,
