{
  "name": "pose_eye_gsr",
  "config": {
    "n_seeds": 10,
    "feature_selection": "backward",
    "use_pca": false,
    "pca_variance": 0.95,
    "write_cm": true,
    "tune_hyperparameters": false,
    "tune_n_iter": 30,
    "tune_cv_folds": 5,
    "use_pose_derivatives": true,
    "use_time_features": false,
    "class_config": "all",
    "include_order": false,
    "name": "pose_eye_gsr",
    "feature_groups": [
      "pose",
      "eye_tracking",
      "gsr"
    ],
    "split_strategy": "participant_specific",
    "sampling_strategy": "temporal_stratified"
  },
  "sampling_strategy": "temporal_stratified",
  "n_seeds": 10,
  "learning_curve": [
    {
      "aggregated": {
        "train_size": 1,
        "n_participants": 39,
        "n_seeds": 10,
        "test_acc_mean": 0.5934993974736876,
        "test_acc_std": 0.10927688007683113,
        "test_bal_acc_mean": 0.5911861215707369,
        "test_bal_acc_std": 0.1089602381466336,
        "test_f1_mean": 0.5624034501033742,
        "test_f1_std": 0.12621861630478456,
        "test_kappa_mean": 0.3873132315941665,
        "test_kappa_std": 0.16413383452787642,
        "confusion_matrix": [
          [
            58.92011834319528,
            15.013149243918473,
            26.06673241288626
          ],
          [
            14.60059171597633,
            59.52564102564103,
            25.87376725838264
          ],
          [
            19.439468651007108,
            21.650454246608096,
            58.91007710238479
          ]
        ]
      },
      "per_participant": [
        {
          "participant": "3208",
          "train_size": 1,
          "n_seeds": 10,
          "n_train_samples_mean": 3.0,
          "n_test_samples_mean": 39.0,
          "test_acc_mean": 0.5435897435897437,
          "test_acc_std": 0.041521223252961106,
          "test_bal_acc_mean": 0.5435897435897437,
          "test_bal_acc_std": 0.041521223252961086,
          "test_f1_mean": 0.5080791613072367,
          "test_f1_std": 0.05865988460322051,
          "test_kappa_mean": 0.31538461538461543,
          "test_kappa_std": 0.062281834879441646,
          "confusion_matrix": [
            [
              71.53846153846153,
              8.461538461538462,
              20.0
            ],
            [
              31.538461538461537,
              60.769230769230774,
              7.692307692307692
            ],
            [
              43.07692307692308,
              26.153846153846153,
              30.769230769230766
            ]
          ]
        },
        {
          "participant": "3209",
          "train_size": 1,
          "n_seeds": 10,
          "n_train_samples_mean": 3.0,
          "n_test_samples_mean": 38.0,
          "test_acc_mean": 0.6394736842105263,
          "test_acc_std": 0.059558755076378776,
          "test_bal_acc_mean": 0.6301282051282052,
          "test_bal_acc_std": 0.05892728691067548,
          "test_f1_mean": 0.6071660152910152,
          "test_f1_std": 0.06712365239865732,
          "test_kappa_mean": 0.45386234012681326,
          "test_kappa_std": 0.09044667881990053,
          "confusion_matrix": [
            [
              86.92307692307693,
              13.076923076923077,
              0.0
            ],
            [
              25.384615384615383,
              74.61538461538461,
              0.0
            ],
            [
              45.83333333333333,
              26.666666666666668,
              27.499999999999993
            ]
          ]
        },
        {
          "participant": "3214",
          "train_size": 1,
          "n_seeds": 10,
          "n_train_samples_mean": 3.0,
          "n_test_samples_mean": 39.0,
          "test_acc_mean": 0.5871794871794872,
          "test_acc_std": 0.08499870010565345,
          "test_bal_acc_mean": 0.5871794871794872,
          "test_bal_acc_std": 0.08499870010565348,
          "test_f1_mean": 0.5740614952557233,
          "test_f1_std": 0.08549816780612156,
          "test_kappa_mean": 0.3807692307692308,
          "test_kappa_std": 0.1274980501584802,
          "confusion_matrix": [
            [
              80.0,
              6.153846153846154,
              13.846153846153848
            ],
            [
              5.384615384615385,
              50.769230769230774,
              43.84615384615385
            ],
            [
              3.846153846153846,
              50.76923076923077,
              45.38461538461538
            ]
          ]
        },
        {
          "participant": "3215",
          "train_size": 1,
          "n_seeds": 10,
          "n_train_samples_mean": 3.0,
          "n_test_samples_mean": 39.0,
          "test_acc_mean": 0.4128205128205128,
          "test_acc_std": 0.05976797858819518,
          "test_bal_acc_mean": 0.4128205128205128,
          "test_bal_acc_std": 0.05976797858819517,
          "test_f1_mean": 0.3000379365365168,
          "test_f1_std": 0.09432100505474311,
          "test_kappa_mean": 0.11923076923076921,
          "test_kappa_std": 0.08965196788229275,
          "confusion_matrix": [
            [
              93.84615384615384,
              0.0,
              6.153846153846154
            ],
            [
              75.38461538461539,
              2.3076923076923075,
              22.30769230769231
            ],
            [
              72.3076923076923,
              0.0,
              27.69230769230769
            ]
          ]
        },
        {
          "participant": "3216",
          "train_size": 1,
          "n_seeds": 10,
          "n_train_samples_mean": 3.0,
          "n_test_samples_mean": 37.0,
          "test_acc_mean": 0.5513513513513514,
          "test_acc_std": 0.07450837163292011,
          "test_bal_acc_mean": 0.5515151515151515,
          "test_bal_acc_std": 0.07892737023779084,
          "test_f1_mean": 0.5472012792406865,
          "test_f1_std": 0.07506254340469634,
          "test_kappa_mean": 0.32742849721212425,
          "test_kappa_std": 0.11378416547108076,
          "confusion_matrix": [
            [
              51.53846153846153,
              33.07692307692307,
              15.384615384615383
            ],
            [
              5.384615384615385,
              58.46153846153847,
              36.15384615384615
            ],
            [
              2.7272727272727275,
              41.81818181818181,
              55.45454545454545
            ]
          ]
        },
        {
          "participant": "3217",
          "train_size": 1,
          "n_seeds": 10,
          "n_train_samples_mean": 3.0,
          "n_test_samples_mean": 39.0,
          "test_acc_mean": 0.6717948717948717,
          "test_acc_std": 0.061395846140403325,
          "test_bal_acc_mean": 0.6717948717948717,
          "test_bal_acc_std": 0.06139584614040334,
          "test_f1_mean": 0.6672816245257445,
          "test_f1_std": 0.075387093350281,
          "test_kappa_mean": 0.5076923076923077,
          "test_kappa_std": 0.09209376921060498,
          "confusion_matrix": [
            [
              60.769230769230774,
              35.38461538461538,
              3.846153846153846
            ],
            [
              34.61538461538462,
              62.30769230769231,
              3.076923076923077
            ],
            [
              0.0,
              21.53846153846154,
              78.46153846153847
            ]
          ]
        },
        {
          "participant": "3218",
          "train_size": 1,
          "n_seeds": 10,
          "n_train_samples_mean": 3.0,
          "n_test_samples_mean": 39.0,
          "test_acc_mean": 0.7743589743589745,
          "test_acc_std": 0.04954316836304081,
          "test_bal_acc_mean": 0.7743589743589745,
          "test_bal_acc_std": 0.0495431683630408,
          "test_f1_mean": 0.7693104526894851,
          "test_f1_std": 0.04739689016868382,
          "test_kappa_mean": 0.6615384615384616,
          "test_kappa_std": 0.0743147525445612,
          "confusion_matrix": [
            [
              90.76923076923076,
              5.384615384615385,
              3.846153846153846
            ],
            [
              10.0,
              63.84615384615385,
              26.153846153846153
            ],
            [
              0.0,
              22.30769230769231,
              77.6923076923077
            ]
          ]
        },
        {
          "participant": "3219",
          "train_size": 1,
          "n_seeds": 10,
          "n_train_samples_mean": 3.0,
          "n_test_samples_mean": 32.0,
          "test_acc_mean": 0.459375,
          "test_acc_std": 0.0751878434692441,
          "test_bal_acc_mean": 0.4666666666666667,
          "test_bal_acc_std": 0.0933303938396604,
          "test_f1_mean": 0.42795386150831166,
          "test_f1_std": 0.08204416670858755,
          "test_kappa_mean": 0.18524406716272748,
          "test_kappa_std": 0.1333109611204434,
          "confusion_matrix": [
            [
              61.666666666666664,
              9.166666666666668,
              29.166666666666668
            ],
            [
              50.83333333333333,
              25.833333333333332,
              23.333333333333332
            ],
            [
              38.75,
              8.75,
              52.5
            ]
          ]
        },
        {
          "participant": "3220",
          "train_size": 1,
          "n_seeds": 10,
          "n_train_samples_mean": 3.0,
          "n_test_samples_mean": 39.0,
          "test_acc_mean": 0.5564102564102564,
          "test_acc_std": 0.117221840519615,
          "test_bal_acc_mean": 0.5564102564102564,
          "test_bal_acc_std": 0.117221840519615,
          "test_f1_mean": 0.5172333257085882,
          "test_f1_std": 0.14175429711821283,
          "test_kappa_mean": 0.33461538461538465,
          "test_kappa_std": 0.17583276077942248,
          "confusion_matrix": [
            [
              33.07692307692307,
              66.92307692307692,
              0.0
            ],
            [
              6.9230769230769225,
              91.53846153846153,
              1.5384615384615385
            ],
            [
              27.692307692307697,
              30.0,
              42.30769230769231
            ]
          ]
        },
        {
          "participant": "3221",
          "train_size": 1,
          "n_seeds": 10,
          "n_train_samples_mean": 3.0,
          "n_test_samples_mean": 39.0,
          "test_acc_mean": 0.6512820512820513,
          "test_acc_std": 0.08215805019280627,
          "test_bal_acc_mean": 0.6512820512820513,
          "test_bal_acc_std": 0.08215805019280624,
          "test_f1_mean": 0.616564319928994,
          "test_f1_std": 0.09997254655065105,
          "test_kappa_mean": 0.476923076923077,
          "test_kappa_std": 0.1232370752892094,
          "confusion_matrix": [
            [
              61.53846153846153,
              23.076923076923077,
              15.384615384615383
            ],
            [
              5.384615384615385,
              91.53846153846153,
              3.076923076923077
            ],
            [
              30.769230769230766,
              26.923076923076923,
              42.30769230769231
            ]
          ]
        },
        {
          "participant": "3222",
          "train_size": 1,
          "n_seeds": 10,
          "n_train_samples_mean": 3.0,
          "n_test_samples_mean": 35.0,
          "test_acc_mean": 0.41999999999999993,
          "test_acc_std": 0.052250920854648386,
          "test_bal_acc_mean": 0.3803418803418804,
          "test_bal_acc_std": 0.051391848973975064,
          "test_f1_mean": 0.3221955920172099,
          "test_f1_std": 0.0630773913632948,
          "test_kappa_mean": 0.07982629529265063,
          "test_kappa_std": 0.08628961942843309,
          "confusion_matrix": [
            [
              19.23076923076923,
              2.3076923076923075,
              78.46153846153845
            ],
            [
              0.0,
              3.333333333333333,
              96.66666666666667
            ],
            [
              8.461538461538462,
              0.0,
              91.53846153846153
            ]
          ]
        },
        {
          "participant": "3223",
          "train_size": 1,
          "n_seeds": 10,
          "n_train_samples_mean": 3.0,
          "n_test_samples_mean": 39.0,
          "test_acc_mean": 0.43589743589743596,
          "test_acc_std": 0.08799683881185472,
          "test_bal_acc_mean": 0.43589743589743596,
          "test_bal_acc_std": 0.0879968388118547,
          "test_f1_mean": 0.3965098377542814,
          "test_f1_std": 0.08852492122020196,
          "test_kappa_mean": 0.15384615384615383,
          "test_kappa_std": 0.1319952582177821,
          "confusion_matrix": [
            [
              16.923076923076923,
              8.461538461538462,
              74.61538461538461
            ],
            [
              10.0,
              65.38461538461539,
              24.615384615384617
            ],
            [
              5.384615384615385,
              46.15384615384615,
              48.46153846153847
            ]
          ]
        },
        {
          "participant": "3224",
          "train_size": 1,
          "n_seeds": 10,
          "n_train_samples_mean": 3.0,
          "n_test_samples_mean": 24.0,
          "test_acc_mean": 0.6666666666666667,
          "test_acc_std": 0.0856168611523469,
          "test_bal_acc_mean": 0.635,
          "test_bal_acc_std": 0.05749992544874993,
          "test_f1_mean": 0.6841141508379696,
          "test_f1_std": 0.08640546152519483,
          "test_kappa_mean": 0.4899312364120719,
          "test_kappa_std": 0.10223454322394905,
          "confusion_matrix": [
            [
              50.0,
              0.0,
              50.0
            ],
            [
              35.833333333333336,
              47.49999999999999,
              16.666666666666664
            ],
            [
              7.0,
              0.0,
              93.0
            ]
          ]
        },
        {
          "participant": "3225",
          "train_size": 1,
          "n_seeds": 10,
          "n_train_samples_mean": 3.0,
          "n_test_samples_mean": 39.0,
          "test_acc_mean": 0.5435897435897435,
          "test_acc_std": 0.07332516440864005,
          "test_bal_acc_mean": 0.5435897435897435,
          "test_bal_acc_std": 0.07332516440864005,
          "test_f1_mean": 0.5413976996714773,
          "test_f1_std": 0.06902340545082002,
          "test_kappa_mean": 0.31538461538461543,
          "test_kappa_std": 0.10998774661296007,
          "confusion_matrix": [
            [
              89.23076923076921,
              6.153846153846155,
              4.615384615384615
            ],
            [
              4.615384615384615,
              33.07692307692307,
              62.30769230769231
            ],
            [
              0.0,
              59.23076923076924,
              40.76923076923077
            ]
          ]
        },
        {
          "participant": "3226",
          "train_size": 1,
          "n_seeds": 10,
          "n_train_samples_mean": 3.0,
          "n_test_samples_mean": 39.0,
          "test_acc_mean": 0.5461538461538462,
          "test_acc_std": 0.059277062852648575,
          "test_bal_acc_mean": 0.5461538461538462,
          "test_bal_acc_std": 0.05927706285264857,
          "test_f1_mean": 0.4759461553877732,
          "test_f1_std": 0.07252747304218077,
          "test_kappa_mean": 0.31923076923076926,
          "test_kappa_std": 0.08891559427897282,
          "confusion_matrix": [
            [
              9.23076923076923,
              57.69230769230769,
              33.07692307692308
            ],
            [
              0.7692307692307693,
              83.07692307692308,
              16.153846153846153
            ],
            [
              0.0,
              28.46153846153846,
              71.53846153846155
            ]
          ]
        },
        {
          "participant": "3227",
          "train_size": 1,
          "n_seeds": 10,
          "n_train_samples_mean": 3.0,
          "n_test_samples_mean": 39.0,
          "test_acc_mean": 0.6871794871794872,
          "test_acc_std": 0.06373111754634955,
          "test_bal_acc_mean": 0.6871794871794872,
          "test_bal_acc_std": 0.06373111754634957,
          "test_f1_mean": 0.6689244874887128,
          "test_f1_std": 0.0677648367054697,
          "test_kappa_mean": 0.5307692307692309,
          "test_kappa_std": 0.09559667631952434,
          "confusion_matrix": [
            [
              74.61538461538461,
              25.384615384615383,
              0.0
            ],
            [
              13.076923076923077,
              52.30769230769231,
              34.615384615384606
            ],
            [
              4.615384615384615,
              16.153846153846153,
              79.23076923076923
            ]
          ]
        },
        {
          "participant": "3228",
          "train_size": 1,
          "n_seeds": 10,
          "n_train_samples_mean": 3.0,
          "n_test_samples_mean": 30.0,
          "test_acc_mean": 0.7433333333333334,
          "test_acc_std": 0.07544108976341317,
          "test_bal_acc_mean": 0.6929487179487179,
          "test_bal_acc_std": 0.11133483393803285,
          "test_f1_mean": 0.7290275267372793,
          "test_f1_std": 0.08690599648982127,
          "test_kappa_mean": 0.5619930259553512,
          "test_kappa_std": 0.13295525533258928,
          "confusion_matrix": [
            [
              52.5,
              47.5,
              0.0
            ],
            [
              0.0,
              90.00000000000001,
              10.0
            ],
            [
              0.0,
              34.61538461538461,
              65.38461538461539
            ]
          ]
        },
        {
          "participant": "3229",
          "train_size": 1,
          "n_seeds": 10,
          "n_train_samples_mean": 3.0,
          "n_test_samples_mean": 39.0,
          "test_acc_mean": 0.5794871794871794,
          "test_acc_std": 0.08898745357142133,
          "test_bal_acc_mean": 0.5794871794871794,
          "test_bal_acc_std": 0.08898745357142133,
          "test_f1_mean": 0.5517166032431045,
          "test_f1_std": 0.11965425618600849,
          "test_kappa_mean": 0.3692307692307692,
          "test_kappa_std": 0.133481180357132,
          "confusion_matrix": [
            [
              47.692307692307686,
              3.076923076923077,
              49.23076923076923
            ],
            [
              16.153846153846153,
              35.38461538461539,
              48.46153846153847
            ],
            [
              6.153846153846154,
              3.076923076923077,
              90.76923076923076
            ]
          ]
        },
        {
          "participant": "3230",
          "train_size": 1,
          "n_seeds": 10,
          "n_train_samples_mean": 3.0,
          "n_test_samples_mean": 39.0,
          "test_acc_mean": 0.4871794871794871,
          "test_acc_std": 0.0951754591936756,
          "test_bal_acc_mean": 0.4871794871794871,
          "test_bal_acc_std": 0.0951754591936756,
          "test_f1_mean": 0.46386369437878117,
          "test_f1_std": 0.08750995117342936,
          "test_kappa_mean": 0.23076923076923075,
          "test_kappa_std": 0.14276318879051333,
          "confusion_matrix": [
            [
              21.53846153846154,
              6.9230769230769225,
              71.53846153846155
            ],
            [
              32.30769230769231,
              54.61538461538462,
              13.076923076923077
            ],
            [
              24.615384615384613,
              5.384615384615385,
              70.0
            ]
          ]
        },
        {
          "participant": "3231",
          "train_size": 1,
          "n_seeds": 10,
          "n_train_samples_mean": 3.0,
          "n_test_samples_mean": 39.0,
          "test_acc_mean": 0.4230769230769231,
          "test_acc_std": 0.07176434027242164,
          "test_bal_acc_mean": 0.4230769230769231,
          "test_bal_acc_std": 0.07176434027242168,
          "test_f1_mean": 0.3603451259043108,
          "test_f1_std": 0.09995832019663561,
          "test_kappa_mean": 0.13461538461538464,
          "test_kappa_std": 0.10764651040863243,
          "confusion_matrix": [
            [
              13.846153846153848,
              0.0,
              86.15384615384616
            ],
            [
              5.384615384615385,
              27.69230769230769,
              66.92307692307692
            ],
            [
              14.615384615384617,
              0.0,
              85.38461538461539
            ]
          ]
        },
        {
          "participant": "3232",
          "train_size": 1,
          "n_seeds": 10,
          "n_train_samples_mean": 3.0,
          "n_test_samples_mean": 39.0,
          "test_acc_mean": 0.6,
          "test_acc_std": 0.07944581222989573,
          "test_bal_acc_mean": 0.6,
          "test_bal_acc_std": 0.07944581222989572,
          "test_f1_mean": 0.5870642700803089,
          "test_f1_std": 0.08642572878185138,
          "test_kappa_mean": 0.4,
          "test_kappa_std": 0.11916871834484358,
          "confusion_matrix": [
            [
              56.15384615384617,
              16.153846153846153,
              27.69230769230769
            ],
            [
              26.153846153846153,
              42.30769230769231,
              31.538461538461537
            ],
            [
              12.307692307692308,
              6.153846153846154,
              81.53846153846153
            ]
          ]
        },
        {
          "participant": "3233",
          "train_size": 1,
          "n_seeds": 10,
          "n_train_samples_mean": 3.0,
          "n_test_samples_mean": 39.0,
          "test_acc_mean": 0.6487179487179486,
          "test_acc_std": 0.11470200108971487,
          "test_bal_acc_mean": 0.6487179487179487,
          "test_bal_acc_std": 0.1147020010897149,
          "test_f1_mean": 0.6235419317945967,
          "test_f1_std": 0.13028992724540142,
          "test_kappa_mean": 0.473076923076923,
          "test_kappa_std": 0.1720530016345723,
          "confusion_matrix": [
            [
              33.84615384615385,
              6.153846153846154,
              60.0
            ],
            [
              0.0,
              72.30769230769232,
              27.69230769230769
            ],
            [
              0.0,
              11.538461538461538,
              88.46153846153847
            ]
          ]
        },
        {
          "participant": "3234",
          "train_size": 1,
          "n_seeds": 10,
          "n_train_samples_mean": 3.0,
          "n_test_samples_mean": 39.0,
          "test_acc_mean": 0.5051282051282052,
          "test_acc_std": 0.07838124114947265,
          "test_bal_acc_mean": 0.5051282051282051,
          "test_bal_acc_std": 0.07838124114947265,
          "test_f1_mean": 0.46013871617835,
          "test_f1_std": 0.09630527217169232,
          "test_kappa_mean": 0.25769230769230766,
          "test_kappa_std": 0.11757186172420898,
          "confusion_matrix": [
            [
              74.61538461538461,
              0.0,
              25.384615384615387
            ],
            [
              3.076923076923077,
              15.384615384615383,
              81.53846153846153
            ],
            [
              29.230769230769234,
              9.230769230769232,
              61.53846153846153
            ]
          ]
        },
        {
          "participant": "3235",
          "train_size": 1,
          "n_seeds": 10,
          "n_train_samples_mean": 3.0,
          "n_test_samples_mean": 38.0,
          "test_acc_mean": 0.75,
          "test_acc_std": 0.08793832305159396,
          "test_bal_acc_mean": 0.7525641025641024,
          "test_bal_acc_std": 0.08727788983085864,
          "test_f1_mean": 0.7197423391627843,
          "test_f1_std": 0.1177292169294002,
          "test_kappa_mean": 0.6257556107679524,
          "test_kappa_std": 0.13085940373621255,
          "confusion_matrix": [
            [
              85.0,
              11.666666666666666,
              3.333333333333333
            ],
            [
              0.7692307692307693,
              98.46153846153847,
              0.7692307692307693
            ],
            [
              28.46153846153846,
              29.230769230769234,
              42.30769230769231
            ]
          ]
        },
        {
          "participant": "3236",
          "train_size": 1,
          "n_seeds": 10,
          "n_train_samples_mean": 3.0,
          "n_test_samples_mean": 31.0,
          "test_acc_mean": 0.4870967741935484,
          "test_acc_std": 0.0879488389104453,
          "test_bal_acc_mean": 0.4938461538461539,
          "test_bal_acc_std": 0.07859716784273725,
          "test_f1_mean": 0.47513466436075796,
          "test_f1_std": 0.09838147610435778,
          "test_kappa_mean": 0.2350243116928777,
          "test_kappa_std": 0.1038037976438717,
          "confusion_matrix": [
            [
              66.15384615384616,
              20.769230769230766,
              13.076923076923077
            ],
            [
              0.0,
              52.0,
              48.0
            ],
            [
              30.0,
              40.0,
              29.999999999999993
            ]
          ]
        },
        {
          "participant": "3237",
          "train_size": 1,
          "n_seeds": 10,
          "n_train_samples_mean": 3.0,
          "n_test_samples_mean": 36.0,
          "test_acc_mean": 0.638888888888889,
          "test_acc_std": 0.06928995160692482,
          "test_bal_acc_mean": 0.6528205128205128,
          "test_bal_acc_std": 0.07445420760849261,
          "test_f1_mean": 0.6148023340149873,
          "test_f1_std": 0.06012158235145512,
          "test_kappa_mean": 0.45484383333684403,
          "test_kappa_std": 0.1063584514723228,
          "confusion_matrix": [
            [
              33.07692307692308,
              8.461538461538462,
              58.46153846153847
            ],
            [
              10.0,
              82.0,
              8.0
            ],
            [
              11.53846153846154,
              7.692307692307692,
              80.76923076923075
            ]
          ]
        },
        {
          "participant": "3238",
          "train_size": 1,
          "n_seeds": 10,
          "n_train_samples_mean": 3.0,
          "n_test_samples_mean": 39.0,
          "test_acc_mean": 0.44102564102564096,
          "test_acc_std": 0.044902309526713494,
          "test_bal_acc_mean": 0.44102564102564107,
          "test_bal_acc_std": 0.04490230952671351,
          "test_f1_mean": 0.3949061639525814,
          "test_f1_std": 0.046538786714479315,
          "test_kappa_mean": 0.16153846153846155,
          "test_kappa_std": 0.06735346429007022,
          "confusion_matrix": [
            [
              13.846153846153845,
              36.15384615384615,
              50.000000000000014
            ],
            [
              2.3076923076923075,
              43.84615384615384,
              53.846153846153854
            ],
            [
              0.0,
              25.38461538461538,
              74.61538461538461
            ]
          ]
        },
        {
          "participant": "3239",
          "train_size": 1,
          "n_seeds": 10,
          "n_train_samples_mean": 3.0,
          "n_test_samples_mean": 34.0,
          "test_acc_mean": 0.5117647058823529,
          "test_acc_std": 0.06231470032184591,
          "test_bal_acc_mean": 0.5198717948717949,
          "test_bal_acc_std": 0.06421892467354176,
          "test_f1_mean": 0.49847981532016866,
          "test_f1_std": 0.07978762458991481,
          "test_kappa_mean": 0.27593798725536695,
          "test_kappa_std": 0.0906027861849469,
          "confusion_matrix": [
            [
              38.46153846153847,
              16.153846153846153,
              45.38461538461539
            ],
            [
              15.833333333333332,
              60.833333333333336,
              23.333333333333332
            ],
            [
              33.33333333333333,
              10.0,
              56.666666666666664
            ]
          ]
        },
        {
          "participant": "3240",
          "train_size": 1,
          "n_seeds": 10,
          "n_train_samples_mean": 3.0,
          "n_test_samples_mean": 37.0,
          "test_acc_mean": 0.6756756756756757,
          "test_acc_std": 0.106596032127921,
          "test_bal_acc_mean": 0.6777777777777778,
          "test_bal_acc_std": 0.10566209909150112,
          "test_f1_mean": 0.665322424437532,
          "test_f1_std": 0.12696466185289024,
          "test_kappa_mean": 0.5162011566236274,
          "test_kappa_std": 0.1578582840962466,
          "confusion_matrix": [
            [
              92.5,
              0.0,
              7.5
            ],
            [
              26.923076923076923,
              60.0,
              13.076923076923077
            ],
            [
              49.16666666666666,
              0.0,
              50.83333333333333
            ]
          ]
        },
        {
          "participant": "3241",
          "train_size": 1,
          "n_seeds": 10,
          "n_train_samples_mean": 3.0,
          "n_test_samples_mean": 39.0,
          "test_acc_mean": 0.5256410256410257,
          "test_acc_std": 0.07572668866098012,
          "test_bal_acc_mean": 0.5256410256410257,
          "test_bal_acc_std": 0.07572668866098013,
          "test_f1_mean": 0.504985986372599,
          "test_f1_std": 0.08166825940276475,
          "test_kappa_mean": 0.2884615384615385,
          "test_kappa_std": 0.1135900329914702,
          "confusion_matrix": [
            [
              49.23076923076923,
              17.69230769230769,
              33.07692307692308
            ],
            [
              45.38461538461537,
              32.30769230769231,
              22.307692307692303
            ],
            [
              23.846153846153847,
              0.0,
              76.15384615384616
            ]
          ]
        },
        {
          "participant": "3242",
          "train_size": 1,
          "n_seeds": 10,
          "n_train_samples_mean": 3.0,
          "n_test_samples_mean": 39.0,
          "test_acc_mean": 0.8230769230769232,
          "test_acc_std": 0.05466077591562217,
          "test_bal_acc_mean": 0.8230769230769232,
          "test_bal_acc_std": 0.054660775915622205,
          "test_f1_mean": 0.8156204755975531,
          "test_f1_std": 0.06087422001846301,
          "test_kappa_mean": 0.7346153846153846,
          "test_kappa_std": 0.08199116387343325,
          "confusion_matrix": [
            [
              98.46153846153847,
              1.5384615384615385,
              0.0
            ],
            [
              18.461538461538463,
              69.23076923076925,
              12.307692307692308
            ],
            [
              0.7692307692307693,
              20.0,
              79.23076923076923
            ]
          ]
        },
        {
          "participant": "3243",
          "train_size": 1,
          "n_seeds": 10,
          "n_train_samples_mean": 3.0,
          "n_test_samples_mean": 38.0,
          "test_acc_mean": 0.7657894736842106,
          "test_acc_std": 0.07174773700588956,
          "test_bal_acc_mean": 0.7717948717948718,
          "test_bal_acc_std": 0.06990805144163602,
          "test_f1_mean": 0.7461535924063526,
          "test_f1_std": 0.0870213555749357,
          "test_kappa_mean": 0.6497719274822294,
          "test_kappa_std": 0.10667426558249572,
          "confusion_matrix": [
            [
              100.0,
              0.0,
              0.0
            ],
            [
              2.3076923076923075,
              82.30769230769232,
              15.384615384615387
            ],
            [
              21.53846153846154,
              29.230769230769234,
              49.23076923076924
            ]
          ]
        },
        {
          "participant": "3244",
          "train_size": 1,
          "n_seeds": 10,
          "n_train_samples_mean": 3.0,
          "n_test_samples_mean": 39.0,
          "test_acc_mean": 0.6897435897435897,
          "test_acc_std": 0.051919119823888686,
          "test_bal_acc_mean": 0.6897435897435897,
          "test_bal_acc_std": 0.05191911982388871,
          "test_f1_mean": 0.6444282208861262,
          "test_f1_std": 0.08481355157800433,
          "test_kappa_mean": 0.5346153846153846,
          "test_kappa_std": 0.07787867973583303,
          "confusion_matrix": [
            [
              84.6153846153846,
              0.0,
              15.384615384615383
            ],
            [
              1.5384615384615385,
              94.61538461538461,
              3.846153846153846
            ],
            [
              45.38461538461538,
              26.923076923076923,
              27.69230769230769
            ]
          ]
        },
        {
          "participant": "3245",
          "train_size": 1,
          "n_seeds": 10,
          "n_train_samples_mean": 3.0,
          "n_test_samples_mean": 37.0,
          "test_acc_mean": 0.6621621621621622,
          "test_acc_std": 0.07670894759426307,
          "test_bal_acc_mean": 0.6538461538461539,
          "test_bal_acc_std": 0.07523879511426881,
          "test_f1_mean": 0.6523385909694792,
          "test_f1_std": 0.07730667342560461,
          "test_kappa_mean": 0.4889388139898479,
          "test_kappa_std": 0.11492192541144915,
          "confusion_matrix": [
            [
              70.0,
              10.0,
              19.999999999999996
            ],
            [
              21.538461538461537,
              76.15384615384616,
              2.3076923076923075
            ],
            [
              33.63636363636363,
              16.363636363636363,
              50.0
            ]
          ]
        },
        {
          "participant": "3246",
          "train_size": 1,
          "n_seeds": 10,
          "n_train_samples_mean": 3.0,
          "n_test_samples_mean": 39.0,
          "test_acc_mean": 0.5051282051282051,
          "test_acc_std": 0.032093988641912104,
          "test_bal_acc_mean": 0.5051282051282051,
          "test_bal_acc_std": 0.0320939886419121,
          "test_f1_mean": 0.4128334761749694,
          "test_f1_std": 0.042668171981445964,
          "test_kappa_mean": 0.2576923076923077,
          "test_kappa_std": 0.048140982962868194,
          "confusion_matrix": [
            [
              48.46153846153847,
              50.76923076923077,
              0.7692307692307693
            ],
            [
              0.7692307692307693,
              99.23076923076924,
              0.0
            ],
            [
              38.46153846153846,
              57.69230769230769,
              3.846153846153846
            ]
          ]
        },
        {
          "participant": "3247",
          "train_size": 1,
          "n_seeds": 10,
          "n_train_samples_mean": 3.0,
          "n_test_samples_mean": 39.0,
          "test_acc_mean": 0.7102564102564102,
          "test_acc_std": 0.08112907675271307,
          "test_bal_acc_mean": 0.7102564102564102,
          "test_bal_acc_std": 0.08112907675271308,
          "test_f1_mean": 0.6819697699938232,
          "test_f1_std": 0.1068623296107612,
          "test_kappa_mean": 0.5653846153846154,
          "test_kappa_std": 0.1216936151290696,
          "confusion_matrix": [
            [
              85.38461538461539,
              10.0,
              4.615384615384615
            ],
            [
              9.23076923076923,
              39.23076923076923,
              51.53846153846153
            ],
            [
              4.615384615384615,
              6.9230769230769225,
              88.46153846153845
            ]
          ]
        },
        {
          "participant": "3248",
          "train_size": 1,
          "n_seeds": 10,
          "n_train_samples_mean": 3.0,
          "n_test_samples_mean": 38.0,
          "test_acc_mean": 0.6210526315789473,
          "test_acc_std": 0.06703499359488703,
          "test_bal_acc_mean": 0.6232905982905983,
          "test_bal_acc_std": 0.07023564909534277,
          "test_f1_mean": 0.6065688305667065,
          "test_f1_std": 0.06900717995215543,
          "test_kappa_mean": 0.42968769809277585,
          "test_kappa_std": 0.1025787719819774,
          "confusion_matrix": [
            [
              70.83333333333334,
              3.333333333333333,
              25.833333333333336
            ],
            [
              5.384615384615385,
              69.99999999999999,
              24.615384615384617
            ],
            [
              5.384615384615385,
              48.46153846153847,
              46.15384615384615
            ]
          ]
        },
        {
          "participant": "3249",
          "train_size": 1,
          "n_seeds": 10,
          "n_train_samples_mean": 3.0,
          "n_test_samples_mean": 39.0,
          "test_acc_mean": 0.5410256410256411,
          "test_acc_std": 0.1281766350103758,
          "test_bal_acc_mean": 0.541025641025641,
          "test_bal_acc_std": 0.12817663501037582,
          "test_f1_mean": 0.4829501186657231,
          "test_f1_std": 0.1500302218153585,
          "test_kappa_mean": 0.31153846153846154,
          "test_kappa_std": 0.19226495251556372,
          "confusion_matrix": [
            [
              20.769230769230766,
              11.538461538461538,
              67.69230769230771
            ],
            [
              3.076923076923077,
              71.53846153846153,
              25.384615384615387
            ],
            [
              0.0,
              30.0,
              70.0
            ]
          ]
        },
        {
          "participant": "3250",
          "train_size": 1,
          "n_seeds": 10,
          "n_train_samples_mean": 3.0,
          "n_test_samples_mean": 39.0,
          "test_acc_mean": 0.6641025641025642,
          "test_acc_std": 0.069908051441636,
          "test_bal_acc_mean": 0.6641025641025642,
          "test_bal_acc_std": 0.06990805144163602,
          "test_f1_mean": 0.6178224876829902,
          "test_f1_std": 0.06843158754565372,
          "test_kappa_mean": 0.49615384615384617,
          "test_kappa_std": 0.10486207716245398,
          "confusion_matrix": [
            [
              89.99999999999999,
              6.923076923076924,
              3.076923076923077
            ],
            [
              7.692307692307692,
              85.38461538461539,
              6.9230769230769225
            ],
            [
              54.615384615384606,
              21.538461538461537,
              23.846153846153847
            ]
          ]
        }
      ]
    },
    {
      "aggregated": {
        "train_size": 2,
        "n_participants": 39,
        "n_seeds": 10,
        "test_acc_mean": 0.6692286662991995,
        "test_acc_std": 0.13324146768029604,
        "test_bal_acc_mean": 0.6618228993228994,
        "test_bal_acc_std": 0.13505234111545544,
        "test_f1_mean": 0.6475074022415701,
        "test_f1_std": 0.15094065981907084,
        "test_kappa_mean": 0.4997318035822117,
        "test_kappa_std": 0.19957466674417462,
        "confusion_matrix": [
          [
            65.02331002331003,
            13.747086247086244,
