{
  "name": "pose_perf_gsr_ecg",
  "config": {
    "n_seeds": 10,
    "feature_selection": "backward",
    "use_pca": false,
    "pca_variance": 0.95,
    "write_cm": true,
    "tune_hyperparameters": false,
    "tune_n_iter": 30,
    "tune_cv_folds": 5,
    "use_pose_derivatives": true,
    "use_time_features": false,
    "class_config": "all",
    "include_order": false,
    "name": "pose_perf_gsr_ecg",
    "feature_groups": [
      "pose",
      "performance",
      "gsr",
      "ecg"
    ],
    "split_strategy": "participant_specific",
    "sampling_strategy": "temporal_stratified"
  },
  "sampling_strategy": "temporal_stratified",
  "n_seeds": 10,
  "learning_curve": [
    {
      "aggregated": {
        "train_size": 1,
        "n_participants": 37,
        "n_seeds": 10,
        "test_acc_mean": 0.5861958920782452,
        "test_acc_std": 0.09705208908657163,
        "test_bal_acc_mean": 0.5839137214137214,
        "test_bal_acc_std": 0.09757391066418658,
        "test_f1_mean": 0.5555304440666324,
        "test_f1_std": 0.11220723879724569,
        "test_kappa_mean": 0.3760880630140646,
        "test_kappa_std": 0.14655196063288145,
        "confusion_matrix": [
          [
            58.72141372141373,
            19.261954261954262,
            22.016632016632023
          ],
          [
            16.652806652806646,
            56.86070686070687,
            26.48648648648649
          ],
          [
            16.92711942711942,
            23.48088473088473,
            59.59199584199583
          ]
        ]
      },
      "per_participant": [
        {
          "participant": "3208",
          "train_size": 1,
          "n_seeds": 10,
          "n_train_samples_mean": 3.0,
          "n_test_samples_mean": 39.0,
          "test_acc_mean": 0.5461538461538462,
          "test_acc_std": 0.07053224285735986,
          "test_bal_acc_mean": 0.5461538461538462,
          "test_bal_acc_std": 0.07053224285735983,
          "test_f1_mean": 0.527985705034427,
          "test_f1_std": 0.07670534831232542,
          "test_kappa_mean": 0.31923076923076926,
          "test_kappa_std": 0.1057983642860398,
          "confusion_matrix": [
            [
              53.84615384615385,
              19.230769230769234,
              26.923076923076923
            ],
            [
              21.53846153846154,
              40.76923076923077,
              37.69230769230769
            ],
            [
              16.153846153846153,
              14.615384615384613,
              69.23076923076923
            ]
          ]
        },
        {
          "participant": "3209",
          "train_size": 1,
          "n_seeds": 10,
          "n_train_samples_mean": 3.0,
          "n_test_samples_mean": 39.0,
          "test_acc_mean": 0.4769230769230769,
          "test_acc_std": 0.08036006340884212,
          "test_bal_acc_mean": 0.4769230769230769,
          "test_bal_acc_std": 0.0803600634088421,
          "test_f1_mean": 0.4297399130243772,
          "test_f1_std": 0.09899980933833559,
          "test_kappa_mean": 0.21538461538461537,
          "test_kappa_std": 0.12054009511326315,
          "confusion_matrix": [
            [
              79.99999999999999,
              15.384615384615383,
              4.615384615384615
            ],
            [
              52.3076923076923,
              32.30769230769231,
              15.384615384615383
            ],
            [
              50.00000000000001,
              19.230769230769234,
              30.769230769230763
            ]
          ]
        },
        {
          "participant": "3210",
          "train_size": 1,
          "n_seeds": 10,
          "n_train_samples_mean": 3.0,
          "n_test_samples_mean": 39.0,
          "test_acc_mean": 0.758974358974359,
          "test_acc_std": 0.04865042554105199,
          "test_bal_acc_mean": 0.758974358974359,
          "test_bal_acc_std": 0.048650425541051964,
          "test_f1_mean": 0.7297008564407556,
          "test_f1_std": 0.06180450264053623,
          "test_kappa_mean": 0.6384615384615385,
          "test_kappa_std": 0.072975638311578,
          "confusion_matrix": [
            [
              42.30769230769231,
              15.384615384615387,
              42.30769230769231
            ],
            [
              0.0,
              96.15384615384615,
              3.846153846153846
            ],
            [
              0.0,
              10.76923076923077,
              89.23076923076923
            ]
          ]
        },
        {
          "participant": "3214",
          "train_size": 1,
          "n_seeds": 10,
          "n_train_samples_mean": 3.0,
          "n_test_samples_mean": 39.0,
          "test_acc_mean": 0.558974358974359,
          "test_acc_std": 0.061395846140403346,
          "test_bal_acc_mean": 0.558974358974359,
          "test_bal_acc_std": 0.06139584614040329,
          "test_f1_mean": 0.565381307024421,
          "test_f1_std": 0.056508958056780564,
          "test_kappa_mean": 0.3384615384615385,
          "test_kappa_std": 0.09209376921060498,
          "confusion_matrix": [
            [
              65.38461538461539,
              21.53846153846154,
              13.076923076923077
            ],
            [
              1.5384615384615385,
              56.15384615384615,
              42.30769230769231
            ],
            [
              0.0,
              53.84615384615383,
              46.15384615384615
            ]
          ]
        },
        {
          "participant": "3215",
          "train_size": 1,
          "n_seeds": 10,
          "n_train_samples_mean": 3.0,
          "n_test_samples_mean": 39.0,
          "test_acc_mean": 0.4692307692307692,
          "test_acc_std": 0.061692589513225926,
          "test_bal_acc_mean": 0.4692307692307692,
          "test_bal_acc_std": 0.06169258951322595,
          "test_f1_mean": 0.3724978162288934,
          "test_f1_std": 0.05910291263008776,
          "test_kappa_mean": 0.20384615384615384,
          "test_kappa_std": 0.09253888426983893,
          "confusion_matrix": [
            [
              59.23076923076924,
              0.7692307692307693,
              39.99999999999999
            ],
            [
              21.53846153846154,
              0.0,
              78.46153846153847
            ],
            [
              18.46153846153846,
              0.0,
              81.53846153846153
            ]
          ]
        },
        {
          "participant": "3216",
          "train_size": 1,
          "n_seeds": 10,
          "n_train_samples_mean": 3.0,
          "n_test_samples_mean": 39.0,
          "test_acc_mean": 0.5461538461538462,
          "test_acc_std": 0.05545684853849005,
          "test_bal_acc_mean": 0.5461538461538462,
          "test_bal_acc_std": 0.05545684853849003,
          "test_f1_mean": 0.527916893468493,
          "test_f1_std": 0.06545821662582398,
          "test_kappa_mean": 0.31923076923076926,
          "test_kappa_std": 0.08318527280773506,
          "confusion_matrix": [
            [
              53.07692307692308,
              30.769230769230774,
              16.153846153846153
            ],
            [
              13.076923076923077,
              58.46153846153847,
              28.46153846153846
            ],
            [
              19.999999999999996,
              27.69230769230769,
              52.30769230769231
            ]
          ]
        },
        {
          "participant": "3217",
          "train_size": 1,
          "n_seeds": 10,
          "n_train_samples_mean": 3.0,
          "n_test_samples_mean": 39.0,
          "test_acc_mean": 0.5692307692307692,
          "test_acc_std": 0.06708176707811482,
          "test_bal_acc_mean": 0.5692307692307692,
          "test_bal_acc_std": 0.06708176707811479,
          "test_f1_mean": 0.5547825272970635,
          "test_f1_std": 0.0773204463455764,
          "test_kappa_mean": 0.35384615384615387,
          "test_kappa_std": 0.10062265061717222,
          "confusion_matrix": [
            [
              38.46153846153846,
              56.15384615384615,
              5.384615384615385
            ],
            [
              16.153846153846153,
              77.6923076923077,
              6.153846153846155
            ],
            [
              1.5384615384615385,
              43.84615384615385,
              54.61538461538462
            ]
          ]
        },
        {
          "participant": "3218",
          "train_size": 1,
          "n_seeds": 10,
          "n_train_samples_mean": 3.0,
          "n_test_samples_mean": 39.0,
          "test_acc_mean": 0.7666666666666666,
          "test_acc_std": 0.08413486975948521,
          "test_bal_acc_mean": 0.7666666666666666,
          "test_bal_acc_std": 0.08413486975948524,
          "test_f1_mean": 0.7498942542142284,
          "test_f1_std": 0.09513826538914352,
          "test_kappa_mean": 0.6499999999999999,
          "test_kappa_std": 0.12620230463922782,
          "confusion_matrix": [
            [
              90.76923076923076,
              6.9230769230769225,
              2.3076923076923075
            ],
            [
              13.076923076923077,
              56.15384615384615,
              30.769230769230766
            ],
            [
              0.7692307692307693,
              16.153846153846153,
              83.07692307692307
            ]
          ]
        },
        {
          "participant": "3219",
          "train_size": 1,
          "n_seeds": 10,
          "n_train_samples_mean": 3.0,
          "n_test_samples_mean": 34.0,
          "test_acc_mean": 0.5647058823529412,
          "test_acc_std": 0.075687290453407,
          "test_bal_acc_mean": 0.5676282051282051,
          "test_bal_acc_std": 0.08278983956529495,
          "test_f1_mean": 0.5326174244973354,
          "test_f1_std": 0.08890608157662018,
          "test_kappa_mean": 0.32749437277291293,
          "test_kappa_std": 0.12391140758353272,
          "confusion_matrix": [
            [
              61.53846153846155,
              36.92307692307693,
              1.5384615384615385
            ],
            [
              33.07692307692308,
              50.0,
              16.923076923076923
            ],
            [
              27.5,
              13.75,
              58.75
            ]
          ]
        },
        {
          "participant": "3220",
          "train_size": 1,
          "n_seeds": 10,
          "n_train_samples_mean": 3.0,
          "n_test_samples_mean": 39.0,
          "test_acc_mean": 0.5256410256410257,
          "test_acc_std": 0.09145698529501153,
          "test_bal_acc_mean": 0.5256410256410257,
          "test_bal_acc_std": 0.09145698529501155,
          "test_f1_mean": 0.4877851492714028,
          "test_f1_std": 0.11253954272846146,
          "test_kappa_mean": 0.28846153846153844,
          "test_kappa_std": 0.13718547794251726,
          "confusion_matrix": [
            [
              69.23076923076924,
              30.0,
              0.7692307692307693
            ],
            [
              29.999999999999993,
              66.15384615384616,
              3.846153846153846
            ],
            [
              39.23076923076923,
              38.46153846153846,
              22.30769230769231
            ]
          ]
        },
        {
          "participant": "3221",
          "train_size": 1,
          "n_seeds": 10,
          "n_train_samples_mean": 3.0,
          "n_test_samples_mean": 39.0,
          "test_acc_mean": 0.5923076923076924,
          "test_acc_std": 0.05466077591562219,
          "test_bal_acc_mean": 0.5923076923076923,
          "test_bal_acc_std": 0.05466077591562215,
          "test_f1_mean": 0.5621927315240125,
          "test_f1_std": 0.07931708648750317,
          "test_kappa_mean": 0.3884615384615385,
          "test_kappa_std": 0.08199116387343322,
          "confusion_matrix": [
            [
              57.69230769230769,
              36.92307692307692,
              5.384615384615385
            ],
            [
              19.230769230769234,
              66.15384615384616,
              14.615384615384617
            ],
            [
              20.76923076923077,
              25.384615384615383,
              53.84615384615385
            ]
          ]
        },
        {
          "participant": "3223",
          "train_size": 1,
          "n_seeds": 10,
          "n_train_samples_mean": 3.0,
          "n_test_samples_mean": 39.0,
          "test_acc_mean": 0.5230769230769232,
          "test_acc_std": 0.08816271424429148,
          "test_bal_acc_mean": 0.5230769230769232,
          "test_bal_acc_std": 0.08816271424429147,
          "test_f1_mean": 0.48537286022200987,
          "test_f1_std": 0.11128294042101808,
          "test_kappa_mean": 0.2846153846153846,
          "test_kappa_std": 0.1322440713664372,
          "confusion_matrix": [
            [
              28.46153846153846,
              19.23076923076923,
              52.30769230769231
            ],
            [
              0.0,
              86.15384615384615,
              13.846153846153845
            ],
            [
              0.7692307692307693,
              56.92307692307692,
              42.30769230769231
            ]
          ]
        },
        {
          "participant": "3224",
          "train_size": 1,
          "n_seeds": 10,
          "n_train_samples_mean": 3.0,
          "n_test_samples_mean": 39.0,
          "test_acc_mean": 0.6846153846153846,
          "test_acc_std": 0.03831882354095707,
          "test_bal_acc_mean": 0.6846153846153846,
          "test_bal_acc_std": 0.03831882354095711,
          "test_f1_mean": 0.6659205455707544,
          "test_f1_std": 0.05263224761950971,
          "test_kappa_mean": 0.5269230769230768,
          "test_kappa_std": 0.05747823531143561,
          "confusion_matrix": [
            [
              74.61538461538463,
              10.000000000000002,
              15.384615384615383
            ],
            [
              22.307692307692303,
              47.69230769230769,
              30.000000000000007
            ],
            [
              6.153846153846154,
              10.76923076923077,
              83.07692307692307
            ]
          ]
        },
        {
          "participant": "3225",
          "train_size": 1,
          "n_seeds": 10,
          "n_train_samples_mean": 3.0,
          "n_test_samples_mean": 39.0,
          "test_acc_mean": 0.5435897435897435,
          "test_acc_std": 0.09804875486974349,
          "test_bal_acc_mean": 0.5435897435897435,
          "test_bal_acc_std": 0.09804875486974352,
          "test_f1_mean": 0.5090060585220909,
          "test_f1_std": 0.09284855022439834,
          "test_kappa_mean": 0.3153846153846153,
          "test_kappa_std": 0.14707313230461527,
          "confusion_matrix": [
            [
              90.76923076923077,
              9.23076923076923,
              0.0
            ],
            [
              29.230769230769234,
              38.46153846153847,
              32.30769230769231
            ],
            [
              0.0,
              66.15384615384616,
              33.84615384615385
            ]
          ]
        },
        {
          "participant": "3226",
          "train_size": 1,
          "n_seeds": 10,
          "n_train_samples_mean": 3.0,
          "n_test_samples_mean": 39.0,
          "test_acc_mean": 0.5358974358974359,
          "test_acc_std": 0.08499870010565348,
          "test_bal_acc_mean": 0.535897435897436,
          "test_bal_acc_std": 0.08499870010565345,
          "test_f1_mean": 0.492599295283072,
          "test_f1_std": 0.10393424722690854,
          "test_kappa_mean": 0.3038461538461538,
          "test_kappa_std": 0.12749805015848023,
          "confusion_matrix": [
            [
              52.30769230769231,
              3.846153846153846,
              43.84615384615385
            ],
            [
              10.76923076923077,
              20.0,
              69.23076923076924
            ],
            [
              3.076923076923077,
              8.461538461538462,
              88.46153846153845
            ]
          ]
        },
        {
          "participant": "3227",
          "train_size": 1,
          "n_seeds": 10,
          "n_train_samples_mean": 3.0,
          "n_test_samples_mean": 39.0,
          "test_acc_mean": 0.5282051282051283,
          "test_acc_std": 0.1062032449026261,
          "test_bal_acc_mean": 0.5282051282051283,
          "test_bal_acc_std": 0.1062032449026261,
          "test_f1_mean": 0.5150357591669362,
          "test_f1_std": 0.12307739843975567,
          "test_kappa_mean": 0.29230769230769227,
          "test_kappa_std": 0.15930486735393917,
          "confusion_matrix": [
            [
              44.615384615384606,
              54.61538461538462,
              0.7692307692307693
            ],
            [
              7.692307692307692,
              49.23076923076923,
              43.07692307692307
            ],
            [
              0.7692307692307693,
              34.615384615384606,
              64.61538461538461
            ]
          ]
        },
        {
          "participant": "3228",
          "train_size": 1,
          "n_seeds": 10,
          "n_train_samples_mean": 3.0,
          "n_test_samples_mean": 30.0,
          "test_acc_mean": 0.5866666666666667,
          "test_acc_std": 0.06885303726590962,
          "test_bal_acc_mean": 0.508974358974359,
          "test_bal_acc_std": 0.09769421448662935,
          "test_f1_mean": 0.542241935108002,
          "test_f1_std": 0.09986106359474681,
          "test_kappa_mean": 0.2822884059432596,
          "test_kappa_std": 0.124188187077595,
          "confusion_matrix": [
            [
              25.0,
              65.0,
              10.0
            ],
            [
              0.0,
              79.23076923076923,
              20.769230769230766
            ],
            [
              0.0,
              51.53846153846155,
              48.46153846153846
            ]
          ]
        },
        {
          "participant": "3229",
          "train_size": 1,
          "n_seeds": 10,
          "n_train_samples_mean": 3.0,
          "n_test_samples_mean": 39.0,
          "test_acc_mean": 0.4615384615384615,
          "test_acc_std": 0.08547008547008547,
          "test_bal_acc_mean": 0.46153846153846156,
          "test_bal_acc_std": 0.08547008547008547,
          "test_f1_mean": 0.38644713598553304,
          "test_f1_std": 0.11956612207193419,
          "test_kappa_mean": 0.19230769230769232,
          "test_kappa_std": 0.12820512820512822,
          "confusion_matrix": [
            [
              29.230769230769226,
              10.0,
              60.769230769230774
            ],
            [
              24.615384615384613,
              16.153846153846153,
              59.23076923076924
            ],
            [
              6.153846153846154,
              0.7692307692307693,
              93.07692307692307
            ]
          ]
        },
        {
          "participant": "3230",
          "train_size": 1,
          "n_seeds": 10,
          "n_train_samples_mean": 3.0,
          "n_test_samples_mean": 39.0,
          "test_acc_mean": 0.49743589743589733,
          "test_acc_std": 0.08215805019280627,
          "test_bal_acc_mean": 0.49743589743589745,
          "test_bal_acc_std": 0.08215805019280624,
          "test_f1_mean": 0.4691994557221425,
          "test_f1_std": 0.08703268625441053,
          "test_kappa_mean": 0.24615384615384617,
          "test_kappa_std": 0.12323707528920938,
          "confusion_matrix": [
            [
              21.538461538461537,
              0.7692307692307693,
              77.6923076923077
            ],
            [
              26.153846153846153,
              53.84615384615385,
              20.0
            ],
            [
              18.46153846153846,
              7.692307692307692,
              73.84615384615384
            ]
          ]
        },
        {
          "participant": "3232",
          "train_size": 1,
          "n_seeds": 10,
          "n_train_samples_mean": 3.0,
          "n_test_samples_mean": 39.0,
          "test_acc_mean": 0.47948717948717945,
          "test_acc_std": 0.08551280983439837,
          "test_bal_acc_mean": 0.47948717948717945,
          "test_bal_acc_std": 0.08551280983439837,
          "test_f1_mean": 0.43491720619450974,
          "test_f1_std": 0.1049049204541444,
          "test_kappa_mean": 0.21923076923076926,
          "test_kappa_std": 0.12826921475159758,
          "confusion_matrix": [
            [
              26.923076923076923,
              14.615384615384617,
              58.461538461538474
            ],
            [
              18.46153846153846,
              32.30769230769231,
              49.23076923076923
            ],
            [
              10.0,
              5.384615384615385,
              84.61538461538461
            ]
          ]
        },
        {
          "participant": "3233",
          "train_size": 1,
          "n_seeds": 10,
          "n_train_samples_mean": 3.0,
          "n_test_samples_mean": 39.0,
          "test_acc_mean": 0.7102564102564103,
          "test_acc_std": 0.07649453277013486,
          "test_bal_acc_mean": 0.7102564102564103,
          "test_bal_acc_std": 0.07649453277013486,
          "test_f1_mean": 0.7033210420650524,
          "test_f1_std": 0.0805167485845021,
          "test_kappa_mean": 0.5653846153846154,
          "test_kappa_std": 0.1147417991552023,
          "confusion_matrix": [
            [
              60.76923076923076,
              16.153846153846153,
              23.076923076923077
            ],
            [
              13.076923076923077,
              77.6923076923077,
              9.23076923076923
            ],
            [
              0.0,
              25.384615384615387,
              74.61538461538461
            ]
          ]
        },
        {
          "participant": "3234",
          "train_size": 1,
          "n_seeds": 10,
          "n_train_samples_mean": 3.0,
          "n_test_samples_mean": 39.0,
          "test_acc_mean": 0.37948717948717947,
          "test_acc_std": 0.05643615049305702,
          "test_bal_acc_mean": 0.37948717948717947,
          "test_bal_acc_std": 0.056436150493056995,
          "test_f1_mean": 0.2890969580782071,
          "test_f1_std": 0.056630856773268186,
          "test_kappa_mean": 0.06923076923076918,
          "test_kappa_std": 0.0846542257395856,
          "confusion_matrix": [
            [
              83.07692307692308,
              0.0,
              16.923076923076923
            ],
            [
              40.76923076923077,
              7.692307692307693,
              51.53846153846153
            ],
            [
              74.61538461538461,
              2.3076923076923075,
              23.076923076923073
            ]
          ]
        },
        {
          "participant": "3235",
          "train_size": 1,
          "n_seeds": 10,
          "n_train_samples_mean": 3.0,
          "n_test_samples_mean": 39.0,
          "test_acc_mean": 0.6692307692307693,
          "test_acc_std": 0.05976797858819517,
          "test_bal_acc_mean": 0.6692307692307693,
          "test_bal_acc_std": 0.059767978588195186,
          "test_f1_mean": 0.648208627465646,
          "test_f1_std": 0.06916989350191778,
          "test_kappa_mean": 0.5038461538461537,
          "test_kappa_std": 0.08965196788229277,
          "confusion_matrix": [
            [
              82.3076923076923,
              7.692307692307692,
              10.0
            ],
            [
              20.0,
              80.00000000000001,
              0.0
            ],
            [
              35.38461538461538,
              26.153846153846153,
              38.46153846153847
            ]
          ]
        },
        {
          "participant": "3236",
          "train_size": 1,
          "n_seeds": 10,
          "n_train_samples_mean": 3.0,
          "n_test_samples_mean": 39.0,
          "test_acc_mean": 0.6076923076923076,
          "test_acc_std": 0.0944434775833249,
          "test_bal_acc_mean": 0.6076923076923076,
          "test_bal_acc_std": 0.09444347758332493,
          "test_f1_mean": 0.6041586890106617,
          "test_f1_std": 0.09864769989962348,
          "test_kappa_mean": 0.4115384615384616,
          "test_kappa_std": 0.14166521637498738,
          "confusion_matrix": [
            [
              66.15384615384616,
              14.615384615384617,
              19.23076923076923
            ],
            [
              0.7692307692307693,
              56.92307692307693,
              42.30769230769231
            ],
            [
              15.384615384615383,
              25.38461538461538,
              59.23076923076924
            ]
          ]
        },
        {
          "participant": "3237",
          "train_size": 1,
          "n_seeds": 10,
          "n_train_samples_mean": 3.0,
          "n_test_samples_mean": 39.0,
          "test_acc_mean": 0.5487179487179487,
          "test_acc_std": 0.09378370409808687,
          "test_bal_acc_mean": 0.5487179487179488,
          "test_bal_acc_std": 0.09378370409808685,
          "test_f1_mean": 0.5256131270443953,
          "test_f1_std": 0.09115368833371044,
          "test_kappa_mean": 0.32307692307692304,
          "test_kappa_std": 0.1406755561471303,
          "confusion_matrix": [
            [
              39.23076923076923,
              10.0,
              50.76923076923076
            ],
            [
              26.153846153846153,
              52.30769230769231,
              21.538461538461537
            ],
            [
              16.153846153846153,
              10.76923076923077,
              73.07692307692307
            ]
          ]
        },
        {
          "participant": "3238",
          "train_size": 1,
          "n_seeds": 10,
          "n_train_samples_mean": 3.0,
          "n_test_samples_mean": 39.0,
          "test_acc_mean": 0.5358974358974359,
          "test_acc_std": 0.04751091319551214,
          "test_bal_acc_mean": 0.535897435897436,
          "test_bal_acc_std": 0.04751091319551213,
          "test_f1_mean": 0.5062695548712526,
          "test_f1_std": 0.06551955632692456,
          "test_kappa_mean": 0.3038461538461538,
          "test_kappa_std": 0.07126636979326821,
          "confusion_matrix": [
            [
              35.38461538461539,
              39.23076923076923,
              25.384615384615383
            ],
            [
              6.153846153846154,
              41.53846153846153,
              52.30769230769231
            ],
            [
              2.3076923076923075,
              13.846153846153845,
              83.84615384615384
            ]
          ]
        },
        {
          "participant": "3239",
          "train_size": 1,
          "n_seeds": 10,
          "n_train_samples_mean": 3.0,
          "n_test_samples_mean": 35.0,
          "test_acc_mean": 0.6942857142857143,
          "test_acc_std": 0.10523701787856207,
          "test_bal_acc_mean": 0.6846153846153846,
          "test_bal_acc_std": 0.0908614064498105,
          "test_f1_mean": 0.6842788438193785,
          "test_f1_std": 0.10474771299162491,
          "test_kappa_mean": 0.540090937419602,
          "test_kappa_std": 0.15083971452413503,
          "confusion_matrix": [
            [
              65.38461538461539,
              8.461538461538462,
              26.15384615384615
            ],
            [
              10.0,
              80.0,
              10.0
            ],
            [
              31.111111111111107,
              8.88888888888889,
              60.0
            ]
          ]
        },
        {
          "participant": "3240",
          "train_size": 1,
          "n_seeds": 10,
          "n_train_samples_mean": 3.0,
          "n_test_samples_mean": 39.0,
          "test_acc_mean": 0.6615384615384616,
          "test_acc_std": 0.10797683211865818,
          "test_bal_acc_mean": 0.6615384615384616,
          "test_bal_acc_std": 0.10797683211865815,
          "test_f1_mean": 0.6478979154130624,
          "test_f1_std": 0.11756095065971711,
          "test_kappa_mean": 0.49230769230769234,
          "test_kappa_std": 0.16196524817798724,
          "confusion_matrix": [
            [
              63.84615384615385,
              6.9230769230769225,
              29.230769230769226
            ],
            [
              20.769230769230766,
              66.92307692307693,
              12.307692307692308
            ],
            [
              26.15384615384615,
              6.153846153846153,
              67.6923076923077
            ]
          ]
        },
        {
          "participant": "3241",
          "train_size": 1,
          "n_seeds": 10,
          "n_train_samples_mean": 3.0,
          "n_test_samples_mean": 39.0,
          "test_acc_mean": 0.4923076923076922,
          "test_acc_std": 0.08699494461538101,
          "test_bal_acc_mean": 0.4923076923076922,
          "test_bal_acc_std": 0.086994944615381,
          "test_f1_mean": 0.47007647043433537,
          "test_f1_std": 0.09800529983712386,
          "test_kappa_mean": 0.2384615384615385,
          "test_kappa_std": 0.1304924169230715,
          "confusion_matrix": [
            [
              42.30769230769231,
              28.461538461538463,
              29.230769230769234
            ],
            [
              41.53846153846154,
              45.38461538461539,
              13.076923076923077
            ],
            [
              36.153846153846146,
              3.846153846153846,
              60.0
            ]
          ]
        },
        {
          "participant": "3242",
          "train_size": 1,
          "n_seeds": 10,
          "n_train_samples_mean": 3.0,
          "n_test_samples_mean": 39.0,
          "test_acc_mean": 0.7333333333333334,
          "test_acc_std": 0.10341527153678066,
          "test_bal_acc_mean": 0.7333333333333334,
          "test_bal_acc_std": 0.10341527153678069,
          "test_f1_mean": 0.7190319954159795,
          "test_f1_std": 0.1106805860653762,
          "test_kappa_mean": 0.6000000000000001,
          "test_kappa_std": 0.15512290730517098,
          "confusion_matrix": [
            [
              98.46153846153847,
              1.5384615384615385,
              0.0
            ],
            [
              41.53846153846153,
              55.384615384615394,
              3.076923076923077
            ],
            [
              16.923076923076923,
              16.923076923076923,
              66.15384615384615
            ]
          ]
        },
        {
          "participant": "3243",
          "train_size": 1,
          "n_seeds": 10,
          "n_train_samples_mean": 3.0,
          "n_test_samples_mean": 39.0,
          "test_acc_mean": 0.717948717948718,
          "test_acc_std": 0.10184936143429901,
          "test_bal_acc_mean": 0.717948717948718,
          "test_bal_acc_std": 0.10184936143429903,
          "test_f1_mean": 0.6936353084540987,
          "test_f1_std": 0.12754520963681099,
          "test_kappa_mean": 0.5769230769230769,
          "test_kappa_std": 0.15277404215144852,
          "confusion_matrix": [
            [
              90.0,
              6.923076923076924,
              3.076923076923077
            ],
            [
              1.5384615384615385,
              80.00000000000001,
              18.46153846153846
            ],
            [
              15.384615384615383,
              39.230769230769226,
              45.384615384615394
            ]
          ]
        },
        {
          "participant": "3244",
          "train_size": 1,
          "n_seeds": 10,
          "n_train_samples_mean": 3.0,
          "n_test_samples_mean": 39.0,
          "test_acc_mean": 0.6564102564102565,
          "test_acc_std": 0.04712495299859904,
          "test_bal_acc_mean": 0.6564102564102565,
          "test_bal_acc_std": 0.047124952998599055,
          "test_f1_mean": 0.6121211100869574,
          "test_f1_std": 0.05701162933037844,
          "test_kappa_mean": 0.48461538461538467,
          "test_kappa_std": 0.07068742949789857,
          "confusion_matrix": [
            [
              72.3076923076923,
              0.0,
              27.69230769230769
            ],
            [
              5.384615384615385,
              93.07692307692307,
              1.5384615384615385
            ],
            [
              52.30769230769231,
              16.153846153846153,
              31.538461538461537
            ]
          ]
        },
        {
          "participant": "3245",
          "train_size": 1,
          "n_seeds": 10,
          "n_train_samples_mean": 3.0,
          "n_test_samples_mean": 39.0,
          "test_acc_mean": 0.782051282051282,
          "test_acc_std": 0.11160311843761192,
          "test_bal_acc_mean": 0.7820512820512822,
          "test_bal_acc_std": 0.11160311843761192,
          "test_f1_mean": 0.7762741704277885,
          "test_f1_std": 0.12016790750230158,
          "test_kappa_mean": 0.6730769230769231,
          "test_kappa_std": 0.1674046776564179,
          "confusion_matrix": [
            [
              70.76923076923077,
              10.76923076923077,
              18.46153846153846
            ],
            [
              6.9230769230769225,
              90.76923076923077,
              2.3076923076923075
            ],
            [
              8.461538461538462,
              18.46153846153846,
              73.07692307692308
            ]
          ]
        },
        {
          "participant": "3246",
          "train_size": 1,
          "n_seeds": 10,
          "n_train_samples_mean": 3.0,
          "n_test_samples_mean": 39.0,
          "test_acc_mean": 0.5153846153846153,
          "test_acc_std": 0.0504924973939895,
          "test_bal_acc_mean": 0.5153846153846153,
          "test_bal_acc_std": 0.05049249739398949,
          "test_f1_mean": 0.4580257783032013,
          "test_f1_std": 0.07515445152124126,
          "test_kappa_mean": 0.27307692307692305,
          "test_kappa_std": 0.07573874609098424,
          "confusion_matrix": [
            [
              37.69230769230769,
              56.15384615384615,
              6.153846153846154
            ],
            [
              0.7692307692307693,
              99.23076923076923,
              0.0
            ],
            [
              13.846153846153845,
              68.46153846153847,
              17.69230769230769
            ]
          ]
        },
        {
          "participant": "3247",
          "train_size": 1,
          "n_seeds": 10,
          "n_train_samples_mean": 3.0,
          "n_test_samples_mean": 39.0,
          "test_acc_mean": 0.5538461538461539,
          "test_acc_std": 0.04045182757674953,
          "test_bal_acc_mean": 0.5538461538461539,
          "test_bal_acc_std": 0.040451827576749526,
          "test_f1_mean": 0.5030396434678845,
          "test_f1_std": 0.05868927050534285,
          "test_kappa_mean": 0.3307692307692308,
          "test_kappa_std": 0.06067774136512426,
          "confusion_matrix": [
            [
              51.53846153846155,
              42.30769230769231,
              6.153846153846154
            ],
            [
              6.153846153846154,
              22.30769230769231,
              71.53846153846153
            ],
            [
              3.076923076923077,
              4.615384615384615,
              92.3076923076923
            ]
          ]
        },
        {
          "participant": "3248",
          "train_size": 1,
          "n_seeds": 10,
          "n_train_samples_mean": 3.0,
          "n_test_samples_mean": 39.0,
          "test_acc_mean": 0.635897435897436,
          "test_acc_std": 0.06257437681272864,
          "test_bal_acc_mean": 0.635897435897436,
          "test_bal_acc_std": 0.06257437681272864,
          "test_f1_mean": 0.6178906495573966,
          "test_f1_std": 0.07487412255658903,
          "test_kappa_mean": 0.45384615384615384,
          "test_kappa_std": 0.09386156521909295,
          "confusion_matrix": [
            [
              78.46153846153847,
              1.5384615384615385,
              19.999999999999996
            ],
            [
              3.076923076923077,
              62.30769230769231,
              34.61538461538462
            ],
            [
              5.384615384615385,
              44.61538461538462,
              50.0
            ]
          ]
        },
        {
          "participant": "3250",
          "train_size": 1,
          "n_seeds": 10,
          "n_train_samples_mean": 3.0,
          "n_test_samples_mean": 39.0,
          "test_acc_mean": 0.5794871794871794,
          "test_acc_std": 0.07272494832882959,
          "test_bal_acc_mean": 0.5794871794871795,
          "test_bal_acc_std": 0.07272494832882957,
          "test_f1_mean": 0.5544517167496363,
          "test_f1_std": 0.05883539203351096,
          "test_kappa_mean": 0.36923076923076925,
          "test_kappa_std": 0.10908742249324435,
          "confusion_matrix": [
            [
              69.99999999999999,
              4.615384615384615,
              25.38461538461538
            ],
            [
              10.76923076923077,
              69.23076923076923,
              20.0
            ],
            [
              33.84615384615385,
              31.538461538461537,
              34.61538461538462
            ]
          ]
        }
      ]
    },
    {
      "aggregated": {
        "train_size": 2,
        "n_participants": 37,
        "n_seeds": 10,
        "test_acc_mean": 0.6611853789273143,
        "test_acc_std": 0.11504933420713637,
        "test_bal_acc_mean": 0.6588052338052337,
        "test_bal_acc_std": 0.1140754666753847,
        "test_f1_mean": 0.6414708409393444,
        "test_f1_std": 0.13243589551429505,
        "test_kappa_mean": 0.48920165899708357,
        "test_kappa_std": 0.17163103117606157,
        "confusion_matrix": [
          [
            67.04954954954958,
            17.454954954954953,
            15.49549549549549
          ],
          [
            11.238738738738736,
            65.27027027027027,
            23.490990990990994
          ],
          [
            14.816602316602319,
            19.861647361647364,
            65.32175032175033
          ]
        ]
      },
      "per_participant": [
        {
          "participant": "3208",
          "train_size": 2,
          "n_seeds": 10,
          "n_train_samples_mean": 6.0,
          "n_test_samples_mean": 36.0,
          "test_acc_mean": 0.625,
          "test_acc_std": 0.037611288910351634,
          "test_bal_acc_mean": 0.625,
          "test_bal_acc_std": 0.03761128891035168,
          "test_f1_mean": 0.6232631199915716,
          "test_f1_std": 0.03743712650790999,
          "test_kappa_mean": 0.4375,
          "test_kappa_std": 0.05641693336552753,
          "confusion_matrix": [
            [
              69.16666666666667,
              24.999999999999996,
              5.833333333333331
            ],
            [
              16.666666666666664,
              48.33333333333333,
              35.0
            ],
            [
              4.166666666666666,
              25.833333333333332,
              70.0
            ]
          ]
        },
        {
          "participant": "3209",
          "train_size": 2,
          "n_seeds": 10,
          "n_train_samples_mean": 6.0,
          "n_test_samples_mean": 36.0,
