{
  "name": "pose_ecg",
  "config": {
    "n_seeds": 10,
    "feature_selection": "backward",
    "use_pca": false,
    "pca_variance": 0.95,
    "write_cm": true,
    "tune_hyperparameters": false,
    "tune_n_iter": 30,
    "tune_cv_folds": 5,
    "use_pose_derivatives": true,
    "use_time_features": false,
    "class_config": "all",
    "include_order": false,
    "name": "pose_ecg",
    "feature_groups": [
      "pose",
      "ecg"
    ],
    "split_strategy": "participant_specific",
    "sampling_strategy": "temporal_stratified"
  },
  "sampling_strategy": "temporal_stratified",
  "n_seeds": 10,
  "learning_curve": [
    {
      "aggregated": {
        "train_size": 1,
        "n_participants": 37,
        "n_seeds": 10,
        "test_acc_mean": 0.6207979407979408,
        "test_acc_std": 0.12800628545795964,
        "test_bal_acc_mean": 0.6221760221760223,
        "test_bal_acc_std": 0.12697158159225608,
        "test_f1_mean": 0.597531783427441,
        "test_f1_std": 0.14208026957869418,
        "test_kappa_mean": 0.43242712876259604,
        "test_kappa_std": 0.19098755986485355,
        "confusion_matrix": [
          [
            63.92931392931393,
            13.991683991683994,
            22.079002079002077
          ],
          [
            15.010395010395012,
            59.43866943866944,
            25.55093555093555
          ],
          [
            16.71517671517671,
            20.000000000000004,
            63.28482328482327
          ]
        ]
      },
      "per_participant": [
        {
          "participant": "3208",
          "train_size": 1,
          "n_seeds": 10,
          "n_train_samples_mean": 3.0,
          "n_test_samples_mean": 39.0,
          "test_acc_mean": 0.7589743589743589,
          "test_acc_std": 0.05565408750803319,
          "test_bal_acc_mean": 0.7589743589743589,
          "test_bal_acc_std": 0.055654087508033204,
          "test_f1_mean": 0.7528109632336892,
          "test_f1_std": 0.05681371006306705,
          "test_kappa_mean": 0.6384615384615385,
          "test_kappa_std": 0.08348113126204978,
          "confusion_matrix": [
            [
              83.07692307692307,
              0.0,
              16.92307692307692
            ],
            [
              19.23076923076923,
              53.84615384615385,
              26.923076923076923
            ],
            [
              9.230769230769232,
              0.0,
              90.76923076923076
            ]
          ]
        },
        {
          "participant": "3209",
          "train_size": 1,
          "n_seeds": 10,
          "n_train_samples_mean": 3.0,
          "n_test_samples_mean": 39.0,
          "test_acc_mean": 0.5153846153846153,
          "test_acc_std": 0.072975638311578,
          "test_bal_acc_mean": 0.5153846153846153,
          "test_bal_acc_std": 0.07297563831157798,
          "test_f1_mean": 0.5104823894774644,
          "test_f1_std": 0.07570630448954699,
          "test_kappa_mean": 0.2730769230769231,
          "test_kappa_std": 0.10946345746736698,
          "confusion_matrix": [
            [
              54.61538461538462,
              42.30769230769231,
              3.076923076923077
            ],
            [
              30.0,
              61.53846153846155,
              8.461538461538462
            ],
            [
              6.9230769230769225,
              54.61538461538462,
              38.46153846153847
            ]
          ]
        },
        {
          "participant": "3210",
          "train_size": 1,
          "n_seeds": 10,
          "n_train_samples_mean": 3.0,
          "n_test_samples_mean": 39.0,
          "test_acc_mean": 0.9512820512820512,
          "test_acc_std": 0.04594762412210465,
          "test_bal_acc_mean": 0.9512820512820512,
          "test_bal_acc_std": 0.04594762412210468,
          "test_f1_mean": 0.9513677187981285,
          "test_f1_std": 0.04530342274566497,
          "test_kappa_mean": 0.926923076923077,
          "test_kappa_std": 0.068921436183157,
          "confusion_matrix": [
            [
              96.15384615384616,
              3.846153846153846,
              0.0
            ],
            [
              0.0,
              100.0,
              0.0
            ],
            [
              5.384615384615385,
              5.384615384615385,
              89.23076923076923
            ]
          ]
        },
        {
          "participant": "3214",
          "train_size": 1,
          "n_seeds": 10,
          "n_train_samples_mean": 3.0,
          "n_test_samples_mean": 39.0,
          "test_acc_mean": 0.6717948717948719,
          "test_acc_std": 0.046500753876018604,
          "test_bal_acc_mean": 0.6717948717948719,
          "test_bal_acc_std": 0.046500753876018625,
          "test_f1_mean": 0.6532038752879044,
          "test_f1_std": 0.04470975044040929,
          "test_kappa_mean": 0.5076923076923077,
          "test_kappa_std": 0.06975113081402791,
          "confusion_matrix": [
            [
              98.46153846153847,
              0.0,
              1.5384615384615385
            ],
            [
              0.0,
              70.76923076923077,
              29.230769230769234
            ],
            [
              0.0,
              67.6923076923077,
              32.30769230769231
            ]
          ]
        },
        {
          "participant": "3215",
          "train_size": 1,
          "n_seeds": 10,
          "n_train_samples_mean": 3.0,
          "n_test_samples_mean": 39.0,
          "test_acc_mean": 0.47692307692307684,
          "test_acc_std": 0.08126402956584418,
          "test_bal_acc_mean": 0.476923076923077,
          "test_bal_acc_std": 0.08126402956584418,
          "test_f1_mean": 0.3690921647314655,
          "test_f1_std": 0.08051254998022568,
          "test_kappa_mean": 0.21538461538461537,
          "test_kappa_std": 0.12189604434876629,
          "confusion_matrix": [
            [
              86.15384615384615,
              0.0,
              13.846153846153845
            ],
            [
              30.769230769230766,
              0.0,
              69.23076923076923
            ],
            [
              43.07692307692308,
              0.0,
              56.92307692307693
            ]
          ]
        },
        {
          "participant": "3216",
          "train_size": 1,
          "n_seeds": 10,
          "n_train_samples_mean": 3.0,
          "n_test_samples_mean": 39.0,
          "test_acc_mean": 0.5717948717948718,
          "test_acc_std": 0.04018003170442109,
          "test_bal_acc_mean": 0.5717948717948718,
          "test_bal_acc_std": 0.04018003170442107,
          "test_f1_mean": 0.5577034707202528,
          "test_f1_std": 0.03899009692027405,
          "test_kappa_mean": 0.35769230769230764,
          "test_kappa_std": 0.06027004755663157,
          "confusion_matrix": [
            [
              78.46153846153845,
              13.076923076923077,
              8.461538461538462
            ],
            [
              20.76923076923077,
              56.15384615384615,
              23.076923076923077
            ],
            [
              31.538461538461537,
              31.53846153846154,
              36.92307692307692
            ]
          ]
        },
        {
          "participant": "3217",
          "train_size": 1,
          "n_seeds": 10,
          "n_train_samples_mean": 3.0,
          "n_test_samples_mean": 39.0,
          "test_acc_mean": 0.7256410256410256,
          "test_acc_std": 0.04689185204904342,
          "test_bal_acc_mean": 0.7256410256410257,
          "test_bal_acc_std": 0.046891852049043406,
          "test_f1_mean": 0.7289898538123176,
          "test_f1_std": 0.047103088369375726,
          "test_kappa_mean": 0.5884615384615385,
          "test_kappa_std": 0.07033777807356514,
          "confusion_matrix": [
            [
              69.23076923076924,
              29.230769230769234,
              1.5384615384615385
            ],
            [
              12.307692307692308,
              75.38461538461539,
              12.307692307692308
            ],
            [
              1.5384615384615385,
              25.384615384615383,
              73.07692307692307
            ]
          ]
        },
        {
          "participant": "3218",
          "train_size": 1,
          "n_seeds": 10,
          "n_train_samples_mean": 3.0,
          "n_test_samples_mean": 39.0,
          "test_acc_mean": 0.7384615384615385,
          "test_acc_std": 0.05240926398890903,
          "test_bal_acc_mean": 0.7384615384615384,
          "test_bal_acc_std": 0.052409263988909015,
          "test_f1_mean": 0.7280462439007251,
          "test_f1_std": 0.06661614668305937,
          "test_kappa_mean": 0.6076923076923076,
          "test_kappa_std": 0.07861389598336356,
          "confusion_matrix": [
            [
              87.69230769230771,
              12.307692307692308,
              0.0
            ],
            [
              13.076923076923077,
              66.92307692307693,
              20.0
            ],
            [
              2.3076923076923075,
              30.769230769230766,
              66.92307692307693
            ]
          ]
        },
        {
          "participant": "3219",
          "train_size": 1,
          "n_seeds": 10,
          "n_train_samples_mean": 3.0,
          "n_test_samples_mean": 39.0,
          "test_acc_mean": 0.48461538461538467,
          "test_acc_std": 0.06097797942474178,
          "test_bal_acc_mean": 0.48461538461538467,
          "test_bal_acc_std": 0.06097797942474177,
          "test_f1_mean": 0.4432086053696772,
          "test_f1_std": 0.0655928241699313,
          "test_kappa_mean": 0.22692307692307687,
          "test_kappa_std": 0.09146696913711268,
          "confusion_matrix": [
            [
              52.30769230769231,
              23.846153846153847,
              23.846153846153847
            ],
            [
              15.384615384615383,
              15.384615384615387,
              69.23076923076924
            ],
            [
              22.30769230769231,
              0.0,
              77.6923076923077
            ]
          ]
        },
        {
          "participant": "3220",
          "train_size": 1,
          "n_seeds": 10,
          "n_train_samples_mean": 3.0,
          "n_test_samples_mean": 39.0,
          "test_acc_mean": 0.3948717948717948,
          "test_acc_std": 0.06858941076150044,
          "test_bal_acc_mean": 0.3948717948717949,
          "test_bal_acc_std": 0.06858941076150044,
          "test_f1_mean": 0.33266508360899694,
          "test_f1_std": 0.06692730324314118,
          "test_kappa_mean": 0.09230769230769231,
          "test_kappa_std": 0.10288411614225065,
          "confusion_matrix": [
            [
              72.3076923076923,
              25.384615384615383,
              2.3076923076923075
            ],
            [
              61.53846153846153,
              37.69230769230769,
              0.7692307692307693
            ],
            [
              69.99999999999999,
              21.538461538461537,
              8.461538461538462
            ]
          ]
        },
        {
          "participant": "3221",
          "train_size": 1,
          "n_seeds": 10,
          "n_train_samples_mean": 3.0,
          "n_test_samples_mean": 39.0,
          "test_acc_mean": 0.6871794871794872,
          "test_acc_std": 0.07814789367974331,
          "test_bal_acc_mean": 0.6871794871794872,
          "test_bal_acc_std": 0.0781478936797433,
          "test_f1_mean": 0.663684476679451,
          "test_f1_std": 0.0934599005257199,
          "test_kappa_mean": 0.5307692307692308,
          "test_kappa_std": 0.117221840519615,
          "confusion_matrix": [
            [
              70.0,
              25.384615384615387,
              4.615384615384615
            ],
            [
              7.692307692307692,
              90.0,
              2.3076923076923075
            ],
            [
              41.53846153846154,
              12.307692307692308,
              46.15384615384615
            ]
          ]
        },
        {
          "participant": "3223",
          "train_size": 1,
          "n_seeds": 10,
          "n_train_samples_mean": 3.0,
          "n_test_samples_mean": 39.0,
          "test_acc_mean": 0.5205128205128204,
          "test_acc_std": 0.06049688331345775,
          "test_bal_acc_mean": 0.5205128205128206,
          "test_bal_acc_std": 0.060496883313457754,
          "test_f1_mean": 0.5039845199728773,
          "test_f1_std": 0.07458669922576804,
          "test_kappa_mean": 0.28076923076923077,
          "test_kappa_std": 0.09074532497018661,
          "confusion_matrix": [
            [
              38.46153846153846,
              4.615384615384615,
              56.92307692307692
            ],
            [
              11.538461538461538,
              77.6923076923077,
              10.76923076923077
            ],
            [
              0.7692307692307693,
              59.23076923076924,
              40.0
            ]
          ]
        },
        {
          "participant": "3224",
          "train_size": 1,
          "n_seeds": 10,
          "n_train_samples_mean": 3.0,
          "n_test_samples_mean": 39.0,
          "test_acc_mean": 0.7333333333333333,
          "test_acc_std": 0.08304244650592217,
          "test_bal_acc_mean": 0.7333333333333333,
          "test_bal_acc_std": 0.0830424465059222,
          "test_f1_mean": 0.7259759964236255,
          "test_f1_std": 0.09242758690157306,
          "test_kappa_mean": 0.6,
          "test_kappa_std": 0.12456366975888328,
          "confusion_matrix": [
            [
              70.76923076923077,
              7.692307692307692,
              21.53846153846154
            ],
            [
              18.46153846153846,
              59.999999999999986,
              21.53846153846154
            ],
            [
              6.9230769230769225,
              3.846153846153846,
              89.23076923076923
            ]
          ]
        },
        {
          "participant": "3225",
          "train_size": 1,
          "n_seeds": 10,
          "n_train_samples_mean": 3.0,
          "n_test_samples_mean": 39.0,
          "test_acc_mean": 0.5692307692307692,
          "test_acc_std": 0.05896816516465074,
          "test_bal_acc_mean": 0.5692307692307692,
          "test_bal_acc_std": 0.05896816516465071,
          "test_f1_mean": 0.5401360399863412,
          "test_f1_std": 0.0719599335350191,
          "test_kappa_mean": 0.3538461538461538,
          "test_kappa_std": 0.08845224774697606,
          "confusion_matrix": [
            [
              89.23076923076923,
              10.76923076923077,
              0.0
            ],
            [
              35.38461538461538,
              55.38461538461538,
              9.23076923076923
            ],
            [
              0.0,
              73.84615384615385,
              26.153846153846153
            ]
          ]
        },
        {
          "participant": "3226",
          "train_size": 1,
          "n_seeds": 10,
          "n_train_samples_mean": 3.0,
          "n_test_samples_mean": 39.0,
          "test_acc_mean": 0.582051282051282,
          "test_acc_std": 0.07838124114947267,
          "test_bal_acc_mean": 0.582051282051282,
          "test_bal_acc_std": 0.07838124114947267,
          "test_f1_mean": 0.5830860025341806,
          "test_f1_std": 0.0848145817104603,
          "test_kappa_mean": 0.3730769230769231,
          "test_kappa_std": 0.11757186172420896,
          "confusion_matrix": [
            [
              53.84615384615385,
              26.923076923076923,
              19.23076923076923
            ],
            [
              1.5384615384615385,
              69.23076923076923,
              29.230769230769234
            ],
            [
              0.0,
              48.46153846153847,
              51.53846153846155
            ]
          ]
        },
        {
          "participant": "3227",
          "train_size": 1,
          "n_seeds": 10,
          "n_train_samples_mean": 3.0,
          "n_test_samples_mean": 39.0,
          "test_acc_mean": 0.5487179487179488,
          "test_acc_std": 0.02162241135157868,
          "test_bal_acc_mean": 0.5487179487179487,
          "test_bal_acc_std": 0.021622411351578663,
          "test_f1_mean": 0.5143869211126245,
          "test_f1_std": 0.027334917331075688,
          "test_kappa_mean": 0.3230769230769231,
          "test_kappa_std": 0.032433617027367974,
          "confusion_matrix": [
            [
              43.07692307692307,
              56.92307692307693,
              0.0
            ],
            [
              12.307692307692308,
              21.53846153846154,
              66.15384615384615
            ],
            [
              0.0,
              0.0,
              100.0
            ]
          ]
        },
        {
          "participant": "3228",
          "train_size": 1,
          "n_seeds": 10,
          "n_train_samples_mean": 3.0,
          "n_test_samples_mean": 39.0,
          "test_acc_mean": 0.7179487179487181,
          "test_acc_std": 0.054056028378946644,
          "test_bal_acc_mean": 0.7179487179487181,
          "test_bal_acc_std": 0.05405602837894664,
          "test_f1_mean": 0.7072265416229833,
          "test_f1_std": 0.056046015108649545,
          "test_kappa_mean": 0.5769230769230769,
          "test_kappa_std": 0.08108404256841997,
          "confusion_matrix": [
            [
              42.30769230769231,
              57.69230769230769,
              0.0
            ],
            [
              0.0,
              83.07692307692307,
              16.923076923076923
            ],
            [
              0.0,
              10.0,
              90.00000000000001
            ]
          ]
        },
        {
          "participant": "3229",
          "train_size": 1,
          "n_seeds": 10,
          "n_train_samples_mean": 3.0,
          "n_test_samples_mean": 39.0,
          "test_acc_mean": 0.4717948717948718,
          "test_acc_std": 0.04712495299859904,
          "test_bal_acc_mean": 0.4717948717948718,
          "test_bal_acc_std": 0.047124952998599055,
          "test_f1_mean": 0.3950545765546835,
          "test_f1_std": 0.06513276651719738,
          "test_kappa_mean": 0.2076923076923077,
          "test_kappa_std": 0.07068742949789857,
          "confusion_matrix": [
            [
              40.0,
              6.153846153846154,
              53.846153846153854
            ],
            [
              61.53846153846153,
              8.461538461538462,
              30.0
            ],
            [
              4.615384615384615,
              2.3076923076923075,
              93.07692307692307
            ]
          ]
        },
        {
          "participant": "3230",
          "train_size": 1,
          "n_seeds": 10,
          "n_train_samples_mean": 3.0,
          "n_test_samples_mean": 39.0,
          "test_acc_mean": 0.40769230769230774,
          "test_acc_std": 0.04432923924748699,
          "test_bal_acc_mean": 0.40769230769230774,
          "test_bal_acc_std": 0.04432923924748697,
          "test_f1_mean": 0.4111723766045401,
          "test_f1_std": 0.03451493589537914,
          "test_kappa_mean": 0.11153846153846154,
          "test_kappa_std": 0.06649385887123047,
          "confusion_matrix": [
            [
              9.23076923076923,
              9.230769230769232,
              81.53846153846155
            ],
            [
              40.00000000000001,
              56.153846153846146,
              3.846153846153846
            ],
            [
              43.07692307692308,
              0.0,
              56.92307692307693
            ]
          ]
        },
        {
          "participant": "3232",
          "train_size": 1,
          "n_seeds": 10,
          "n_train_samples_mean": 3.0,
          "n_test_samples_mean": 39.0,
          "test_acc_mean": 0.5410256410256411,
          "test_acc_std": 0.05466077591562218,
          "test_bal_acc_mean": 0.5410256410256411,
          "test_bal_acc_std": 0.05466077591562215,
          "test_f1_mean": 0.5213357443448604,
          "test_f1_std": 0.06980105877729598,
          "test_kappa_mean": 0.3115384615384615,
          "test_kappa_std": 0.08199116387343323,
          "confusion_matrix": [
            [
              47.69230769230769,
              23.076923076923077,
              29.230769230769234
            ],
            [
              3.846153846153846,
              34.61538461538462,
              61.53846153846155
            ],
            [
              20.0,
              0.0,
              80.00000000000001
            ]
          ]
        },
        {
          "participant": "3233",
          "train_size": 1,
          "n_seeds": 10,
          "n_train_samples_mean": 3.0,
          "n_test_samples_mean": 39.0,
          "test_acc_mean": 0.7743589743589745,
          "test_acc_std": 0.05896816516465073,
          "test_bal_acc_mean": 0.7743589743589745,
          "test_bal_acc_std": 0.05896816516465074,
          "test_f1_mean": 0.7583112781865438,
          "test_f1_std": 0.07611119673638067,
          "test_kappa_mean": 0.6615384615384616,
          "test_kappa_std": 0.0884522477469761,
          "confusion_matrix": [
            [
              48.46153846153847,
              0.0,
              51.53846153846153
            ],
            [
              0.0,
              100.0,
              0.0
            ],
            [
              0.0,
              16.153846153846153,
              83.84615384615385
            ]
          ]
        },
        {
          "participant": "3234",
          "train_size": 1,
          "n_seeds": 10,
          "n_train_samples_mean": 3.0,
          "n_test_samples_mean": 39.0,
          "test_acc_mean": 0.46153846153846156,
          "test_acc_std": 0.029607706112288485,
          "test_bal_acc_mean": 0.46153846153846156,
          "test_bal_acc_std": 0.029607706112288513,
          "test_f1_mean": 0.39553791441166974,
          "test_f1_std": 0.04484951246592245,
          "test_kappa_mean": 0.19230769230769235,
          "test_kappa_std": 0.04441155916843273,
          "confusion_matrix": [
            [
              90.76923076923076,
              0.0,
              9.23076923076923
            ],
            [
              6.9230769230769225,
              10.76923076923077,
              82.3076923076923
            ],
            [
              63.07692307692308,
              0.0,
              36.92307692307693
            ]
          ]
        },
        {
          "participant": "3235",
          "train_size": 1,
          "n_seeds": 10,
          "n_train_samples_mean": 3.0,
          "n_test_samples_mean": 39.0,
          "test_acc_mean": 0.8564102564102566,
          "test_acc_std": 0.017928356378976964,
          "test_bal_acc_mean": 0.8564102564102566,
          "test_bal_acc_std": 0.01792835637897694,
          "test_f1_mean": 0.8534355592548675,
          "test_f1_std": 0.015848990095614704,
          "test_kappa_mean": 0.7846153846153846,
          "test_kappa_std": 0.026892534568465437,
          "confusion_matrix": [
            [
              92.30769230769229,
              6.9230769230769225,
              0.7692307692307693
            ],
            [
              0.7692307692307693,
              99.23076923076923,
              0.0
            ],
            [
              5.384615384615385,
              29.230769230769234,
              65.38461538461539
            ]
          ]
        },
        {
          "participant": "3236",
          "train_size": 1,
          "n_seeds": 10,
          "n_train_samples_mean": 3.0,
          "n_test_samples_mean": 39.0,
          "test_acc_mean": 0.6512820512820514,
          "test_acc_std": 0.04391532505526539,
          "test_bal_acc_mean": 0.6512820512820514,
          "test_bal_acc_std": 0.0439153250552654,
          "test_f1_mean": 0.6446787225516835,
          "test_f1_std": 0.05054693248150091,
          "test_kappa_mean": 0.4769230769230769,
          "test_kappa_std": 0.0658729875828981,
          "confusion_matrix": [
            [
              64.61538461538461,
              23.846153846153843,
              11.538461538461538
            ],
            [
              0.0,
              49.230769230769226,
              50.769230769230774
            ],
            [
              6.9230769230769225,
              11.538461538461538,
              81.53846153846152
            ]
          ]
        },
        {
          "participant": "3237",
          "train_size": 1,
          "n_seeds": 10,
          "n_train_samples_mean": 3.0,
          "n_test_samples_mean": 39.0,
          "test_acc_mean": 0.5282051282051281,
          "test_acc_std": 0.07272494832882954,
          "test_bal_acc_mean": 0.5282051282051283,
          "test_bal_acc_std": 0.07272494832882957,
          "test_f1_mean": 0.5092859152121944,
          "test_f1_std": 0.08469051529163867,
          "test_kappa_mean": 0.29230769230769227,
          "test_kappa_std": 0.10908742249324435,
          "confusion_matrix": [
            [
              33.07692307692308,
              2.3076923076923075,
              64.61538461538461
            ],
            [
              54.61538461538462,
              39.99999999999999,
              5.384615384615385
            ],
            [
              12.307692307692308,
              2.3076923076923075,
              85.38461538461539
            ]
          ]
        },
        {
          "participant": "3238",
          "train_size": 1,
          "n_seeds": 10,
          "n_train_samples_mean": 3.0,
          "n_test_samples_mean": 39.0,
          "test_acc_mean": 0.5564102564102564,
          "test_acc_std": 0.05412355623585496,
          "test_bal_acc_mean": 0.5564102564102564,
          "test_bal_acc_std": 0.05412355623585493,
          "test_f1_mean": 0.5323535773407404,
          "test_f1_std": 0.059585853583934104,
          "test_kappa_mean": 0.33461538461538465,
          "test_kappa_std": 0.08118533435378235,
          "confusion_matrix": [
            [
              36.15384615384615,
              13.846153846153845,
              50.00000000000001
            ],
            [
              6.9230769230769225,
              39.23076923076924,
              53.84615384615385
            ],
            [
              1.5384615384615385,
              6.9230769230769225,
              91.53846153846152
            ]
          ]
        },
        {
          "participant": "3239",
          "train_size": 1,
          "n_seeds": 10,
          "n_train_samples_mean": 3.0,
          "n_test_samples_mean": 35.0,
          "test_acc_mean": 0.5028571428571429,
          "test_acc_std": 0.0821480329632298,
          "test_bal_acc_mean": 0.5538461538461539,
          "test_bal_acc_std": 0.07372259368494985,
          "test_f1_mean": 0.47220084003075025,
          "test_f1_std": 0.11468576655444725,
          "test_kappa_mean": 0.2998037642160549,
          "test_kappa_std": 0.11012675757510831,
          "confusion_matrix": [
            [
              31.538461538461537,
              0.0,
              68.46153846153845
            ],
            [
              13.076923076923077,
              34.61538461538461,
              52.30769230769231
            ],
            [
              0.0,
              0.0,
              100.0
            ]
          ]
        },
        {
          "participant": "3240",
          "train_size": 1,
          "n_seeds": 10,
          "n_train_samples_mean": 3.0,
          "n_test_samples_mean": 39.0,
          "test_acc_mean": 0.6307692307692307,
          "test_acc_std": 0.07272494832882957,
          "test_bal_acc_mean": 0.6307692307692307,
          "test_bal_acc_std": 0.07272494832882956,
          "test_f1_mean": 0.614488842937409,
          "test_f1_std": 0.08394926064179807,
          "test_kappa_mean": 0.44615384615384607,
          "test_kappa_std": 0.10908742249324434,
          "confusion_matrix": [
            [
              55.384615384615394,
              3.846153846153846,
              40.76923076923076
            ],
            [
              3.846153846153846,
              94.61538461538461,
              1.5384615384615385
            ],
            [
              60.769230769230774,
              0.0,
              39.23076923076923
            ]
          ]
        },
        {
          "participant": "3241",
          "train_size": 1,
          "n_seeds": 10,
          "n_train_samples_mean": 3.0,
          "n_test_samples_mean": 39.0,
          "test_acc_mean": 0.6948717948717948,
          "test_acc_std": 0.04902437743487175,
          "test_bal_acc_mean": 0.6948717948717948,
          "test_bal_acc_std": 0.04902437743487175,
          "test_f1_mean": 0.6865896243684941,
          "test_f1_std": 0.05621887358726406,
          "test_kappa_mean": 0.5423076923076924,
          "test_kappa_std": 0.07353656615230762,
          "confusion_matrix": [
            [
              61.53846153846153,
              3.076923076923077,
              35.384615384615394
            ],
            [
              33.07692307692308,
              56.153846153846146,
              10.76923076923077
            ],
            [
              9.23076923076923,
              0.0,
              90.76923076923076
            ]
          ]
        },
        {
          "participant": "3242",
          "train_size": 1,
          "n_seeds": 10,
          "n_train_samples_mean": 3.0,
          "n_test_samples_mean": 39.0,
          "test_acc_mean": 0.8102564102564103,
          "test_acc_std": 0.0696463206409004,
          "test_bal_acc_mean": 0.8102564102564103,
          "test_bal_acc_std": 0.06964632064090037,
          "test_f1_mean": 0.8016007273955799,
          "test_f1_std": 0.07962152731904411,
          "test_kappa_mean": 0.7153846153846153,
          "test_kappa_std": 0.10446948096135059,
          "confusion_matrix": [
            [
              99.23076923076923,
              0.7692307692307693,
              0.0
            ],
            [
              21.538461538461537,
              72.3076923076923,
              6.153846153846154
            ],
            [
              6.9230769230769225,
              21.538461538461533,
              71.53846153846153
            ]
          ]
        },
        {
          "participant": "3243",
          "train_size": 1,
          "n_seeds": 10,
          "n_train_samples_mean": 3.0,
          "n_test_samples_mean": 39.0,
          "test_acc_mean": 0.7410256410256411,
          "test_acc_std": 0.04264948700811845,
          "test_bal_acc_mean": 0.7410256410256411,
          "test_bal_acc_std": 0.04264948700811844,
          "test_f1_mean": 0.7383583435362586,
          "test_f1_std": 0.04050024382024109,
          "test_kappa_mean": 0.6115384615384615,
          "test_kappa_std": 0.06397423051217768,
          "confusion_matrix": [
            [
              98.46153846153847,
              0.0,
              1.5384615384615385
            ],
            [
              0.0,
              56.92307692307693,
              43.07692307692308
            ],
            [
              1.5384615384615385,
              31.53846153846154,
              66.92307692307693
            ]
          ]
        },
        {
          "participant": "3244",
          "train_size": 1,
          "n_seeds": 10,
          "n_train_samples_mean": 3.0,
          "n_test_samples_mean": 39.0,
          "test_acc_mean": 0.5974358974358974,
          "test_acc_std": 0.051353226959999346,
          "test_bal_acc_mean": 0.5974358974358974,
          "test_bal_acc_std": 0.0513532269599993,
          "test_f1_mean": 0.5569966991399491,
          "test_f1_std": 0.053633516221327344,
          "test_kappa_mean": 0.3961538461538462,
          "test_kappa_std": 0.07702984043999896,
          "confusion_matrix": [
            [
              58.46153846153847,
              0.0,
              41.53846153846153
            ],
            [
              3.076923076923077,
              93.07692307692307,
              3.846153846153846
            ],
            [
              40.769230769230774,
              31.53846153846154,
              27.692307692307686
            ]
          ]
        },
        {
          "participant": "3245",
          "train_size": 1,
          "n_seeds": 10,
          "n_train_samples_mean": 3.0,
          "n_test_samples_mean": 39.0,
          "test_acc_mean": 0.7153846153846154,
          "test_acc_std": 0.07396990264416685,
          "test_bal_acc_mean": 0.7153846153846154,
          "test_bal_acc_std": 0.07396990264416682,
          "test_f1_mean": 0.6807956267779783,
          "test_f1_std": 0.0908615302259277,
          "test_kappa_mean": 0.573076923076923,
          "test_kappa_std": 0.11095485396625028,
          "confusion_matrix": [
            [
              77.6923076923077,
              10.76923076923077,
              11.538461538461538
            ],
            [
              0.0,
              100.0,
              0.0
            ],
            [
              31.53846153846154,
              31.538461538461537,
              36.92307692307692
            ]
          ]
        },
        {
          "participant": "3246",
          "train_size": 1,
          "n_seeds": 10,
          "n_train_samples_mean": 3.0,
          "n_test_samples_mean": 39.0,
          "test_acc_mean": 0.6076923076923078,
          "test_acc_std": 0.09288361016681816,
          "test_bal_acc_mean": 0.6076923076923079,
          "test_bal_acc_std": 0.09288361016681818,
          "test_f1_mean": 0.5555323759941146,
          "test_f1_std": 0.10576011093267218,
          "test_kappa_mean": 0.4115384615384615,
          "test_kappa_std": 0.13932541525022726,
          "confusion_matrix": [
            [
              33.07692307692308,
              36.92307692307692,
              29.999999999999993
            ],
            [
              0.0,
              100.0,
              0.0
            ],
            [
              28.461538461538463,
              22.307692307692303,
              49.23076923076924
            ]
          ]
        },
        {
          "participant": "3247",
          "train_size": 1,
          "n_seeds": 10,
          "n_train_samples_mean": 3.0,
          "n_test_samples_mean": 39.0,
          "test_acc_mean": 0.6564102564102564,
          "test_acc_std": 0.07272494832882956,
          "test_bal_acc_mean": 0.6564102564102564,
          "test_bal_acc_std": 0.07272494832882957,
          "test_f1_mean": 0.6131097632676475,
          "test_f1_std": 0.0972781553787022,
          "test_kappa_mean": 0.48461538461538456,
          "test_kappa_std": 0.10908742249324434,
          "confusion_matrix": [
            [
              82.3076923076923,
              16.923076923076923,
              0.7692307692307693
            ],
            [
              0.0,
              22.307692307692307,
              77.69230769230771
            ],
            [
              0.0,
              7.692307692307692,
              92.3076923076923
            ]
          ]
        },
        {
          "participant": "3248",
          "train_size": 1,
          "n_seeds": 10,
          "n_train_samples_mean": 3.0,
          "n_test_samples_mean": 39.0,
          "test_acc_mean": 0.5153846153846153,
          "test_acc_std": 0.06559515847640988,
          "test_bal_acc_mean": 0.5153846153846154,
          "test_bal_acc_std": 0.06559515847640987,
          "test_f1_mean": 0.5043052407133984,
          "test_f1_std": 0.07725610597445538,
          "test_kappa_mean": 0.2730769230769231,
          "test_kappa_std": 0.09839273771461485,
          "confusion_matrix": [
            [
              43.07692307692307,
              19.999999999999996,
              36.92307692307692
            ],
            [
              0.0,
              78.46153846153845,
              21.538461538461537
            ],
            [
              0.0,
              66.92307692307692,
              33.07692307692308
            ]
          ]
        },
        {
          "participant": "3250",
          "train_size": 1,
          "n_seeds": 10,
          "n_train_samples_mean": 3.0,
          "n_test_samples_mean": 39.0,
          "test_acc_mean": 0.6,
          "test_acc_std": 0.04865042554105199,
          "test_bal_acc_mean": 0.6,
          "test_bal_acc_std": 0.04865042554105197,
          "test_f1_mean": 0.597481370919247,
          "test_f1_std": 0.053005513165408,
          "test_kappa_mean": 0.4,
          "test_kappa_std": 0.07297563831157798,
          "confusion_matrix": [
            [
              76.15384615384615,
              0.0,
              23.846153846153847
            ],
            [
              16.153846153846153,
              58.46153846153845,
              25.38461538461538
            ],
            [
              40.76923076923077,
              13.846153846153845,
              45.38461538461539
            ]
          ]
        }
      ]
    },
    {
      "aggregated": {
        "train_size": 2,
        "n_participants": 37,
        "n_seeds": 10,
        "test_acc_mean": 0.6662162162162162,
        "test_acc_std": 0.12234231178281484,
        "test_bal_acc_mean": 0.6674924924924925,
        "test_bal_acc_std": 0.12160842097690827,
        "test_f1_mean": 0.6443738164093549,
        "test_f1_std": 0.1427623227411892,
        "test_kappa_mean": 0.5002679529904994,
        "test_kappa_std": 0.18287904022238932,
        "confusion_matrix": [
          [
            70.76576576576578,
            13.37837837837838,
            15.855855855855857
          ],
          [
            9.954954954954955,
            66.05855855855857,
            23.98648648648649
          ],
          [
            15.855855855855852,
            20.72072072072072,
            63.42342342342342
          ]
        ]
      },
      "per_participant": [
        {
          "participant": "3208",
          "train_size": 2,
          "n_seeds": 10,
          "n_train_samples_mean": 6.0,
          "n_test_samples_mean": 36.0,
          "test_acc_mean": 0.8416666666666668,
          "test_acc_std": 0.018748571047515365,
          "test_bal_acc_mean": 0.8416666666666668,
          "test_bal_acc_std": 0.018748571047515376,
          "test_f1_mean": 0.8414765207087468,
          "test_f1_std": 0.01925867986294333,
          "test_kappa_mean": 0.7625,
          "test_kappa_std": 0.028122856571273037,
          "confusion_matrix": [
            [
              85.00000000000003,
              0.0,
              14.999999999999995
            ],
            [
              7.499999999999997,
              68.33333333333331,
              24.166666666666664
            ],
            [
              0.8333333333333333,
              0.0,
              99.16666666666666
            ]
          ]
        },
        {
          "participant": "3209",
          "train_size": 2,
          "n_seeds": 10,
          "n_train_samples_mean": 6.0,
          "n_test_samples_mean": 36.0,
          "test_acc_mean": 0.6055555555555556,
          "test_acc_std": 0.0468485579284204,
          "test_bal_acc_mean": 0.6055555555555556,
          "test_bal_acc_std": 0.04684855792842041,
          "test_f1_mean": 0.5776718039406571,
          "test_f1_std": 0.05568634255986724,
          "test_kappa_mean": 0.4083333333333334,
          "test_kappa_std": 0.07027283689263067,
          "confusion_matrix": [
            [
              100.0,
              0.0,
              0.0
