{
  "name": "pose_perf_gsr",
  "config": {
    "n_seeds": 10,
    "feature_selection": "backward",
    "use_pca": false,
    "pca_variance": 0.95,
    "write_cm": true,
    "tune_hyperparameters": false,
    "tune_n_iter": 30,
    "tune_cv_folds": 5,
    "use_pose_derivatives": true,
    "use_time_features": false,
    "class_config": "all",
    "include_order": false,
    "name": "pose_perf_gsr",
    "feature_groups": [
      "pose",
      "performance",
      "gsr"
    ],
    "split_strategy": "participant_specific",
    "sampling_strategy": "temporal_stratified"
  },
  "sampling_strategy": "temporal_stratified",
  "n_seeds": 10,
  "learning_curve": [
    {
      "aggregated": {
        "train_size": 1,
        "n_participants": 40,
        "n_seeds": 10,
        "test_acc_mean": 0.6180744451626804,
        "test_acc_std": 0.1231158498788223,
        "test_bal_acc_mean": 0.6172916666666667,
        "test_bal_acc_std": 0.1212495770995137,
        "test_f1_mean": 0.590303121734457,
        "test_f1_std": 0.14033096584814986,
        "test_kappa_mean": 0.42443430572387086,
        "test_kappa_std": 0.18602479486949525,
        "confusion_matrix": [
          [
            60.75,
            18.92307692307692,
            20.326923076923077
          ],
          [
            15.30982905982906,
            59.83119658119659,
            24.858974358974358
          ],
          [
            16.70726495726496,
            18.686431623931625,
            64.60630341880342
          ]
        ]
      },
      "per_participant": [
        {
          "participant": "3208",
          "train_size": 1,
          "n_seeds": 10,
          "n_train_samples_mean": 3.0,
          "n_test_samples_mean": 39.0,
          "test_acc_mean": 0.558974358974359,
          "test_acc_std": 0.07332516440864006,
          "test_bal_acc_mean": 0.558974358974359,
          "test_bal_acc_std": 0.07332516440864004,
          "test_f1_mean": 0.5104374900840716,
          "test_f1_std": 0.1016769996540836,
          "test_kappa_mean": 0.3384615384615384,
          "test_kappa_std": 0.10998774661296014,
          "confusion_matrix": [
            [
              82.30769230769232,
              2.3076923076923075,
              15.384615384615387
            ],
            [
              53.07692307692308,
              26.153846153846153,
              20.769230769230766
            ],
            [
              29.230769230769234,
              11.538461538461538,
              59.23076923076924
            ]
          ]
        },
        {
          "participant": "3209",
          "train_size": 1,
          "n_seeds": 10,
          "n_train_samples_mean": 3.0,
          "n_test_samples_mean": 39.0,
          "test_acc_mean": 0.5974358974358974,
          "test_acc_std": 0.08551280983439838,
          "test_bal_acc_mean": 0.5974358974358973,
          "test_bal_acc_std": 0.08551280983439838,
          "test_f1_mean": 0.5720882210362777,
          "test_f1_std": 0.09728582604984463,
          "test_kappa_mean": 0.39615384615384613,
          "test_kappa_std": 0.12826921475159758,
          "confusion_matrix": [
            [
              81.53846153846155,
              16.923076923076923,
              1.5384615384615385
            ],
            [
              34.61538461538462,
              46.15384615384615,
              19.23076923076923
            ],
            [
              23.076923076923077,
              25.384615384615383,
              51.53846153846153
            ]
          ]
        },
        {
          "participant": "3210",
          "train_size": 1,
          "n_seeds": 10,
          "n_train_samples_mean": 3.0,
          "n_test_samples_mean": 39.0,
          "test_acc_mean": 0.8820512820512819,
          "test_acc_std": 0.08564085504188275,
          "test_bal_acc_mean": 0.8820512820512819,
          "test_bal_acc_std": 0.08564085504188275,
          "test_f1_mean": 0.8822786773659368,
          "test_f1_std": 0.08444262372931449,
          "test_kappa_mean": 0.8230769230769232,
          "test_kappa_std": 0.1284612825628241,
          "confusion_matrix": [
            [
              80.76923076923077,
              19.230769230769234,
              0.0
            ],
            [
              0.0,
              100.0,
              0.0
            ],
            [
              3.076923076923077,
              13.076923076923077,
              83.84615384615384
            ]
          ]
        },
        {
          "participant": "3214",
          "train_size": 1,
          "n_seeds": 10,
          "n_train_samples_mean": 3.0,
          "n_test_samples_mean": 39.0,
          "test_acc_mean": 0.6384615384615384,
          "test_acc_std": 0.047510913195512115,
          "test_bal_acc_mean": 0.6384615384615384,
          "test_bal_acc_std": 0.04751091319551213,
          "test_f1_mean": 0.6384172422867437,
          "test_f1_std": 0.044614329356515714,
          "test_kappa_mean": 0.4576923076923077,
          "test_kappa_std": 0.07126636979326817,
          "confusion_matrix": [
            [
              76.92307692307692,
              11.538461538461538,
              11.53846153846154
            ],
            [
              1.5384615384615385,
              63.846153846153854,
              34.61538461538461
            ],
            [
              0.7692307692307693,
              48.46153846153846,
              50.769230769230774
            ]
          ]
        },
        {
          "participant": "3215",
          "train_size": 1,
          "n_seeds": 10,
          "n_train_samples_mean": 3.0,
          "n_test_samples_mean": 39.0,
          "test_acc_mean": 0.5205128205128204,
          "test_acc_std": 0.07357380928771741,
          "test_bal_acc_mean": 0.5205128205128204,
          "test_bal_acc_std": 0.07357380928771742,
          "test_f1_mean": 0.4252254964480639,
          "test_f1_std": 0.07707135283303447,
          "test_kappa_mean": 0.28076923076923077,
          "test_kappa_std": 0.11036071393157615,
          "confusion_matrix": [
            [
              76.92307692307692,
              0.7692307692307693,
              22.30769230769231
            ],
            [
              54.61538461538462,
              3.076923076923077,
              42.307692307692314
            ],
            [
              23.846153846153843,
              0.0,
              76.15384615384616
            ]
          ]
        },
        {
          "participant": "3216",
          "train_size": 1,
          "n_seeds": 10,
          "n_train_samples_mean": 3.0,
          "n_test_samples_mean": 39.0,
          "test_acc_mean": 0.5769230769230769,
          "test_acc_std": 0.09145698529501153,
          "test_bal_acc_mean": 0.5769230769230769,
          "test_bal_acc_std": 0.09145698529501149,
          "test_f1_mean": 0.56403799763093,
          "test_f1_std": 0.09986386510302388,
          "test_kappa_mean": 0.36538461538461536,
          "test_kappa_std": 0.1371854779425173,
          "confusion_matrix": [
            [
              73.84615384615384,
              19.23076923076923,
              6.9230769230769225
            ],
            [
              17.69230769230769,
              44.615384615384606,
              37.69230769230769
            ],
            [
              30.769230769230766,
              14.615384615384617,
              54.61538461538462
            ]
          ]
        },
        {
          "participant": "3217",
          "train_size": 1,
          "n_seeds": 10,
          "n_train_samples_mean": 3.0,
          "n_test_samples_mean": 39.0,
          "test_acc_mean": 0.576923076923077,
          "test_acc_std": 0.045628539538595386,
          "test_bal_acc_mean": 0.5769230769230769,
          "test_bal_acc_std": 0.04562853953859537,
          "test_f1_mean": 0.5750480074971609,
          "test_f1_std": 0.043877790635312594,
          "test_kappa_mean": 0.3653846153846154,
          "test_kappa_std": 0.06844280930789302,
          "confusion_matrix": [
            [
              39.23076923076923,
              55.38461538461538,
              5.384615384615385
            ],
            [
              27.69230769230769,
              63.84615384615385,
              8.461538461538462
            ],
            [
              0.7692307692307693,
              29.230769230769234,
              70.0
            ]
          ]
        },
        {
          "participant": "3218",
          "train_size": 1,
          "n_seeds": 10,
          "n_train_samples_mean": 3.0,
          "n_test_samples_mean": 39.0,
          "test_acc_mean": 0.7692307692307693,
          "test_acc_std": 0.07451109305197734,
          "test_bal_acc_mean": 0.7692307692307692,
          "test_bal_acc_std": 0.07451109305197734,
          "test_f1_mean": 0.7560982338101278,
          "test_f1_std": 0.07755785361622286,
          "test_kappa_mean": 0.653846153846154,
          "test_kappa_std": 0.11176663957796598,
          "confusion_matrix": [
            [
              95.38461538461539,
              4.615384615384615,
              0.0
            ],
            [
              23.076923076923077,
              63.07692307692308,
              13.846153846153845
            ],
            [
              7.692307692307692,
              20.0,
              72.3076923076923
            ]
          ]
        },
        {
          "participant": "3219",
          "train_size": 1,
          "n_seeds": 10,
          "n_train_samples_mean": 3.0,
          "n_test_samples_mean": 34.0,
          "test_acc_mean": 0.40294117647058825,
          "test_acc_std": 0.07725838550919821,
          "test_bal_acc_mean": 0.45064102564102565,
          "test_bal_acc_std": 0.09681868916989386,
          "test_f1_mean": 0.3778994286776081,
          "test_f1_std": 0.06330011129333023,
          "test_kappa_mean": 0.09479875108636329,
          "test_kappa_std": 0.14042019314882837,
          "confusion_matrix": [
            [
              25.38461538461538,
              67.6923076923077,
              6.9230769230769225
            ],
            [
              43.84615384615385,
              32.30769230769231,
              23.846153846153847
            ],
            [
              20.0,
              2.5,
              77.5
            ]
          ]
        },
        {
          "participant": "3220",
          "train_size": 1,
          "n_seeds": 10,
          "n_train_samples_mean": 3.0,
          "n_test_samples_mean": 39.0,
          "test_acc_mean": 0.5435897435897435,
          "test_acc_std": 0.08443821562549379,
          "test_bal_acc_mean": 0.5435897435897435,
          "test_bal_acc_std": 0.08443821562549378,
          "test_f1_mean": 0.4844079165839029,
          "test_f1_std": 0.10657773019223443,
          "test_kappa_mean": 0.31538461538461543,
          "test_kappa_std": 0.1266573234382407,
          "confusion_matrix": [
            [
              58.46153846153847,
              41.53846153846153,
              0.0
            ],
            [
              15.384615384615387,
              84.61538461538461,
              0.0
            ],
            [
              56.15384615384615,
              23.846153846153847,
              20.0
            ]
          ]
        },
        {
          "participant": "3221",
          "train_size": 1,
          "n_seeds": 10,
          "n_train_samples_mean": 3.0,
          "n_test_samples_mean": 39.0,
          "test_acc_mean": 0.6410256410256411,
          "test_acc_std": 0.03822338423076563,
          "test_bal_acc_mean": 0.6410256410256411,
          "test_bal_acc_std": 0.038223384230765635,
          "test_f1_mean": 0.6025768894719788,
          "test_f1_std": 0.04060468529514317,
          "test_kappa_mean": 0.4615384615384615,
          "test_kappa_std": 0.057335076346148414,
          "confusion_matrix": [
            [
              82.3076923076923,
              17.692307692307693,
              0.0
            ],
            [
              14.615384615384613,
              84.61538461538461,
              0.7692307692307693
            ],
            [
              56.15384615384615,
              18.46153846153846,
              25.384615384615387
            ]
          ]
        },
        {
          "participant": "3222",
          "train_size": 1,
          "n_seeds": 10,
          "n_train_samples_mean": 3.0,
          "n_test_samples_mean": 35.0,
          "test_acc_mean": 0.42000000000000004,
          "test_acc_std": 0.0762499767666594,
          "test_bal_acc_mean": 0.4031339031339032,
          "test_bal_acc_std": 0.07946908041529144,
          "test_f1_mean": 0.38944792345646395,
          "test_f1_std": 0.07933946523148074,
          "test_kappa_mean": 0.08976106385459057,
          "test_kappa_std": 0.12436979420751909,
          "confusion_matrix": [
            [
              28.461538461538463,
              2.3076923076923075,
              69.23076923076923
            ],
            [
              17.77777777777778,
              25.555555555555557,
              56.666666666666664
            ],
            [
              31.538461538461537,
              1.5384615384615385,
              66.92307692307692
            ]
          ]
        },
        {
          "participant": "3223",
          "train_size": 1,
          "n_seeds": 10,
          "n_train_samples_mean": 3.0,
          "n_test_samples_mean": 39.0,
          "test_acc_mean": 0.4948717948717949,
          "test_acc_std": 0.04689185204904342,
          "test_bal_acc_mean": 0.4948717948717949,
          "test_bal_acc_std": 0.04689185204904341,
          "test_f1_mean": 0.45841400169041685,
          "test_f1_std": 0.06003036352007951,
          "test_kappa_mean": 0.24230769230769234,
          "test_kappa_std": 0.07033777807356514,
          "confusion_matrix": [
            [
              23.076923076923077,
              23.846153846153847,
              53.07692307692308
            ],
            [
              0.7692307692307693,
              80.0,
              19.230769230769234
            ],
            [
              0.0,
              54.61538461538462,
              45.38461538461538
            ]
          ]
        },
        {
          "participant": "3224",
          "train_size": 1,
          "n_seeds": 10,
          "n_train_samples_mean": 3.0,
          "n_test_samples_mean": 39.0,
          "test_acc_mean": 0.6820512820512821,
          "test_acc_std": 0.042219107812746896,
          "test_bal_acc_mean": 0.6820512820512821,
          "test_bal_acc_std": 0.042219107812746945,
          "test_f1_mean": 0.6560571864122379,
          "test_f1_std": 0.054580393567991235,
          "test_kappa_mean": 0.523076923076923,
          "test_kappa_std": 0.06332866171912034,
          "confusion_matrix": [
            [
              80.0,
              10.0,
              10.0
            ],
            [
              43.846153846153854,
              39.23076923076923,
              16.92307692307692
            ],
            [
              7.692307692307692,
              6.923076923076924,
              85.38461538461539
            ]
          ]
        },
        {
          "participant": "3225",
          "train_size": 1,
          "n_seeds": 10,
          "n_train_samples_mean": 3.0,
          "n_test_samples_mean": 39.0,
          "test_acc_mean": 0.5230769230769231,
          "test_acc_std": 0.08215805019280627,
          "test_bal_acc_mean": 0.5230769230769231,
          "test_bal_acc_std": 0.08215805019280624,
          "test_f1_mean": 0.5122207115347603,
          "test_f1_std": 0.08054503468327574,
          "test_kappa_mean": 0.2846153846153846,
          "test_kappa_std": 0.12323707528920941,
          "confusion_matrix": [
            [
              89.23076923076923,
              10.0,
              0.7692307692307693
            ],
            [
              18.46153846153846,
              29.230769230769234,
              52.30769230769231
            ],
            [
              0.0,
              61.53846153846153,
              38.46153846153846
            ]
          ]
        },
        {
          "participant": "3226",
          "train_size": 1,
          "n_seeds": 10,
          "n_train_samples_mean": 3.0,
          "n_test_samples_mean": 39.0,
          "test_acc_mean": 0.5,
          "test_acc_std": 0.06864264275302996,
          "test_bal_acc_mean": 0.5,
          "test_bal_acc_std": 0.06864264275302998,
          "test_f1_mean": 0.4636687335551167,
          "test_f1_std": 0.07890761171970252,
          "test_kappa_mean": 0.25,
          "test_kappa_std": 0.10296396412954495,
          "confusion_matrix": [
            [
              20.769230769230766,
              53.07692307692307,
              26.15384615384615
            ],
            [
              7.692307692307692,
              64.61538461538461,
              27.692307692307697
            ],
            [
              0.7692307692307693,
              34.61538461538462,
              64.61538461538461
            ]
          ]
        },
        {
          "participant": "3227",
          "train_size": 1,
          "n_seeds": 10,
          "n_train_samples_mean": 3.0,
          "n_test_samples_mean": 39.0,
          "test_acc_mean": 0.5461538461538462,
          "test_acc_std": 0.08551280983439838,
          "test_bal_acc_mean": 0.5461538461538462,
          "test_bal_acc_std": 0.08551280983439838,
          "test_f1_mean": 0.5009362588951047,
          "test_f1_std": 0.09424496107039006,
          "test_kappa_mean": 0.31923076923076926,
          "test_kappa_std": 0.12826921475159755,
          "confusion_matrix": [
            [
              39.23076923076923,
              53.84615384615385,
              6.9230769230769225
            ],
            [
              3.846153846153846,
              36.15384615384615,
              59.999999999999986
            ],
            [
              0.0,
              11.538461538461538,
              88.46153846153847
            ]
          ]
        },
        {
          "participant": "3228",
          "train_size": 1,
          "n_seeds": 10,
          "n_train_samples_mean": 3.0,
          "n_test_samples_mean": 30.0,
          "test_acc_mean": 0.6966666666666667,
          "test_acc_std": 0.10116604124524481,
          "test_bal_acc_mean": 0.6282051282051282,
          "test_bal_acc_std": 0.11245895185419459,
          "test_f1_mean": 0.6669244871834221,
          "test_f1_std": 0.12969669992821573,
          "test_kappa_mean": 0.4792382316935969,
          "test_kappa_std": 0.17736198095046027,
          "confusion_matrix": [
            [
              40.0,
              60.0,
              0.0
            ],
            [
              0.0,
              90.00000000000001,
              10.0
            ],
            [
              0.7692307692307693,
              40.76923076923077,
              58.46153846153845
            ]
          ]
        },
        {
          "participant": "3229",
          "train_size": 1,
          "n_seeds": 10,
          "n_train_samples_mean": 3.0,
          "n_test_samples_mean": 39.0,
          "test_acc_mean": 0.5435897435897437,
          "test_acc_std": 0.03783921986526266,
          "test_bal_acc_mean": 0.5435897435897437,
          "test_bal_acc_std": 0.03783921986526267,
          "test_f1_mean": 0.4916243540293883,
          "test_f1_std": 0.040553569128950466,
          "test_kappa_mean": 0.31538461538461543,
          "test_kappa_std": 0.05675882979789397,
          "confusion_matrix": [
            [
              49.230769230769226,
              2.3076923076923075,
              48.46153846153847
            ],
            [
              28.46153846153846,
              18.46153846153846,
              53.07692307692307
            ],
            [
              4.615384615384615,
              0.0,
              95.38461538461537
            ]
          ]
        },
        {
          "participant": "3230",
          "train_size": 1,
          "n_seeds": 10,
          "n_train_samples_mean": 3.0,
          "n_test_samples_mean": 39.0,
          "test_acc_mean": 0.6205128205128205,
          "test_acc_std": 0.12432886527157731,
          "test_bal_acc_mean": 0.6205128205128205,
          "test_bal_acc_std": 0.12432886527157731,
          "test_f1_mean": 0.6028090649514651,
          "test_f1_std": 0.13616952667188686,
          "test_kappa_mean": 0.43076923076923074,
          "test_kappa_std": 0.18649329790736593,
          "confusion_matrix": [
            [
              41.53846153846153,
              4.615384615384615,
              53.84615384615383
            ],
            [
              13.846153846153845,
              75.38461538461539,
              10.76923076923077
            ],
            [
              22.307692307692307,
              8.461538461538462,
              69.23076923076923
            ]
          ]
        },
        {
          "participant": "3231",
          "train_size": 1,
          "n_seeds": 10,
          "n_train_samples_mean": 3.0,
          "n_test_samples_mean": 39.0,
          "test_acc_mean": 0.4948717948717948,
          "test_acc_std": 0.08886423063637627,
          "test_bal_acc_mean": 0.4948717948717948,
          "test_bal_acc_std": 0.08886423063637627,
          "test_f1_mean": 0.4278375073865363,
          "test_f1_std": 0.12134519855509455,
          "test_kappa_mean": 0.24230769230769234,
          "test_kappa_std": 0.13329634595456444,
          "confusion_matrix": [
            [
              29.230769230769234,
              4.615384615384615,
              66.15384615384616
            ],
            [
              25.384615384615383,
              23.846153846153847,
              50.769230769230774
            ],
            [
              4.615384615384615,
              0.0,
              95.38461538461539
            ]
          ]
        },
        {
          "participant": "3232",
          "train_size": 1,
          "n_seeds": 10,
          "n_train_samples_mean": 3.0,
          "n_test_samples_mean": 39.0,
          "test_acc_mean": 0.5871794871794871,
          "test_acc_std": 0.05853296980603054,
          "test_bal_acc_mean": 0.5871794871794871,
          "test_bal_acc_std": 0.05853296980603055,
          "test_f1_mean": 0.5726583690350356,
          "test_f1_std": 0.06374632990922867,
          "test_kappa_mean": 0.38076923076923075,
          "test_kappa_std": 0.08779945470904577,
          "confusion_matrix": [
            [
              40.0,
              8.461538461538462,
              51.53846153846153
            ],
            [
              5.384615384615385,
              49.23076923076923,
              45.38461538461539
            ],
            [
              11.538461538461538,
              1.5384615384615385,
              86.92307692307693
            ]
          ]
        },
        {
          "participant": "3233",
          "train_size": 1,
          "n_seeds": 10,
          "n_train_samples_mean": 3.0,
          "n_test_samples_mean": 39.0,
          "test_acc_mean": 0.8666666666666668,
          "test_acc_std": 0.064867234054736,
          "test_bal_acc_mean": 0.8666666666666668,
          "test_bal_acc_std": 0.06486723405473598,
          "test_f1_mean": 0.8666542898967615,
          "test_f1_std": 0.064807231903658,
          "test_kappa_mean": 0.8,
          "test_kappa_std": 0.09730085108210398,
          "confusion_matrix": [
            [
              78.46153846153845,
              9.23076923076923,
              12.30769230769231
            ],
            [
              0.7692307692307693,
              91.53846153846153,
              7.692307692307693
            ],
            [
              0.0,
              10.0,
              90.0
            ]
          ]
        },
        {
          "participant": "3234",
          "train_size": 1,
          "n_seeds": 10,
          "n_train_samples_mean": 3.0,
          "n_test_samples_mean": 39.0,
          "test_acc_mean": 0.4333333333333333,
          "test_acc_std": 0.04264948700811845,
          "test_bal_acc_mean": 0.4333333333333333,
          "test_bal_acc_std": 0.042649487008118464,
          "test_f1_mean": 0.344645314498887,
          "test_f1_std": 0.07330051790138854,
          "test_kappa_mean": 0.15000000000000005,
          "test_kappa_std": 0.06397423051217765,
          "confusion_matrix": [
            [
              96.92307692307692,
              0.0,
              3.076923076923077
            ],
            [
              45.38461538461538,
              9.23076923076923,
              45.38461538461538
            ],
            [
              70.76923076923076,
              5.384615384615385,
              23.846153846153847
            ]
          ]
        },
        {
          "participant": "3235",
          "train_size": 1,
          "n_seeds": 10,
          "n_train_samples_mean": 3.0,
          "n_test_samples_mean": 39.0,
          "test_acc_mean": 0.8051282051282052,
          "test_acc_std": 0.04391532505526539,
          "test_bal_acc_mean": 0.8051282051282052,
          "test_bal_acc_std": 0.043915325055265436,
          "test_f1_mean": 0.8003679944751264,
          "test_f1_std": 0.04568013949941685,
          "test_kappa_mean": 0.7076923076923077,
          "test_kappa_std": 0.06587298758289811,
          "confusion_matrix": [
            [
              83.84615384615384,
              6.9230769230769225,
              9.23076923076923
            ],
            [
              6.153846153846155,
              93.07692307692307,
              0.7692307692307693
            ],
            [
              9.23076923076923,
              26.15384615384615,
              64.61538461538461
            ]
          ]
        },
        {
          "participant": "3236",
          "train_size": 1,
          "n_seeds": 10,
          "n_train_samples_mean": 3.0,
          "n_test_samples_mean": 39.0,
          "test_acc_mean": 0.5641025641025641,
          "test_acc_std": 0.08108404256842,
          "test_bal_acc_mean": 0.5641025641025641,
          "test_bal_acc_std": 0.08108404256842,
          "test_f1_mean": 0.5423851198124507,
          "test_f1_std": 0.08952911770834858,
          "test_kappa_mean": 0.34615384615384615,
          "test_kappa_std": 0.12162606385262997,
          "confusion_matrix": [
            [
              65.38461538461539,
              30.0,
              4.615384615384615
            ],
            [
              0.0,
              65.38461538461539,
              34.61538461538461
            ],
            [
              39.230769230769226,
              22.307692307692307,
              38.46153846153847
            ]
          ]
        },
        {
          "participant": "3237",
          "train_size": 1,
          "n_seeds": 10,
          "n_train_samples_mean": 3.0,
          "n_test_samples_mean": 39.0,
          "test_acc_mean": 0.6564102564102565,
          "test_acc_std": 0.05156616454358412,
          "test_bal_acc_mean": 0.6564102564102565,
          "test_bal_acc_std": 0.051566164543584134,
          "test_f1_mean": 0.6419479708852527,
          "test_f1_std": 0.05226037839740079,
          "test_kappa_mean": 0.48461538461538467,
          "test_kappa_std": 0.0773492468153762,
          "confusion_matrix": [
            [
              39.23076923076923,
              7.692307692307692,
              53.07692307692307
            ],
            [
              16.923076923076923,
              76.92307692307692,
              6.153846153846154
            ],
            [
              13.846153846153845,
              5.384615384615385,
              80.76923076923076
            ]
          ]
        },
        {
          "participant": "3238",
          "train_size": 1,
          "n_seeds": 10,
          "n_train_samples_mean": 3.0,
          "n_test_samples_mean": 39.0,
          "test_acc_mean": 0.5307692307692308,
          "test_acc_std": 0.03831882354095709,
          "test_bal_acc_mean": 0.5307692307692308,
          "test_bal_acc_std": 0.0383188235409571,
          "test_f1_mean": 0.49510929301316675,
          "test_f1_std": 0.05307205225514317,
          "test_kappa_mean": 0.29615384615384616,
          "test_kappa_std": 0.05747823531143562,
          "confusion_matrix": [
            [
              26.923076923076923,
              32.30769230769231,
              40.769230769230774
            ],
            [
              2.3076923076923075,
              41.53846153846153,
              56.15384615384615
            ],
            [
              0.0,
              9.23076923076923,
              90.76923076923075
            ]
          ]
        },
        {
          "participant": "3239",
          "train_size": 1,
          "n_seeds": 10,
          "n_train_samples_mean": 3.0,
          "n_test_samples_mean": 35.0,
          "test_acc_mean": 0.582857142857143,
          "test_acc_std": 0.09447311822961711,
          "test_bal_acc_mean": 0.5891737891737892,
          "test_bal_acc_std": 0.09016142548970121,
          "test_f1_mean": 0.5783226930666722,
          "test_f1_std": 0.09405034907315367,
          "test_kappa_mean": 0.38280495155105093,
          "test_kappa_std": 0.13478545623021765,
          "confusion_matrix": [
            [
              43.84615384615385,
              3.846153846153846,
              52.30769230769231
            ],
            [
              19.230769230769234,
              68.46153846153847,
              12.307692307692308
            ],
            [
              34.444444444444436,
              1.1111111111111112,
              64.44444444444443
            ]
          ]
        },
        {
          "participant": "3240",
          "train_size": 1,
          "n_seeds": 10,
          "n_train_samples_mean": 3.0,
          "n_test_samples_mean": 39.0,
          "test_acc_mean": 0.8102564102564103,
          "test_acc_std": 0.05822012432795351,
          "test_bal_acc_mean": 0.8102564102564103,
          "test_bal_acc_std": 0.05822012432795349,
          "test_f1_mean": 0.8093878905132955,
          "test_f1_std": 0.05792513829050284,
          "test_kappa_mean": 0.7153846153846153,
          "test_kappa_std": 0.08733018649193025,
          "confusion_matrix": [
            [
              80.00000000000001,
              10.76923076923077,
              9.23076923076923
            ],
            [
              6.9230769230769225,
              86.15384615384616,
              6.9230769230769225
            ],
            [
              23.076923076923077,
              0.0,
              76.92307692307692
            ]
          ]
        },
        {
          "participant": "3241",
          "train_size": 1,
          "n_seeds": 10,
          "n_train_samples_mean": 3.0,
          "n_test_samples_mean": 39.0,
          "test_acc_mean": 0.5461538461538462,
          "test_acc_std": 0.06169258951322596,
          "test_bal_acc_mean": 0.5461538461538462,
          "test_bal_acc_std": 0.061692589513225905,
          "test_f1_mean": 0.5156013796890933,
          "test_f1_std": 0.07106643738008543,
          "test_kappa_mean": 0.3192307692307692,
          "test_kappa_std": 0.09253888426983893,
          "confusion_matrix": [
            [
              37.69230769230769,
              28.46153846153846,
              33.84615384615385
            ],
            [
              33.07692307692307,
              40.0,
              26.923076923076923
            ],
            [
              12.307692307692308,
              1.5384615384615385,
              86.15384615384616
            ]
          ]
        },
        {
          "participant": "3242",
          "train_size": 1,
          "n_seeds": 10,
          "n_train_samples_mean": 3.0,
          "n_test_samples_mean": 39.0,
          "test_acc_mean": 0.8666666666666668,
          "test_acc_std": 0.061395846140403325,
          "test_bal_acc_mean": 0.8666666666666666,
          "test_bal_acc_std": 0.06139584614040331,
          "test_f1_mean": 0.8661291739707181,
          "test_f1_std": 0.06156855010050198,
          "test_kappa_mean": 0.8,
          "test_kappa_std": 0.09209376921060498,
          "confusion_matrix": [
            [
              96.15384615384616,
              3.846153846153846,
              0.0
            ],
            [
              15.384615384615383,
              82.30769230769229,
              2.3076923076923075
            ],
            [
              7.692307692307693,
              10.76923076923077,
              81.53846153846153
            ]
          ]
        },
        {
          "participant": "3243",
          "train_size": 1,
          "n_seeds": 10,
          "n_train_samples_mean": 3.0,
          "n_test_samples_mean": 39.0,
          "test_acc_mean": 0.7333333333333334,
          "test_acc_std": 0.06858941076150044,
          "test_bal_acc_mean": 0.7333333333333334,
          "test_bal_acc_std": 0.06858941076150045,
          "test_f1_mean": 0.7287575102451668,
          "test_f1_std": 0.07175281300317138,
          "test_kappa_mean": 0.6000000000000001,
          "test_kappa_std": 0.10288411614225067,
          "confusion_matrix": [
            [
              91.53846153846155,
              1.5384615384615385,
              6.9230769230769225
            ],
            [
              0.0,
              58.46153846153847,
              41.53846153846153
            ],
            [
              1.5384615384615385,
              28.46153846153846,
              70.0
            ]
          ]
        },
        {
          "participant": "3244",
          "train_size": 1,
          "n_seeds": 10,
          "n_train_samples_mean": 3.0,
          "n_test_samples_mean": 39.0,
          "test_acc_mean": 0.6512820512820513,
          "test_acc_std": 0.11606321502063559,
          "test_bal_acc_mean": 0.6512820512820513,
          "test_bal_acc_std": 0.1160632150206356,
          "test_f1_mean": 0.6104695276617486,
          "test_f1_std": 0.13176449138400623,
          "test_kappa_mean": 0.4769230769230769,
          "test_kappa_std": 0.17409482253095343,
          "confusion_matrix": [
            [
              61.53846153846153,
              0.0,
              38.46153846153846
            ],
            [
              1.5384615384615385,
              98.46153846153847,
              0.0
            ],
            [
              37.69230769230769,
              26.923076923076923,
              35.38461538461538
            ]
          ]
        },
        {
          "participant": "3245",
          "train_size": 1,
          "n_seeds": 10,
          "n_train_samples_mean": 3.0,
          "n_test_samples_mean": 39.0,
          "test_acc_mean": 0.7692307692307692,
          "test_acc_std": 0.03626188621469472,
          "test_bal_acc_mean": 0.7692307692307694,
          "test_bal_acc_std": 0.036261886214694755,
          "test_f1_mean": 0.7585477780293477,
          "test_f1_std": 0.048211743403804554,
          "test_kappa_mean": 0.6538461538461539,
          "test_kappa_std": 0.05439282932204213,
          "confusion_matrix": [
            [
              62.30769230769231,
              19.230769230769234,
              18.461538461538463
            ],
            [
              5.384615384615385,
              93.84615384615384,
              0.7692307692307693
            ],
            [
              16.923076923076927,
              8.461538461538462,
              74.61538461538461
            ]
          ]
        },
        {
          "participant": "3246",
          "train_size": 1,
          "n_seeds": 10,
          "n_train_samples_mean": 3.0,
          "n_test_samples_mean": 39.0,
          "test_acc_mean": 0.47948717948717945,
          "test_acc_std": 0.04689185204904342,
          "test_bal_acc_mean": 0.47948717948717956,
          "test_bal_acc_std": 0.04689185204904344,
          "test_f1_mean": 0.3879466222804232,
          "test_f1_std": 0.07399527717660434,
          "test_kappa_mean": 0.21923076923076917,
          "test_kappa_std": 0.07033777807356514,
          "confusion_matrix": [
            [
              35.38461538461539,
              55.384615384615394,
              9.23076923076923
            ],
            [
              0.0,
              100.0,
              0.0
            ],
            [
              25.38461538461538,
              66.15384615384616,
              8.461538461538462
            ]
          ]
        },
        {
          "participant": "3247",
          "train_size": 1,
          "n_seeds": 10,
          "n_train_samples_mean": 3.0,
          "n_test_samples_mean": 39.0,
          "test_acc_mean": 0.5948717948717949,
          "test_acc_std": 0.053785069136930874,
          "test_bal_acc_mean": 0.5948717948717949,
          "test_bal_acc_std": 0.05378506913693087,
          "test_f1_mean": 0.5722558108110157,
          "test_f1_std": 0.059906592222971615,
          "test_kappa_mean": 0.39230769230769236,
          "test_kappa_std": 0.08067760370539627,
          "confusion_matrix": [
            [
              52.30769230769231,
              47.69230769230769,
              0.0
            ],
            [
              0.0,
              35.38461538461537,
              64.61538461538461
            ],
            [
              0.0,
              9.23076923076923,
              90.76923076923077
            ]
          ]
        },
        {
          "participant": "3248",
          "train_size": 1,
          "n_seeds": 10,
          "n_train_samples_mean": 3.0,
          "n_test_samples_mean": 39.0,
          "test_acc_mean": 0.6820512820512821,
          "test_acc_std": 0.07470691755012701,
          "test_bal_acc_mean": 0.6820512820512821,
          "test_bal_acc_std": 0.07470691755012701,
          "test_f1_mean": 0.65617039403577,
          "test_f1_std": 0.09893718798066366,
          "test_kappa_mean": 0.5230769230769231,
          "test_kappa_std": 0.11206037632519054,
          "confusion_matrix": [
            [
              76.92307692307693,
              5.384615384615385,
              17.692307692307693
            ],
            [
              0.0,
              76.15384615384616,
              23.846153846153843
            ],
            [
              0.0,
              48.46153846153845,
              51.53846153846153
            ]
          ]
        },
        {
          "participant": "3249",
          "train_size": 1,
          "n_seeds": 10,
          "n_train_samples_mean": 3.0,
          "n_test_samples_mean": 39.0,
          "test_acc_mean": 0.6846153846153846,
          "test_acc_std": 0.10188521757391862,
          "test_bal_acc_mean": 0.6846153846153846,
          "test_bal_acc_std": 0.10188521757391868,
          "test_f1_mean": 0.6741619569020909,
          "test_f1_std": 0.12348946727484929,
          "test_kappa_mean": 0.5269230769230769,
          "test_kappa_std": 0.15282782636087797,
          "confusion_matrix": [
            [
              62.30769230769231,
              2.3076923076923075,
              35.38461538461539
            ],
            [
              3.076923076923077,
              60.0,
              36.92307692307692
            ],
            [
              9.23076923076923,
              7.692307692307692,
              83.07692307692308
            ]
          ]
        },
        {
          "participant": "3250",
          "train_size": 1,
          "n_seeds": 10,
          "n_train_samples_mean": 3.0,
          "n_test_samples_mean": 39.0,
          "test_acc_mean": 0.6487179487179487,
          "test_acc_std": 0.05927706285264855,
          "test_bal_acc_mean": 0.6487179487179487,
          "test_bal_acc_std": 0.05927706285264856,
