{
  "name": "pose_perf_eye_ecg",
  "config": {
    "n_seeds": 10,
    "feature_selection": "backward",
    "use_pca": false,
    "pca_variance": 0.95,
    "write_cm": true,
    "tune_hyperparameters": false,
    "tune_n_iter": 30,
    "tune_cv_folds": 5,
    "use_pose_derivatives": true,
    "use_time_features": false,
    "class_config": "all",
    "include_order": false,
    "name": "pose_perf_eye_ecg",
    "feature_groups": [
      "pose",
      "performance",
      "eye_tracking",
      "ecg"
    ],
    "split_strategy": "participant_specific",
    "sampling_strategy": "temporal_stratified"
  },
  "sampling_strategy": "temporal_stratified",
  "n_seeds": 10,
  "learning_curve": [
    {
      "aggregated": {
        "train_size": 1,
        "n_participants": 36,
        "n_seeds": 10,
        "test_acc_mean": 0.5874747308651983,
        "test_acc_std": 0.09873768856604388,
        "test_bal_acc_mean": 0.5880177846844515,
        "test_bal_acc_std": 0.099500908666312,
        "test_f1_mean": 0.5594813744385883,
        "test_f1_std": 0.11493810378097467,
        "test_kappa_mean": 0.37977030448223154,
        "test_kappa_std": 0.14773337982588453,
        "confusion_matrix": [
          [
            59.5067663817664,
            19.01887464387464,
            21.474358974358974
          ],
          [
            16.261752136752136,
            59.858618233618245,
            23.87962962962963
          ],
          [
            19.20456703790037,
            23.755482172148835,
            57.03995078995078
          ]
        ]
      },
      "per_participant": [
        {
          "participant": "3208",
          "train_size": 1,
          "n_seeds": 10,
          "n_train_samples_mean": 3.0,
          "n_test_samples_mean": 39.0,
          "test_acc_mean": 0.6025641025641026,
          "test_acc_std": 0.08130896406171131,
          "test_bal_acc_mean": 0.6025641025641026,
          "test_bal_acc_std": 0.08130896406171131,
          "test_f1_mean": 0.5915154948107468,
          "test_f1_std": 0.08207749270651166,
          "test_kappa_mean": 0.40384615384615385,
          "test_kappa_std": 0.12196344609256697,
          "confusion_matrix": [
            [
              55.38461538461538,
              16.153846153846153,
              28.46153846153846
            ],
            [
              17.69230769230769,
              53.07692307692308,
              29.230769230769237
            ],
            [
              9.230769230769232,
              18.46153846153846,
              72.30769230769229
            ]
          ]
        },
        {
          "participant": "3209",
          "train_size": 1,
          "n_seeds": 10,
          "n_train_samples_mean": 3.0,
          "n_test_samples_mean": 38.0,
          "test_acc_mean": 0.481578947368421,
          "test_acc_std": 0.085092240791423,
          "test_bal_acc_mean": 0.472008547008547,
          "test_bal_acc_std": 0.0842713299303995,
          "test_f1_mean": 0.4104728107154161,
          "test_f1_std": 0.10763975853695122,
          "test_kappa_mean": 0.21299971017909378,
          "test_kappa_std": 0.12970366503187022,
          "confusion_matrix": [
            [
              85.38461538461539,
              14.615384615384617,
              0.0
            ],
            [
              54.61538461538462,
              45.38461538461538,
              0.0
            ],
            [
              60.83333333333333,
              28.333333333333332,
              10.83333333333333
            ]
          ]
        },
        {
          "participant": "3214",
          "train_size": 1,
          "n_seeds": 10,
          "n_train_samples_mean": 3.0,
          "n_test_samples_mean": 39.0,
          "test_acc_mean": 0.5512820512820513,
          "test_acc_std": 0.07763206036147417,
          "test_bal_acc_mean": 0.5512820512820513,
          "test_bal_acc_std": 0.07763206036147413,
          "test_f1_mean": 0.5520496778043151,
          "test_f1_std": 0.08915737741767699,
          "test_kappa_mean": 0.326923076923077,
          "test_kappa_std": 0.11644809054221124,
          "confusion_matrix": [
            [
              54.61538461538462,
              30.769230769230766,
              14.615384615384617
            ],
            [
              2.3076923076923075,
              54.615384615384606,
              43.07692307692308
            ],
            [
              0.0,
              43.84615384615385,
              56.15384615384615
            ]
          ]
        },
        {
          "participant": "3215",
          "train_size": 1,
          "n_seeds": 10,
          "n_train_samples_mean": 3.0,
          "n_test_samples_mean": 39.0,
          "test_acc_mean": 0.4512820512820513,
          "test_acc_std": 0.05156616454358411,
          "test_bal_acc_mean": 0.4512820512820513,
          "test_bal_acc_std": 0.051566164543584106,
          "test_f1_mean": 0.36467457840086415,
          "test_f1_std": 0.04634827476382424,
          "test_kappa_mean": 0.1769230769230769,
          "test_kappa_std": 0.07734924681537621,
          "confusion_matrix": [
            [
              73.07692307692308,
              0.0,
              26.923076923076927
            ],
            [
              37.69230769230769,
              2.3076923076923075,
              59.999999999999986
            ],
            [
              39.23076923076923,
              0.7692307692307693,
              60.0
            ]
          ]
        },
        {
          "participant": "3216",
          "train_size": 1,
          "n_seeds": 10,
          "n_train_samples_mean": 3.0,
          "n_test_samples_mean": 37.0,
          "test_acc_mean": 0.6135135135135136,
          "test_acc_std": 0.05704915387022547,
          "test_bal_acc_mean": 0.6081585081585081,
          "test_bal_acc_std": 0.05279547324175819,
          "test_f1_mean": 0.604070003348234,
          "test_f1_std": 0.05783118309981481,
          "test_kappa_mean": 0.4170867366845343,
          "test_kappa_std": 0.08178501575246727,
          "confusion_matrix": [
            [
              57.69230769230769,
              30.769230769230766,
              11.538461538461538
            ],
            [
              7.692307692307692,
              73.84615384615384,
              18.46153846153846
            ],
            [
              9.090909090909092,
              40.0,
              50.909090909090914
            ]
          ]
        },
        {
          "participant": "3217",
          "train_size": 1,
          "n_seeds": 10,
          "n_train_samples_mean": 3.0,
          "n_test_samples_mean": 39.0,
          "test_acc_mean": 0.5794871794871794,
          "test_acc_std": 0.08564085504188274,
          "test_bal_acc_mean": 0.5794871794871794,
          "test_bal_acc_std": 0.08564085504188275,
          "test_f1_mean": 0.5675136776516397,
          "test_f1_std": 0.08854844101809688,
          "test_kappa_mean": 0.3692307692307693,
          "test_kappa_std": 0.1284612825628241,
          "confusion_matrix": [
            [
              47.69230769230769,
              43.076923076923066,
              9.23076923076923
            ],
            [
              22.307692307692303,
              69.23076923076923,
              8.461538461538462
            ],
            [
              6.9230769230769225,
              36.15384615384615,
              56.92307692307693
            ]
          ]
        },
        {
          "participant": "3218",
          "train_size": 1,
          "n_seeds": 10,
          "n_train_samples_mean": 3.0,
          "n_test_samples_mean": 39.0,
          "test_acc_mean": 0.7794871794871795,
          "test_acc_std": 0.06303962022080607,
          "test_bal_acc_mean": 0.7794871794871795,
          "test_bal_acc_std": 0.06303962022080609,
          "test_f1_mean": 0.7687307241430084,
          "test_f1_std": 0.06698004245013518,
          "test_kappa_mean": 0.6692307692307692,
          "test_kappa_std": 0.09455943033120909,
          "confusion_matrix": [
            [
              90.76923076923076,
              9.23076923076923,
              0.0
            ],
            [
              16.153846153846153,
              64.61538461538461,
              19.23076923076923
            ],
            [
              2.3076923076923075,
              19.23076923076923,
              78.46153846153847
            ]
          ]
        },
        {
          "participant": "3219",
          "train_size": 1,
          "n_seeds": 10,
          "n_train_samples_mean": 3.0,
          "n_test_samples_mean": 37.0,
          "test_acc_mean": 0.5783783783783785,
          "test_acc_std": 0.07665602661687441,
          "test_bal_acc_mean": 0.5854700854700855,
          "test_bal_acc_std": 0.07471506576605899,
          "test_f1_mean": 0.5548786694668676,
          "test_f1_std": 0.0977055463004422,
          "test_kappa_mean": 0.3725392348466819,
          "test_kappa_std": 0.11292150071277335,
          "confusion_matrix": [
            [
              89.16666666666666,
              5.833333333333332,
              5.0
            ],
            [
              40.833333333333336,
              54.166666666666664,
              4.999999999999998
            ],
            [
              59.230769230769226,
              8.461538461538462,
              32.30769230769231
            ]
          ]
        },
        {
          "participant": "3220",
          "train_size": 1,
          "n_seeds": 10,
          "n_train_samples_mean": 3.0,
          "n_test_samples_mean": 39.0,
          "test_acc_mean": 0.4948717948717949,
          "test_acc_std": 0.09521382866074271,
          "test_bal_acc_mean": 0.4948717948717949,
          "test_bal_acc_std": 0.09521382866074271,
          "test_f1_mean": 0.44435366651529157,
          "test_f1_std": 0.11760251854468387,
          "test_kappa_mean": 0.24230769230769225,
          "test_kappa_std": 0.14282074299111408,
          "confusion_matrix": [
            [
              43.07692307692308,
              51.53846153846153,
              5.384615384615385
            ],
            [
              14.615384615384617,
              81.53846153846155,
              3.846153846153846
            ],
            [
              33.84615384615385,
              42.3076923076923,
              23.846153846153843
            ]
          ]
        },
        {
          "participant": "3221",
          "train_size": 1,
          "n_seeds": 10,
          "n_train_samples_mean": 3.0,
          "n_test_samples_mean": 39.0,
          "test_acc_mean": 0.6205128205128205,
          "test_acc_std": 0.06373111754634957,
          "test_bal_acc_mean": 0.6205128205128205,
          "test_bal_acc_std": 0.06373111754634957,
          "test_f1_mean": 0.5995514854656682,
          "test_f1_std": 0.07432685992921775,
          "test_kappa_mean": 0.43076923076923085,
          "test_kappa_std": 0.09559667631952434,
          "confusion_matrix": [
            [
              53.07692307692308,
              36.92307692307692,
              10.0
            ],
            [
              7.692307692307693,
              82.30769230769229,
              10.0
            ],
            [
              20.0,
              29.230769230769234,
              50.76923076923078
            ]
          ]
        },
        {
          "participant": "3223",
          "train_size": 1,
          "n_seeds": 10,
          "n_train_samples_mean": 3.0,
          "n_test_samples_mean": 39.0,
          "test_acc_mean": 0.5743589743589743,
          "test_acc_std": 0.07852091677166395,
          "test_bal_acc_mean": 0.5743589743589743,
          "test_bal_acc_std": 0.07852091677166392,
          "test_f1_mean": 0.5320723683231244,
          "test_f1_std": 0.09676898662312311,
          "test_kappa_mean": 0.36153846153846153,
          "test_kappa_std": 0.11778137515749591,
          "confusion_matrix": [
            [
              24.615384615384613,
              17.692307692307693,
              57.6923076923077
            ],
            [
              0.0,
              94.61538461538461,
              5.384615384615385
            ],
            [
              0.0,
              46.92307692307693,
              53.07692307692308
            ]
          ]
        },
        {
          "participant": "3224",
          "train_size": 1,
          "n_seeds": 10,
          "n_train_samples_mean": 3.0,
          "n_test_samples_mean": 24.0,
          "test_acc_mean": 0.6666666666666667,
          "test_acc_std": 0.12108052620946315,
          "test_bal_acc_mean": 0.6444444444444445,
          "test_bal_acc_std": 0.13094570021973104,
          "test_f1_mean": 0.6715672402172941,
          "test_f1_std": 0.12237995615242682,
          "test_kappa_mean": 0.4712562874387337,
          "test_kappa_std": 0.17384570744552175,
          "confusion_matrix": [
            [
              55.0,
              15.0,
              30.0
            ],
            [
              23.333333333333336,
              53.333333333333336,
              23.333333333333332
            ],
            [
              8.0,
              7.0,
              85.0
            ]
          ]
        },
        {
          "participant": "3225",
          "train_size": 1,
          "n_seeds": 10,
          "n_train_samples_mean": 3.0,
          "n_test_samples_mean": 39.0,
          "test_acc_mean": 0.47692307692307684,
          "test_acc_std": 0.09141703902304915,
          "test_bal_acc_mean": 0.47692307692307684,
          "test_bal_acc_std": 0.09141703902304914,
          "test_f1_mean": 0.4614878060498711,
          "test_f1_std": 0.09040059137907967,
          "test_kappa_mean": 0.21538461538461537,
          "test_kappa_std": 0.13712555853457373,
          "confusion_matrix": [
            [
              81.53846153846153,
              14.615384615384613,
              3.846153846153846
            ],
            [
              24.615384615384613,
              30.0,
              45.38461538461539
            ],
            [
              1.5384615384615385,
              66.92307692307692,
              31.53846153846154
            ]
          ]
        },
        {
          "participant": "3226",
          "train_size": 1,
          "n_seeds": 10,
          "n_train_samples_mean": 3.0,
          "n_test_samples_mean": 39.0,
          "test_acc_mean": 0.4923076923076922,
          "test_acc_std": 0.04152122325296107,
          "test_bal_acc_mean": 0.4923076923076922,
          "test_bal_acc_std": 0.041521223252961086,
          "test_f1_mean": 0.4438641979235533,
          "test_f1_std": 0.03753198250399325,
          "test_kappa_mean": 0.2384615384615385,
          "test_kappa_std": 0.062281834879441646,
          "confusion_matrix": [
            [
              39.99999999999999,
              14.615384615384617,
              45.38461538461539
            ],
            [
              13.846153846153845,
              19.999999999999996,
              66.15384615384616
            ],
            [
              0.7692307692307693,
              11.538461538461538,
              87.6923076923077
            ]
          ]
        },
        {
          "participant": "3227",
          "train_size": 1,
          "n_seeds": 10,
          "n_train_samples_mean": 3.0,
          "n_test_samples_mean": 39.0,
          "test_acc_mean": 0.5923076923076923,
          "test_acc_std": 0.08238003938476234,
          "test_bal_acc_mean": 0.5923076923076923,
          "test_bal_acc_std": 0.08238003938476232,
          "test_f1_mean": 0.5759286557134873,
          "test_f1_std": 0.08934283261554303,
          "test_kappa_mean": 0.3884615384615385,
          "test_kappa_std": 0.12357005907714348,
          "confusion_matrix": [
            [
              49.23076923076923,
              48.46153846153846,
              2.3076923076923075
            ],
            [
              10.0,
              52.3076923076923,
              37.69230769230769
            ],
            [
              0.7692307692307693,
              23.076923076923077,
              76.15384615384616
            ]
          ]
        },
        {
          "participant": "3228",
          "train_size": 1,
          "n_seeds": 10,
          "n_train_samples_mean": 3.0,
          "n_test_samples_mean": 39.0,
          "test_acc_mean": 0.5051282051282051,
          "test_acc_std": 0.07744363275264474,
          "test_bal_acc_mean": 0.5051282051282051,
          "test_bal_acc_std": 0.07744363275264479,
          "test_f1_mean": 0.4733756006837326,
          "test_f1_std": 0.10303406054001692,
          "test_kappa_mean": 0.25769230769230766,
          "test_kappa_std": 0.11616544912896713,
          "confusion_matrix": [
            [
              26.153846153846153,
              72.30769230769229,
              1.5384615384615385
            ],
            [
              0.0,
              86.15384615384616,
              13.846153846153845
            ],
            [
              0.0,
              60.769230769230774,
              39.23076923076923
            ]
          ]
        },
        {
          "participant": "3229",
          "train_size": 1,
          "n_seeds": 10,
          "n_train_samples_mean": 3.0,
          "n_test_samples_mean": 39.0,
          "test_acc_mean": 0.4538461538461539,
          "test_acc_std": 0.0715604638937931,
          "test_bal_acc_mean": 0.45384615384615384,
          "test_bal_acc_std": 0.0715604638937931,
          "test_f1_mean": 0.38526225928280267,
          "test_f1_std": 0.09690694086966956,
          "test_kappa_mean": 0.18076923076923077,
          "test_kappa_std": 0.10734069584068963,
          "confusion_matrix": [
            [
              23.846153846153847,
              13.076923076923077,
              63.07692307692307
            ],
            [
              14.615384615384617,
              19.23076923076923,
              66.15384615384615
            ],
            [
              6.153846153846154,
              0.7692307692307693,
              93.07692307692308
            ]
          ]
        },
        {
          "participant": "3230",
          "train_size": 1,
          "n_seeds": 10,
          "n_train_samples_mean": 3.0,
          "n_test_samples_mean": 39.0,
          "test_acc_mean": 0.5025641025641026,
          "test_acc_std": 0.09908633672608164,
          "test_bal_acc_mean": 0.5025641025641026,
          "test_bal_acc_std": 0.09908633672608164,
          "test_f1_mean": 0.4969123721682959,
          "test_f1_std": 0.08599600464033721,
          "test_kappa_mean": 0.2538461538461539,
          "test_kappa_std": 0.14862950508912245,
          "confusion_matrix": [
            [
              26.923076923076927,
              2.3076923076923075,
              70.76923076923079
            ],
            [
              24.615384615384617,
              60.769230769230774,
              14.615384615384617
            ],
            [
              33.84615384615385,
              3.076923076923077,
              63.07692307692308
            ]
          ]
        },
        {
          "participant": "3232",
          "train_size": 1,
          "n_seeds": 10,
          "n_train_samples_mean": 3.0,
          "n_test_samples_mean": 39.0,
          "test_acc_mean": 0.535897435897436,
          "test_acc_std": 0.11107823313698961,
          "test_bal_acc_mean": 0.535897435897436,
          "test_bal_acc_std": 0.1110782331369896,
          "test_f1_mean": 0.5028363281310441,
          "test_f1_std": 0.1294897976956782,
          "test_kappa_mean": 0.3038461538461539,
          "test_kappa_std": 0.16661734970548442,
          "confusion_matrix": [
            [
              33.84615384615384,
              10.76923076923077,
              55.38461538461538
            ],
            [
              23.076923076923073,
              43.07692307692307,
              33.846153846153854
            ],
            [
              9.230769230769232,
              6.9230769230769225,
              83.84615384615384
            ]
          ]
        },
        {
          "participant": "3233",
          "train_size": 1,
          "n_seeds": 10,
          "n_train_samples_mean": 3.0,
          "n_test_samples_mean": 39.0,
          "test_acc_mean": 0.7307692307692308,
          "test_acc_std": 0.07763206036147412,
          "test_bal_acc_mean": 0.7307692307692308,
          "test_bal_acc_std": 0.07763206036147413,
          "test_f1_mean": 0.7290088491458763,
          "test_f1_std": 0.07835724835599579,
          "test_kappa_mean": 0.5961538461538463,
          "test_kappa_std": 0.11644809054221118,
          "confusion_matrix": [
            [
              68.46153846153847,
              17.692307692307693,
              13.846153846153845
            ],
            [
              7.692307692307692,
              79.23076923076924,
              13.076923076923077
            ],
            [
              3.076923076923077,
              25.384615384615387,
              71.53846153846153
            ]
          ]
        },
        {
          "participant": "3234",
          "train_size": 1,
          "n_seeds": 10,
          "n_train_samples_mean": 3.0,
          "n_test_samples_mean": 39.0,
          "test_acc_mean": 0.39487179487179486,
          "test_acc_std": 0.08564085504188272,
          "test_bal_acc_mean": 0.39487179487179486,
          "test_bal_acc_std": 0.08564085504188272,
          "test_f1_mean": 0.3359979385036578,
          "test_f1_std": 0.08335794184875106,
          "test_kappa_mean": 0.0923076923076923,
          "test_kappa_std": 0.1284612825628241,
          "confusion_matrix": [
            [
              77.69230769230768,
              0.0,
              22.307692307692303
            ],
            [
              30.769230769230766,
              10.76923076923077,
              58.46153846153845
            ],
            [
              68.46153846153847,
              1.5384615384615385,
              30.000000000000007
            ]
          ]
        },
        {
          "participant": "3235",
          "train_size": 1,
          "n_seeds": 10,
          "n_train_samples_mean": 3.0,
          "n_test_samples_mean": 38.0,
          "test_acc_mean": 0.7526315789473684,
          "test_acc_std": 0.08058725668670774,
          "test_bal_acc_mean": 0.7551282051282051,
          "test_bal_acc_std": 0.07884586431281239,
          "test_f1_mean": 0.7361760094442991,
          "test_f1_std": 0.10369076785863161,
          "test_kappa_mean": 0.6293939448187096,
          "test_kappa_std": 0.11972538076284484,
          "confusion_matrix": [
            [
              85.00000000000001,
              13.333333333333332,
              1.6666666666666665
            ],
            [
              4.615384615384615,
              91.53846153846153,
              3.846153846153846
            ],
            [
              17.692307692307686,
              32.30769230769231,
              50.0
            ]
          ]
        },
        {
          "participant": "3236",
          "train_size": 1,
          "n_seeds": 10,
          "n_train_samples_mean": 3.0,
          "n_test_samples_mean": 31.0,
          "test_acc_mean": 0.6322580645161291,
          "test_acc_std": 0.06487356184515422,
          "test_bal_acc_mean": 0.6543589743589744,
          "test_bal_acc_std": 0.06881058517650118,
          "test_f1_mean": 0.6201584418179096,
          "test_f1_std": 0.06682233542040149,
          "test_kappa_mean": 0.43187107306850575,
          "test_kappa_std": 0.09375897360364355,
          "confusion_matrix": [
            [
              69.23076923076924,
              10.76923076923077,
              19.999999999999996
            ],
            [
              0.0,
              74.0,
              26.0
            ],
            [
              25.384615384615387,
              21.53846153846154,
              53.07692307692308
            ]
          ]
        },
        {
          "participant": "3237",
          "train_size": 1,
          "n_seeds": 10,
          "n_train_samples_mean": 3.0,
          "n_test_samples_mean": 36.0,
          "test_acc_mean": 0.5916666666666668,
          "test_acc_std": 0.0473038510164622,
          "test_bal_acc_mean": 0.5976923076923077,
          "test_bal_acc_std": 0.05730257725886713,
          "test_f1_mean": 0.5612817504347977,
          "test_f1_std": 0.041815595163862,
          "test_kappa_mean": 0.382123901754763,
          "test_kappa_std": 0.07517983430091423,
          "confusion_matrix": [
            [
              33.84615384615385,
              11.538461538461538,
              54.61538461538462
            ],
            [
              16.0,
              67.0,
              17.0
            ],
            [
              10.0,
              11.538461538461538,
              78.46153846153845
            ]
          ]
        },
        {
          "participant": "3238",
          "train_size": 1,
          "n_seeds": 10,
          "n_train_samples_mean": 3.0,
          "n_test_samples_mean": 39.0,
          "test_acc_mean": 0.5410256410256411,
          "test_acc_std": 0.04264948700811848,
          "test_bal_acc_mean": 0.5410256410256411,
          "test_bal_acc_std": 0.042649487008118464,
          "test_f1_mean": 0.514655708375149,
          "test_f1_std": 0.053533228649555564,
          "test_kappa_mean": 0.3115384615384615,
          "test_kappa_std": 0.0639742305121777,
          "confusion_matrix": [
            [
              35.38461538461538,
              34.61538461538462,
              30.000000000000007
            ],
            [
              7.692307692307692,
              43.84615384615385,
              48.46153846153846
            ],
            [
              3.076923076923077,
              13.846153846153845,
              83.07692307692308
            ]
          ]
        },
        {
          "participant": "3239",
          "train_size": 1,
          "n_seeds": 10,
          "n_train_samples_mean": 3.0,
          "n_test_samples_mean": 34.0,
          "test_acc_mean": 0.6588235294117648,
          "test_acc_std": 0.04842780013815087,
          "test_bal_acc_mean": 0.6641025641025642,
          "test_bal_acc_std": 0.04977630969928348,
          "test_f1_mean": 0.641585977426501,
          "test_f1_std": 0.04987550248460968,
          "test_kappa_mean": 0.4913993383894665,
          "test_kappa_std": 0.0676869924849691,
          "confusion_matrix": [
            [
              49.230769230769226,
              11.538461538461538,
              39.23076923076923
            ],
            [
              8.333333333333332,
              83.33333333333333,
              8.333333333333334
            ],
            [
              18.88888888888889,
              14.444444444444443,
              66.66666666666667
            ]
          ]
        },
        {
          "participant": "3240",
          "train_size": 1,
          "n_seeds": 10,
          "n_train_samples_mean": 3.0,
          "n_test_samples_mean": 37.0,
          "test_acc_mean": 0.6972972972972974,
          "test_acc_std": 0.09345082868389147,
          "test_bal_acc_mean": 0.6978632478632478,
          "test_bal_acc_std": 0.09181240448627737,
          "test_f1_mean": 0.6917847054396907,
          "test_f1_std": 0.09630260924229465,
          "test_kappa_mean": 0.5476017883168524,
          "test_kappa_std": 0.13865866150978046,
          "confusion_matrix": [
            [
              75.83333333333333,
              2.4999999999999996,
              21.666666666666664
            ],
            [
              20.0,
              67.6923076923077,
              12.307692307692308
            ],
            [
              29.166666666666664,
              4.999999999999999,
              65.83333333333333
            ]
          ]
        },
        {
          "participant": "3241",
          "train_size": 1,
          "n_seeds": 10,
          "n_train_samples_mean": 3.0,
          "n_test_samples_mean": 39.0,
          "test_acc_mean": 0.5153846153846153,
          "test_acc_std": 0.07782003172711136,
          "test_bal_acc_mean": 0.5153846153846153,
          "test_bal_acc_std": 0.07782003172711137,
          "test_f1_mean": 0.4903460298913752,
          "test_f1_std": 0.09456523361399007,
          "test_kappa_mean": 0.2730769230769231,
          "test_kappa_std": 0.11673004759066706,
          "confusion_matrix": [
            [
              53.84615384615385,
              20.0,
              26.153846153846153
            ],
            [
              46.15384615384615,
              35.38461538461539,
              18.46153846153846
            ],
            [
              31.538461538461537,
              3.076923076923077,
              65.38461538461539
            ]
          ]
        },
        {
          "participant": "3242",
          "train_size": 1,
          "n_seeds": 10,
          "n_train_samples_mean": 3.0,
          "n_test_samples_mean": 39.0,
          "test_acc_mean": 0.7615384615384616,
          "test_acc_std": 0.11784338167674635,
          "test_bal_acc_mean": 0.7615384615384616,
          "test_bal_acc_std": 0.11784338167674638,
          "test_f1_mean": 0.7476405676962775,
          "test_f1_std": 0.1260604612934438,
          "test_kappa_mean": 0.6423076923076921,
          "test_kappa_std": 0.17676507251511958,
          "confusion_matrix": [
            [
              97.6923076923077,
              2.3076923076923075,
              0.0
            ],
            [
              30.769230769230766,
              66.15384615384616,
              3.076923076923077
            ],
            [
              20.0,
              15.384615384615383,
              64.61538461538461
            ]
          ]
        },
        {
          "participant": "3243",
          "train_size": 1,
          "n_seeds": 10,
          "n_train_samples_mean": 3.0,
          "n_test_samples_mean": 38.0,
          "test_acc_mean": 0.6815789473684211,
          "test_acc_std": 0.09153961647855834,
          "test_bal_acc_mean": 0.6888888888888889,
          "test_bal_acc_std": 0.08903532754598693,
          "test_f1_mean": 0.6461328126777425,
          "test_f1_std": 0.10833994889319772,
          "test_kappa_mean": 0.525175080309874,
          "test_kappa_std": 0.13530305821239266,
          "confusion_matrix": [
            [
              96.66666666666666,
              3.333333333333333,
              0.0
            ],
            [
              9.23076923076923,
              69.23076923076924,
              21.53846153846154
            ],
            [
              36.92307692307692,
              22.307692307692307,
              40.76923076923077
            ]
          ]
        },
        {
          "participant": "3244",
          "train_size": 1,
          "n_seeds": 10,
          "n_train_samples_mean": 3.0,
          "n_test_samples_mean": 39.0,
          "test_acc_mean": 0.6256410256410255,
          "test_acc_std": 0.10270645391999865,
          "test_bal_acc_mean": 0.6256410256410255,
          "test_bal_acc_std": 0.10270645391999865,
          "test_f1_mean": 0.5953835187805969,
          "test_f1_std": 0.11507950282676818,
          "test_kappa_mean": 0.4384615384615384,
          "test_kappa_std": 0.15405968087999797,
          "confusion_matrix": [
            [
              68.46153846153847,
              0.7692307692307693,
              30.769230769230766
            ],
            [
              7.692307692307692,
              89.23076923076924,
              3.076923076923077
            ],
            [
              47.692307692307686,
              22.30769230769231,
              30.000000000000007
            ]
          ]
        },
        {
          "participant": "3245",
          "train_size": 1,
          "n_seeds": 10,
          "n_train_samples_mean": 3.0,
          "n_test_samples_mean": 37.0,
          "test_acc_mean": 0.7702702702702703,
          "test_acc_std": 0.05589943083779665,
          "test_bal_acc_mean": 0.7703962703962703,
          "test_bal_acc_std": 0.06007829096519378,
          "test_f1_mean": 0.7646594057319567,
          "test_f1_std": 0.058359944773412824,
          "test_kappa_mean": 0.6541846389419879,
          "test_kappa_std": 0.0856684608809067,
          "confusion_matrix": [
            [
              70.76923076923077,
              10.000000000000002,
              19.230769230769234
            ],
            [
              15.384615384615383,
              83.07692307692307,
              1.5384615384615385
            ],
            [
              10.0,
              12.727272727272728,
              77.27272727272728
            ]
          ]
        },
        {
          "participant": "3246",
          "train_size": 1,
          "n_seeds": 10,
          "n_train_samples_mean": 3.0,
          "n_test_samples_mean": 39.0,
          "test_acc_mean": 0.5102564102564102,
          "test_acc_std": 0.05330757651115445,
          "test_bal_acc_mean": 0.5102564102564102,
          "test_bal_acc_std": 0.05330757651115445,
          "test_f1_mean": 0.42953994530755474,
          "test_f1_std": 0.08002461199162059,
          "test_kappa_mean": 0.26538461538461544,
          "test_kappa_std": 0.07996136476673169,
          "confusion_matrix": [
            [
              39.99999999999999,
              53.07692307692307,
              6.9230769230769225
            ],
            [
              0.7692307692307693,
              99.23076923076923,
              0.0
            ],
            [
              14.615384615384613,
              71.53846153846153,
              13.846153846153845
            ]
          ]
        },
        {
          "participant": "3247",
          "train_size": 1,
          "n_seeds": 10,
          "n_train_samples_mean": 3.0,
          "n_test_samples_mean": 39.0,
          "test_acc_mean": 0.5461538461538462,
          "test_acc_std": 0.08803833696969635,
          "test_bal_acc_mean": 0.5461538461538462,
          "test_bal_acc_std": 0.08803833696969632,
          "test_f1_mean": 0.5009064442038185,
          "test_f1_std": 0.0848657721605661,
          "test_kappa_mean": 0.31923076923076926,
          "test_kappa_std": 0.1320575054545445,
          "confusion_matrix": [
            [
              53.07692307692307,
              42.30769230769231,
              4.615384615384615
            ],
            [
              10.76923076923077,
              30.0,
              59.23076923076924
            ],
            [
              6.153846153846155,
              13.076923076923077,
              80.76923076923076
            ]
          ]
        },
        {
          "participant": "3248",
          "train_size": 1,
          "n_seeds": 10,
          "n_train_samples_mean": 3.0,
          "n_test_samples_mean": 38.0,
          "test_acc_mean": 0.6526315789473685,
          "test_acc_std": 0.08303269871017006,
          "test_bal_acc_mean": 0.6583333333333333,
          "test_bal_acc_std": 0.08237788403619638,
          "test_f1_mean": 0.6291624776452249,
          "test_f1_std": 0.09567725124517457,
          "test_kappa_mean": 0.478406918918824,
          "test_kappa_std": 0.12464423053457244,
          "confusion_matrix": [
            [
              87.5,
              0.8333333333333333,
              11.666666666666668
            ],
            [
              2.3076923076923075,
              58.46153846153847,
              39.230769230769226
            ],
            [
              6.9230769230769225,
              41.53846153846153,
              51.53846153846153
            ]
          ]
        },
        {
          "participant": "3250",
          "train_size": 1,
          "n_seeds": 10,
          "n_train_samples_mean": 3.0,
          "n_test_samples_mean": 39.0,
          "test_acc_mean": 0.5333333333333334,
          "test_acc_std": 0.08865847849497395,
          "test_bal_acc_mean": 0.5333333333333334,
          "test_bal_acc_std": 0.08865847849497395,
          "test_f1_mean": 0.5057912804514988,
          "test_f1_std": 0.09163220727883564,
          "test_kappa_mean": 0.3,
          "test_kappa_std": 0.13298771774246093,
          "confusion_matrix": [
            [
              68.46153846153845,
              2.3076923076923075,
              29.230769230769226
            ],
            [
              11.538461538461538,
              66.15384615384616,
              22.307692307692307
            ],
            [
              40.76923076923077,
              33.846153846153854,
              25.38461538461538
            ]
          ]
        }
      ]
    },
    {
      "aggregated": {
        "train_size": 2,
        "n_participants": 36,
        "n_seeds": 10,
        "test_acc_mean": 0.6628579224673469,
        "test_acc_std": 0.12154504751512864,
        "test_bal_acc_mean": 0.6652342873176207,
        "test_bal_acc_std": 0.12351784784816212,
        "test_f1_mean": 0.6405927058656461,
        "test_f1_std": 0.14051484335381692,
        "test_kappa_mean": 0.49240337792621347,
        "test_kappa_std": 0.18162409733655818,
        "confusion_matrix": [
          [
            67.35479797979798,
            17.396885521885523,
            15.2483164983165
          ],
          [
            10.021043771043772,
            67.91806958473623,
            22.060886644219977
          ],
          [
            13.547839506172838,
            22.15474186307519,
            64.29741863075196
          ]
        ]
      },
      "per_participant": [
        {
          "participant": "3208",
          "train_size": 2,
          "n_seeds": 10,
          "n_train_samples_mean": 6.0,
          "n_test_samples_mean": 36.0,
          "test_acc_mean": 0.6083333333333334,
          "test_acc_std": 0.08013406119784741,
          "test_bal_acc_mean": 0.6083333333333334,
          "test_bal_acc_std": 0.08013406119784738,
          "test_f1_mean": 0.6086520782334957,
          "test_f1_std": 0.08129631102057017,
          "test_kappa_mean": 0.4125,
          "test_kappa_std": 0.12020109179677112,
          "confusion_matrix": [
            [
              59.16666666666667,
              28.333333333333332,
              12.499999999999996
            ],
            [
              13.333333333333332,
              57.5,
              29.166666666666664
            ],
            [
              2.4999999999999996,
              31.666666666666664,
              65.83333333333333
            ]
          ]
        },
        {
          "participant": "3209",
          "train_size": 2,
          "n_seeds": 10,
          "n_train_samples_mean": 6.0,
          "n_test_samples_mean": 35.0,
          "test_acc_mean": 0.6057142857142856,
          "test_acc_std": 0.05520524474738835,
          "test_bal_acc_mean": 0.5909090909090909,
          "test_bal_acc_std": 0.05469437624492662,
          "test_f1_mean": 0.5161596319772953,
          "test_f1_std": 0.06572804259627534,
          "test_kappa_mean": 0.40055988921509994,
          "test_kappa_std": 0.0841884860704946,
          "confusion_matrix": [
            [
              96.66666666666666,
              3.333333333333333,
              0.0
            ],
            [
              26.666666666666668,
              73.33333333333334,
              0.0
            ],
            [
              49.09090909090908,
              43.63636363636363,
              7.272727272727273
            ]
          ]
        },
        {
          "participant": "3214",
          "train_size": 2,
          "n_seeds": 10,
          "n_train_samples_mean": 6.0,
          "n_test_samples_mean": 36.0,
          "test_acc_mean": 0.5694444444444444,
