{
  "name": "pose_perf_ecg",
  "config": {
    "n_seeds": 10,
    "feature_selection": "backward",
    "use_pca": false,
    "pca_variance": 0.95,
    "write_cm": true,
    "tune_hyperparameters": false,
    "tune_n_iter": 30,
    "tune_cv_folds": 5,
    "use_pose_derivatives": true,
    "use_time_features": false,
    "class_config": "all",
    "include_order": false,
    "name": "pose_perf_ecg",
    "feature_groups": [
      "pose",
      "performance",
      "ecg"
    ],
    "split_strategy": "participant_specific",
    "sampling_strategy": "temporal_stratified"
  },
  "sampling_strategy": "temporal_stratified",
  "n_seeds": 10,
  "learning_curve": [
    {
      "aggregated": {
        "train_size": 1,
        "n_participants": 37,
        "n_seeds": 10,
        "test_acc_mean": 0.6327769527769529,
        "test_acc_std": 0.11643032353960339,
        "test_bal_acc_mean": 0.6334950334950337,
        "test_bal_acc_std": 0.11677486083720079,
        "test_f1_mean": 0.6041973461320734,
        "test_f1_std": 0.13311969823243575,
        "test_kappa_mean": 0.44963384532498213,
        "test_kappa_std": 0.1748402535201365,
        "confusion_matrix": [
          [
            60.06237006237008,
            20.831600831600827,
            19.106029106029105
          ],
          [
            12.245322245322244,
            65.03118503118503,
            22.72349272349272
          ],
          [
            13.776853776853777,
            21.268191268191266,
            64.95495495495494
          ]
        ]
      },
      "per_participant": [
        {
          "participant": "3208",
          "train_size": 1,
          "n_seeds": 10,
          "n_train_samples_mean": 3.0,
          "n_test_samples_mean": 39.0,
          "test_acc_mean": 0.653846153846154,
          "test_acc_std": 0.05571967867694571,
          "test_bal_acc_mean": 0.653846153846154,
          "test_bal_acc_std": 0.05571967867694569,
          "test_f1_mean": 0.6293980564713425,
          "test_f1_std": 0.06133986349181333,
          "test_kappa_mean": 0.4807692307692307,
          "test_kappa_std": 0.08357951801541855,
          "confusion_matrix": [
            [
              82.3076923076923,
              6.9230769230769225,
              10.76923076923077
            ],
            [
              34.61538461538461,
              37.69230769230769,
              27.69230769230769
            ],
            [
              10.0,
              13.846153846153845,
              76.15384615384616
            ]
          ]
        },
        {
          "participant": "3209",
          "train_size": 1,
          "n_seeds": 10,
          "n_train_samples_mean": 3.0,
          "n_test_samples_mean": 39.0,
          "test_acc_mean": 0.4282051282051282,
          "test_acc_std": 0.04842466828791552,
          "test_bal_acc_mean": 0.4282051282051283,
          "test_bal_acc_std": 0.04842466828791553,
          "test_f1_mean": 0.3649213768706262,
          "test_f1_std": 0.05683551066976087,
          "test_kappa_mean": 0.1423076923076923,
          "test_kappa_std": 0.07263700243187328,
          "confusion_matrix": [
            [
              70.0,
              28.46153846153846,
              1.5384615384615385
            ],
            [
              45.38461538461538,
              47.69230769230769,
              6.9230769230769225
            ],
            [
              60.0,
              29.230769230769234,
              10.76923076923077
            ]
          ]
        },
        {
          "participant": "3210",
          "train_size": 1,
          "n_seeds": 10,
          "n_train_samples_mean": 3.0,
          "n_test_samples_mean": 39.0,
          "test_acc_mean": 0.7897435897435898,
          "test_acc_std": 0.05643615049305701,
          "test_bal_acc_mean": 0.7897435897435898,
          "test_bal_acc_std": 0.05643615049305705,
          "test_f1_mean": 0.7683496445648114,
          "test_f1_std": 0.07323662848494324,
          "test_kappa_mean": 0.6846153846153846,
          "test_kappa_std": 0.08465422573958552,
          "confusion_matrix": [
            [
              44.61538461538461,
              40.0,
              15.384615384615383
            ],
            [
              0.0,
              100.0,
              0.0
            ],
            [
              0.0,
              7.692307692307692,
              92.3076923076923
            ]
          ]
        },
        {
          "participant": "3214",
          "train_size": 1,
          "n_seeds": 10,
          "n_train_samples_mean": 3.0,
          "n_test_samples_mean": 39.0,
          "test_acc_mean": 0.6615384615384616,
          "test_acc_std": 0.056436150493057016,
          "test_bal_acc_mean": 0.6615384615384616,
          "test_bal_acc_std": 0.05643615049305701,
          "test_f1_mean": 0.6520803664444351,
          "test_f1_std": 0.052533151411086026,
          "test_kappa_mean": 0.4923076923076922,
          "test_kappa_std": 0.08465422573958553,
          "confusion_matrix": [
            [
              86.15384615384616,
              10.0,
              3.846153846153846
            ],
            [
              1.5384615384615385,
              77.6923076923077,
              20.769230769230766
            ],
            [
              0.0,
              65.38461538461539,
              34.61538461538461
            ]
          ]
        },
        {
          "participant": "3215",
          "train_size": 1,
          "n_seeds": 10,
          "n_train_samples_mean": 3.0,
          "n_test_samples_mean": 39.0,
          "test_acc_mean": 0.5435897435897437,
          "test_acc_std": 0.05896816516465073,
          "test_bal_acc_mean": 0.5435897435897437,
          "test_bal_acc_std": 0.05896816516465073,
          "test_f1_mean": 0.443057896264418,
          "test_f1_std": 0.05574769863540759,
          "test_kappa_mean": 0.31538461538461543,
          "test_kappa_std": 0.0884522477469761,
          "confusion_matrix": [
            [
              88.46153846153847,
              0.0,
              11.538461538461538
            ],
            [
              35.38461538461538,
              1.5384615384615385,
              63.07692307692308
            ],
            [
              26.923076923076923,
              0.0,
              73.07692307692308
            ]
          ]
        },
        {
          "participant": "3216",
          "train_size": 1,
          "n_seeds": 10,
          "n_train_samples_mean": 3.0,
          "n_test_samples_mean": 39.0,
          "test_acc_mean": 0.6256410256410257,
          "test_acc_std": 0.05695155982549635,
          "test_bal_acc_mean": 0.6256410256410257,
          "test_bal_acc_std": 0.05695155982549636,
          "test_f1_mean": 0.6126581450406771,
          "test_f1_std": 0.05982495078854476,
          "test_kappa_mean": 0.4384615384615385,
          "test_kappa_std": 0.08542733973824453,
          "confusion_matrix": [
            [
              85.38461538461537,
              11.538461538461538,
              3.076923076923077
            ],
            [
              19.23076923076923,
              50.76923076923078,
              30.0
            ],
            [
              25.384615384615383,
              23.076923076923073,
              51.53846153846153
            ]
          ]
        },
        {
          "participant": "3217",
          "train_size": 1,
          "n_seeds": 10,
          "n_train_samples_mean": 3.0,
          "n_test_samples_mean": 39.0,
          "test_acc_mean": 0.6512820512820513,
          "test_acc_std": 0.10411926381429783,
          "test_bal_acc_mean": 0.6512820512820514,
          "test_bal_acc_std": 0.10411926381429785,
          "test_f1_mean": 0.6285293425609592,
          "test_f1_std": 0.12237893282155421,
          "test_kappa_mean": 0.4769230769230769,
          "test_kappa_std": 0.15617889572144675,
          "confusion_matrix": [
            [
              38.46153846153846,
              52.3076923076923,
              9.23076923076923
            ],
            [
              8.461538461538462,
              91.53846153846152,
              0.0
            ],
            [
              0.7692307692307693,
              33.84615384615384,
              65.38461538461539
            ]
          ]
        },
        {
          "participant": "3218",
          "train_size": 1,
          "n_seeds": 10,
          "n_train_samples_mean": 3.0,
          "n_test_samples_mean": 39.0,
          "test_acc_mean": 0.8076923076923078,
          "test_acc_std": 0.05303279335893528,
          "test_bal_acc_mean": 0.8076923076923078,
          "test_bal_acc_std": 0.053032793358935286,
          "test_f1_mean": 0.8013410628131383,
          "test_f1_std": 0.0579652003570927,
          "test_kappa_mean": 0.7115384615384615,
          "test_kappa_std": 0.07954919003840293,
          "confusion_matrix": [
            [
              97.6923076923077,
              2.3076923076923075,
              0.0
            ],
            [
              12.307692307692308,
              75.38461538461539,
              12.307692307692307
            ],
            [
              0.7692307692307693,
              29.999999999999993,
              69.23076923076924
            ]
          ]
        },
        {
          "participant": "3219",
          "train_size": 1,
          "n_seeds": 10,
          "n_train_samples_mean": 3.0,
          "n_test_samples_mean": 39.0,
          "test_acc_mean": 0.48974358974358967,
          "test_acc_std": 0.06216443263578865,
          "test_bal_acc_mean": 0.48974358974358967,
          "test_bal_acc_std": 0.06216443263578867,
          "test_f1_mean": 0.4651721809562369,
          "test_f1_std": 0.07049074601563815,
          "test_kappa_mean": 0.23461538461538461,
          "test_kappa_std": 0.09324664895368298,
          "confusion_matrix": [
            [
              46.15384615384615,
              45.38461538461539,
              8.461538461538462
            ],
            [
              26.153846153846153,
              34.61538461538461,
              39.230769230769226
            ],
            [
              33.07692307692307,
              0.7692307692307693,
              66.15384615384615
            ]
          ]
        },
        {
          "participant": "3220",
          "train_size": 1,
          "n_seeds": 10,
          "n_train_samples_mean": 3.0,
          "n_test_samples_mean": 39.0,
          "test_acc_mean": 0.5615384615384615,
          "test_acc_std": 0.07967535853963363,
          "test_bal_acc_mean": 0.5615384615384615,
          "test_bal_acc_std": 0.07967535853963365,
          "test_f1_mean": 0.4810538640264756,
          "test_f1_std": 0.09127441575585538,
          "test_kappa_mean": 0.3423076923076923,
          "test_kappa_std": 0.11951303780945043,
          "confusion_matrix": [
            [
              77.6923076923077,
              22.307692307692307,
              0.0
            ],
            [
              15.384615384615383,
              83.84615384615385,
              0.7692307692307693
            ],
            [
              73.84615384615385,
              19.230769230769234,
              6.9230769230769225
            ]
          ]
        },
        {
          "participant": "3221",
          "train_size": 1,
          "n_seeds": 10,
          "n_train_samples_mean": 3.0,
          "n_test_samples_mean": 39.0,
          "test_acc_mean": 0.7410256410256411,
          "test_acc_std": 0.018919609932631344,
          "test_bal_acc_mean": 0.7410256410256411,
          "test_bal_acc_std": 0.018919609932631278,
          "test_f1_mean": 0.730813850372176,
          "test_f1_std": 0.026932277787307276,
          "test_kappa_mean": 0.6115384615384616,
          "test_kappa_std": 0.02837941489894702,
          "confusion_matrix": [
            [
              78.46153846153847,
              19.23076923076923,
              2.3076923076923075
            ],
            [
              7.692307692307692,
              90.76923076923076,
              1.5384615384615385
            ],
            [
              24.615384615384617,
              22.307692307692307,
              53.07692307692308
            ]
          ]
        },
        {
          "participant": "3223",
          "train_size": 1,
          "n_seeds": 10,
          "n_train_samples_mean": 3.0,
          "n_test_samples_mean": 39.0,
          "test_acc_mean": 0.5923076923076923,
          "test_acc_std": 0.07094531955366544,
          "test_bal_acc_mean": 0.5923076923076923,
          "test_bal_acc_std": 0.0709453195536654,
          "test_f1_mean": 0.5550004347650302,
          "test_f1_std": 0.08350736707824137,
          "test_kappa_mean": 0.38846153846153847,
          "test_kappa_std": 0.10641797933049811,
          "confusion_matrix": [
            [
              28.461538461538463,
              22.30769230769231,
              49.23076923076923
            ],
            [
              0.7692307692307693,
              92.3076923076923,
              6.9230769230769225
            ],
            [
              0.7692307692307693,
              42.30769230769231,
              56.92307692307693
            ]
          ]
        },
        {
          "participant": "3224",
          "train_size": 1,
          "n_seeds": 10,
          "n_train_samples_mean": 3.0,
          "n_test_samples_mean": 39.0,
          "test_acc_mean": 0.7512820512820513,
          "test_acc_std": 0.05545684853849004,
          "test_bal_acc_mean": 0.7512820512820513,
          "test_bal_acc_std": 0.05545684853849005,
          "test_f1_mean": 0.7404273874363105,
          "test_f1_std": 0.06554479953278407,
          "test_kappa_mean": 0.6269230769230769,
          "test_kappa_std": 0.08318527280773505,
          "confusion_matrix": [
            [
              79.23076923076921,
              6.153846153846154,
              14.615384615384617
            ],
            [
              23.076923076923077,
              55.38461538461538,
              21.538461538461537
            ],
            [
              4.615384615384615,
              4.615384615384615,
              90.76923076923075
            ]
          ]
        },
        {
          "participant": "3225",
          "train_size": 1,
          "n_seeds": 10,
          "n_train_samples_mean": 3.0,
          "n_test_samples_mean": 39.0,
          "test_acc_mean": 0.45384615384615384,
          "test_acc_std": 0.04689185204904342,
          "test_bal_acc_mean": 0.45384615384615384,
          "test_bal_acc_std": 0.04689185204904342,
          "test_f1_mean": 0.4165300929806655,
          "test_f1_std": 0.05620070318232214,
          "test_kappa_mean": 0.1807692307692308,
          "test_kappa_std": 0.07033777807356514,
          "confusion_matrix": [
            [
              84.61538461538461,
              13.846153846153845,
              1.5384615384615385
            ],
            [
              40.76923076923077,
              35.38461538461539,
              23.846153846153847
            ],
            [
              0.0,
              83.84615384615384,
              16.153846153846153
            ]
          ]
        },
        {
          "participant": "3226",
          "train_size": 1,
          "n_seeds": 10,
          "n_train_samples_mean": 3.0,
          "n_test_samples_mean": 39.0,
          "test_acc_mean": 0.4948717948717948,
          "test_acc_std": 0.06169258951322594,
          "test_bal_acc_mean": 0.4948717948717948,
          "test_bal_acc_std": 0.061692589513225954,
          "test_f1_mean": 0.43631654897165345,
          "test_f1_std": 0.07341264142361417,
          "test_kappa_mean": 0.24230769230769228,
          "test_kappa_std": 0.09253888426983892,
          "confusion_matrix": [
            [
              10.76923076923077,
              66.15384615384616,
              23.076923076923073
            ],
            [
              0.7692307692307693,
              63.84615384615385,
              35.38461538461539
            ],
            [
              0.0,
              26.153846153846153,
              73.84615384615387
            ]
          ]
        },
        {
          "participant": "3227",
          "train_size": 1,
          "n_seeds": 10,
          "n_train_samples_mean": 3.0,
          "n_test_samples_mean": 39.0,
          "test_acc_mean": 0.5794871794871795,
          "test_acc_std": 0.1075701382738617,
          "test_bal_acc_mean": 0.5794871794871795,
          "test_bal_acc_std": 0.10757013827386168,
          "test_f1_mean": 0.5468785173783035,
          "test_f1_std": 0.13361866873617728,
          "test_kappa_mean": 0.36923076923076925,
          "test_kappa_std": 0.16135520741079257,
          "confusion_matrix": [
            [
              35.38461538461538,
              64.61538461538461,
              0.0
            ],
            [
              0.0,
              54.61538461538462,
              45.38461538461539
            ],
            [
              0.0,
              16.153846153846153,
              83.84615384615385
            ]
          ]
        },
        {
          "participant": "3228",
          "train_size": 1,
          "n_seeds": 10,
          "n_train_samples_mean": 3.0,
          "n_test_samples_mean": 39.0,
          "test_acc_mean": 0.5641025641025641,
          "test_acc_std": 0.07644676846153127,
          "test_bal_acc_mean": 0.5641025641025641,
          "test_bal_acc_std": 0.07644676846153124,
          "test_f1_mean": 0.5236421023852759,
          "test_f1_std": 0.10161827108124262,
          "test_kappa_mean": 0.34615384615384615,
          "test_kappa_std": 0.11467015269229691,
          "confusion_matrix": [
            [
              21.53846153846154,
              77.6923076923077,
              0.7692307692307693
            ],
            [
              0.0,
              89.23076923076923,
              10.76923076923077
            ],
            [
              0.0,
              41.53846153846153,
              58.46153846153847
            ]
          ]
        },
        {
          "participant": "3229",
          "train_size": 1,
          "n_seeds": 10,
          "n_train_samples_mean": 3.0,
          "n_test_samples_mean": 39.0,
          "test_acc_mean": 0.5641025641025641,
          "test_acc_std": 0.0512820512820513,
          "test_bal_acc_mean": 0.5641025641025642,
          "test_bal_acc_std": 0.051282051282051294,
          "test_f1_mean": 0.5238749819938272,
          "test_f1_std": 0.06444515989530678,
          "test_kappa_mean": 0.34615384615384615,
          "test_kappa_std": 0.07692307692307694,
          "confusion_matrix": [
            [
              48.46153846153847,
              7.692307692307692,
              43.846153846153854
            ],
            [
              49.230769230769226,
              25.384615384615387,
              25.38461538461538
            ],
            [
              3.846153846153846,
              0.7692307692307693,
              95.38461538461539
            ]
          ]
        },
        {
          "participant": "3230",
          "train_size": 1,
          "n_seeds": 10,
          "n_train_samples_mean": 3.0,
          "n_test_samples_mean": 39.0,
          "test_acc_mean": 0.6102564102564102,
          "test_acc_std": 0.05771604449960389,
          "test_bal_acc_mean": 0.6102564102564102,
          "test_bal_acc_std": 0.05771604449960388,
          "test_f1_mean": 0.5837164680510099,
          "test_f1_std": 0.08120920284218147,
          "test_kappa_mean": 0.4153846153846154,
          "test_kappa_std": 0.08657406674940579,
          "confusion_matrix": [
            [
              33.84615384615385,
              3.076923076923077,
              63.07692307692308
            ],
            [
              16.153846153846153,
              69.23076923076924,
              14.615384615384617
            ],
            [
              13.076923076923077,
              6.9230769230769225,
              79.99999999999999
            ]
          ]
        },
        {
          "participant": "3232",
          "train_size": 1,
          "n_seeds": 10,
          "n_train_samples_mean": 3.0,
          "n_test_samples_mean": 39.0,
          "test_acc_mean": 0.5923076923076922,
          "test_acc_std": 0.07967535853963362,
          "test_bal_acc_mean": 0.5923076923076922,
          "test_bal_acc_std": 0.07967535853963363,
          "test_f1_mean": 0.5616393793223887,
          "test_f1_std": 0.0993167317217265,
          "test_kappa_mean": 0.3884615384615385,
          "test_kappa_std": 0.11951303780945041,
          "confusion_matrix": [
            [
              32.30769230769231,
              20.0,
              47.69230769230769
            ],
            [
              3.076923076923077,
              56.15384615384615,
              40.769230769230774
            ],
            [
              6.153846153846154,
              4.615384615384615,
              89.23076923076923
            ]
          ]
        },
        {
          "participant": "3233",
          "train_size": 1,
          "n_seeds": 10,
          "n_train_samples_mean": 3.0,
          "n_test_samples_mean": 39.0,
          "test_acc_mean": 0.8179487179487179,
          "test_acc_std": 0.07094531955366541,
          "test_bal_acc_mean": 0.8179487179487179,
          "test_bal_acc_std": 0.07094531955366543,
          "test_f1_mean": 0.8168120419716962,
          "test_f1_std": 0.07288264110195007,
          "test_kappa_mean": 0.7269230769230768,
          "test_kappa_std": 0.1064179793304981,
          "confusion_matrix": [
            [
              66.15384615384616,
              20.769230769230766,
              13.076923076923077
            ],
            [
              0.0,
              96.92307692307693,
              3.076923076923077
            ],
            [
              0.0,
              17.69230769230769,
              82.3076923076923
            ]
          ]
        },
        {
          "participant": "3234",
          "train_size": 1,
          "n_seeds": 10,
          "n_train_samples_mean": 3.0,
          "n_test_samples_mean": 39.0,
          "test_acc_mean": 0.4641025641025641,
          "test_acc_std": 0.047510913195512115,
          "test_bal_acc_mean": 0.4641025641025641,
          "test_bal_acc_std": 0.04751091319551213,
          "test_f1_mean": 0.39201438981551423,
          "test_f1_std": 0.048623160176946637,
          "test_kappa_mean": 0.19615384615384612,
          "test_kappa_std": 0.07126636979326818,
          "confusion_matrix": [
            [
              82.30769230769229,
              0.0,
              17.69230769230769
            ],
            [
              13.076923076923077,
              5.384615384615385,
              81.53846153846155
            ],
            [
              48.46153846153847,
              0.0,
              51.53846153846155
            ]
          ]
        },
        {
          "participant": "3235",
          "train_size": 1,
          "n_seeds": 10,
          "n_train_samples_mean": 3.0,
          "n_test_samples_mean": 39.0,
          "test_acc_mean": 0.7666666666666666,
          "test_acc_std": 0.0371573762722806,
          "test_bal_acc_mean": 0.7666666666666666,
          "test_bal_acc_std": 0.037157376272280614,
          "test_f1_mean": 0.7601005017643974,
          "test_f1_std": 0.0416744710144266,
          "test_kappa_mean": 0.65,
          "test_kappa_std": 0.05573606440842093,
          "confusion_matrix": [
            [
              96.92307692307692,
              3.076923076923077,
              0.0
            ],
            [
              26.153846153846153,
              70.0,
              3.846153846153846
            ],
            [
              10.76923076923077,
              26.153846153846153,
              63.07692307692307
            ]
          ]
        },
        {
          "participant": "3236",
          "train_size": 1,
          "n_seeds": 10,
          "n_train_samples_mean": 3.0,
          "n_test_samples_mean": 39.0,
          "test_acc_mean": 0.5333333333333334,
          "test_acc_std": 0.06816205824744236,
          "test_bal_acc_mean": 0.5333333333333334,
          "test_bal_acc_std": 0.06816205824744234,
          "test_f1_mean": 0.5203142469804678,
          "test_f1_std": 0.0673542101581849,
          "test_kappa_mean": 0.3,
          "test_kappa_std": 0.10224308737116354,
          "confusion_matrix": [
            [
              55.384615384615394,
              24.615384615384617,
              20.0
            ],
            [
              0.0,
              56.15384615384615,
              43.84615384615385
            ],
            [
              36.15384615384615,
              15.384615384615381,
              48.46153846153845
            ]
          ]
        },
        {
          "participant": "3237",
          "train_size": 1,
          "n_seeds": 10,
          "n_train_samples_mean": 3.0,
          "n_test_samples_mean": 39.0,
          "test_acc_mean": 0.6564102564102564,
          "test_acc_std": 0.0812640295658442,
          "test_bal_acc_mean": 0.6564102564102564,
          "test_bal_acc_std": 0.08126402956584415,
          "test_f1_mean": 0.6390590032217538,
          "test_f1_std": 0.0802244755028731,
          "test_kappa_mean": 0.48461538461538456,
          "test_kappa_std": 0.12189604434876629,
          "confusion_matrix": [
            [
              43.07692307692308,
              3.076923076923077,
              53.846153846153854
            ],
            [
              29.999999999999993,
              68.46153846153847,
              1.5384615384615385
            ],
            [
              13.076923076923077,
              1.5384615384615385,
              85.38461538461539
            ]
          ]
        },
        {
          "participant": "3238",
          "train_size": 1,
          "n_seeds": 10,
          "n_train_samples_mean": 3.0,
          "n_test_samples_mean": 39.0,
          "test_acc_mean": 0.5384615384615385,
          "test_acc_std": 0.04008902358823445,
          "test_bal_acc_mean": 0.5384615384615385,
          "test_bal_acc_std": 0.04008902358823444,
          "test_f1_mean": 0.49934697664868316,
          "test_f1_std": 0.058095264157914155,
          "test_kappa_mean": 0.30769230769230765,
          "test_kappa_std": 0.060133535382351645,
          "confusion_matrix": [
            [
              25.384615384615387,
              23.076923076923077,
              51.53846153846153
            ],
            [
              2.3076923076923075,
              41.53846153846153,
              56.15384615384615
            ],
            [
              0.0,
              5.384615384615385,
              94.61538461538461
            ]
          ]
        },
        {
          "participant": "3239",
          "train_size": 1,
          "n_seeds": 10,
          "n_train_samples_mean": 3.0,
          "n_test_samples_mean": 35.0,
          "test_acc_mean": 0.6742857142857143,
          "test_acc_std": 0.11679778831814014,
          "test_bal_acc_mean": 0.7008547008547008,
          "test_bal_acc_std": 0.10224705666624706,
          "test_f1_mean": 0.6543693809410133,
          "test_f1_std": 0.12739167881558286,
          "test_kappa_mean": 0.5287599693320333,
          "test_kappa_std": 0.15973636084787748,
          "confusion_matrix": [
            [
              39.99999999999999,
              4.615384615384615,
              55.384615384615394
            ],
            [
              6.153846153846154,
              76.92307692307692,
              16.923076923076923
            ],
            [
              6.666666666666666,
              0.0,
              93.33333333333334
            ]
          ]
        },
        {
          "participant": "3240",
          "train_size": 1,
          "n_seeds": 10,
          "n_train_samples_mean": 3.0,
          "n_test_samples_mean": 39.0,
          "test_acc_mean": 0.8076923076923078,
          "test_acc_std": 0.07377212180184643,
          "test_bal_acc_mean": 0.8076923076923078,
          "test_bal_acc_std": 0.07377212180184646,
          "test_f1_mean": 0.8045212423499967,
          "test_f1_std": 0.07760944191602806,
          "test_kappa_mean": 0.7115384615384615,
          "test_kappa_std": 0.11065818270276966,
          "confusion_matrix": [
            [
              72.3076923076923,
              5.384615384615385,
              22.3076923076923
            ],
            [
              0.0,
              86.92307692307692,
              13.076923076923077
            ],
            [
              15.384615384615383,
              1.5384615384615385,
              83.07692307692307
            ]
          ]
        },
        {
          "participant": "3241",
          "train_size": 1,
          "n_seeds": 10,
          "n_train_samples_mean": 3.0,
          "n_test_samples_mean": 39.0,
          "test_acc_mean": 0.6282051282051283,
          "test_acc_std": 0.05020230822423391,
          "test_bal_acc_mean": 0.6282051282051283,
          "test_bal_acc_std": 0.050202308224233924,
          "test_f1_mean": 0.6088961849379022,
          "test_f1_std": 0.06186581950413767,
          "test_kappa_mean": 0.44230769230769235,
          "test_kappa_std": 0.07530346233635081,
          "confusion_matrix": [
            [
              39.23076923076923,
              40.76923076923077,
              19.999999999999996
            ],
            [
              10.0,
              70.0,
              19.999999999999993
            ],
            [
              17.69230769230769,
              3.076923076923077,
              79.23076923076924
            ]
          ]
        },
        {
          "participant": "3242",
          "train_size": 1,
          "n_seeds": 10,
          "n_train_samples_mean": 3.0,
          "n_test_samples_mean": 39.0,
          "test_acc_mean": 0.8461538461538461,
          "test_acc_std": 0.05669444086077608,
          "test_bal_acc_mean": 0.8461538461538461,
          "test_bal_acc_std": 0.05669444086077606,
          "test_f1_mean": 0.8432302012864377,
          "test_f1_std": 0.057709312947262344,
          "test_kappa_mean": 0.7692307692307692,
          "test_kappa_std": 0.08504166129116407,
          "confusion_matrix": [
            [
              100.0,
              0.0,
              0.0
            ],
            [
              22.30769230769231,
              77.69230769230771,
              0.0
            ],
            [
              6.153846153846154,
              17.692307692307693,
              76.15384615384616
            ]
          ]
        },
        {
          "participant": "3243",
          "train_size": 1,
          "n_seeds": 10,
          "n_train_samples_mean": 3.0,
          "n_test_samples_mean": 39.0,
          "test_acc_mean": 0.6871794871794872,
          "test_acc_std": 0.07130479868244174,
          "test_bal_acc_mean": 0.6871794871794872,
          "test_bal_acc_std": 0.07130479868244173,
          "test_f1_mean": 0.6814724427714622,
          "test_f1_std": 0.06993513360755386,
          "test_kappa_mean": 0.5307692307692308,
          "test_kappa_std": 0.10695719802366262,
          "confusion_matrix": [
            [
              92.3076923076923,
              2.3076923076923075,
              5.384615384615385
            ],
            [
              1.5384615384615385,
              56.153846153846146,
              42.30769230769231
            ],
            [
              1.5384615384615385,
              40.76923076923076,
              57.69230769230769
            ]
          ]
        },
        {
          "participant": "3244",
          "train_size": 1,
          "n_seeds": 10,
          "n_train_samples_mean": 3.0,
          "n_test_samples_mean": 39.0,
          "test_acc_mean": 0.7307692307692307,
          "test_acc_std": 0.0675700354736833,
          "test_bal_acc_mean": 0.7307692307692306,
          "test_bal_acc_std": 0.06757003547368329,
          "test_f1_mean": 0.6887972903549311,
          "test_f1_std": 0.10189168953672482,
          "test_kappa_mean": 0.5961538461538461,
          "test_kappa_std": 0.10135505321052497,
          "confusion_matrix": [
            [
              80.76923076923077,
              0.0,
              19.23076923076923
            ],
            [
              0.0,
              99.23076923076924,
              0.7692307692307693
            ],
            [
              35.38461538461538,
              25.38461538461538,
              39.23076923076923
            ]
          ]
        },
        {
          "participant": "3245",
          "train_size": 1,
          "n_seeds": 10,
          "n_train_samples_mean": 3.0,
          "n_test_samples_mean": 39.0,
          "test_acc_mean": 0.8487179487179487,
          "test_acc_std": 0.0519191198238887,
          "test_bal_acc_mean": 0.8487179487179487,
          "test_bal_acc_std": 0.0519191198238887,
          "test_f1_mean": 0.8429983541822766,
          "test_f1_std": 0.0547925015624819,
          "test_kappa_mean": 0.773076923076923,
          "test_kappa_std": 0.07787867973583303,
          "confusion_matrix": [
            [
              69.23076923076924,
              16.923076923076927,
              13.846153846153845
            ],
            [
              0.7692307692307693,
              99.23076923076923,
              0.0
            ],
            [
              3.846153846153846,
              10.0,
              86.15384615384615
            ]
          ]
        },
        {
          "participant": "3246",
          "train_size": 1,
          "n_seeds": 10,
          "n_train_samples_mean": 3.0,
          "n_test_samples_mean": 39.0,
          "test_acc_mean": 0.5794871794871794,
          "test_acc_std": 0.07272494832882959,
          "test_bal_acc_mean": 0.5794871794871794,
          "test_bal_acc_std": 0.07272494832882954,
          "test_f1_mean": 0.5280038579974725,
          "test_f1_std": 0.09093833306514558,
          "test_kappa_mean": 0.36923076923076925,
          "test_kappa_std": 0.10908742249324434,
          "confusion_matrix": [
            [
              32.30769230769231,
              48.46153846153847,
              19.230769230769234
            ],
            [
              0.0,
              100.0,
              0.0
            ],
            [
              15.384615384615381,
              43.07692307692308,
              41.53846153846154
            ]
          ]
        },
        {
          "participant": "3247",
          "train_size": 1,
          "n_seeds": 10,
          "n_train_samples_mean": 3.0,
          "n_test_samples_mean": 39.0,
          "test_acc_mean": 0.5230769230769231,
          "test_acc_std": 0.08215805019280628,
          "test_bal_acc_mean": 0.5230769230769231,
          "test_bal_acc_std": 0.08215805019280627,
          "test_f1_mean": 0.49416947689866786,
          "test_f1_std": 0.09706037640122019,
          "test_kappa_mean": 0.2846153846153846,
          "test_kappa_std": 0.12323707528920938,
          "confusion_matrix": [
            [
              40.769230769230774,
              54.61538461538462,
              4.615384615384615
            ],
            [
              0.0,
              26.153846153846153,
              73.84615384615384
            ],
            [
              0.0,
              10.0,
              90.0
            ]
          ]
        },
        {
          "participant": "3248",
          "train_size": 1,
          "n_seeds": 10,
          "n_train_samples_mean": 3.0,
          "n_test_samples_mean": 39.0,
          "test_acc_mean": 0.6256410256410257,
          "test_acc_std": 0.06531614760527453,
          "test_bal_acc_mean": 0.6256410256410257,
          "test_bal_acc_std": 0.06531614760527453,
          "test_f1_mean": 0.6128014229561595,
          "test_f1_std": 0.07044271492982299,
          "test_kappa_mean": 0.4384615384615384,
          "test_kappa_std": 0.09797422140791179,
          "confusion_matrix": [
            [
              72.30769230769229,
              2.3076923076923075,
              25.384615384615387
            ],
            [
              0.7692307692307693,
              62.30769230769231,
              36.92307692307692
            ],
            [
              2.3076923076923075,
              44.61538461538461,
              53.07692307692308
            ]
          ]
        },
        {
          "participant": "3250",
          "train_size": 1,
          "n_seeds": 10,
          "n_train_samples_mean": 3.0,
          "n_test_samples_mean": 39.0,
          "test_acc_mean": 0.5282051282051283,
          "test_acc_std": 0.061869952378987556,
          "test_bal_acc_mean": 0.5282051282051283,
          "test_bal_acc_std": 0.06186995237898755,
          "test_f1_mean": 0.5029930921381183,
          "test_f1_std": 0.05896657892549432,
          "test_kappa_mean": 0.2923076923076923,
          "test_kappa_std": 0.09280492856848134,
          "confusion_matrix": [
            [
              43.84615384615385,
              0.7692307692307693,
              55.38461538461538
            ],
            [
              0.0,
              79.99999999999999,
              19.999999999999996
            ],
            [
              13.076923076923077,
              52.30769230769231,
              34.61538461538461
            ]
          ]
        }
      ]
    },
    {
      "aggregated": {
        "train_size": 2,
        "n_participants": 37,
        "n_seeds": 10,
        "test_acc_mean": 0.7019237987987987,
        "test_acc_std": 0.13302082363022957,
        "test_bal_acc_mean": 0.7024774774774774,
        "test_bal_acc_std": 0.13344225197586473,
        "test_f1_mean": 0.6833844547642735,
        "test_f1_std": 0.1530980021625439,
        "test_kappa_mean": 0.553053011047526,
        "test_kappa_std": 0.19964846348232534,
        "confusion_matrix": [
          [
            69.12162162162163,
            17.297297297297302,
            13.581081081081079
          ],
          [
            8.828828828828827,
            70.87837837837837,
            20.292792792792795
          ],
          [
            10.090090090090088,
            19.166666666666668,
            70.74324324324326
          ]
        ]
      },
      "per_participant": [
        {
          "participant": "3208",
          "train_size": 2,
          "n_seeds": 10,
          "n_train_samples_mean": 6.0,
          "n_test_samples_mean": 36.0,
          "test_acc_mean": 0.6805555555555556,
          "test_acc_std": 0.06176696325984413,
          "test_bal_acc_mean": 0.6805555555555556,
          "test_bal_acc_std": 0.06176696325984412,
          "test_f1_mean": 0.6754006015727214,
          "test_f1_std": 0.0607987347865308,
          "test_kappa_mean": 0.5208333333333334,
          "test_kappa_std": 0.09265044488976623,
          "confusion_matrix": [
            [
              69.16666666666667,
              24.166666666666664,
              6.666666666666664
            ],
            [
              22.499999999999996,
              53.333333333333336,
              24.166666666666664
            ],
            [
              2.4999999999999996,
              15.833333333333332,
              81.66666666666666
            ]
          ]
        },
        {
          "participant": "3209",
          "train_size": 2,
          "n_seeds": 10,
          "n_train_samples_mean": 6.0,
          "n_test_samples_mean": 36.0,
          "test_acc_mean": 0.5194444444444444,
          "test_acc_std": 0.04151205883603686,
          "test_bal_acc_mean": 0.5194444444444444,
          "test_bal_acc_std": 0.04151205883603684,
