{
  "name": "pose",
  "config": {
    "n_seeds": 10,
    "feature_selection": "backward",
    "use_pca": false,
    "pca_variance": 0.95,
    "write_cm": true,
    "tune_hyperparameters": false,
    "tune_n_iter": 30,
    "tune_cv_folds": 5,
    "use_pose_derivatives": true,
    "use_time_features": false,
    "class_config": "all",
    "include_order": false,
    "name": "pose",
    "feature_groups": [
      "pose"
    ],
    "split_strategy": "participant_specific",
    "sampling_strategy": "temporal_stratified"
  },
  "sampling_strategy": "temporal_stratified",
  "n_seeds": 10,
  "learning_curve": [
    {
      "aggregated": {
        "train_size": 1,
        "n_participants": 45,
        "n_seeds": 10,
        "test_acc_mean": 0.6005779405779406,
        "test_acc_std": 0.13485486362917096,
        "test_bal_acc_mean": 0.6005887939221273,
        "test_bal_acc_std": 0.13485718742905703,
        "test_f1_mean": 0.5718594272909411,
        "test_f1_std": 0.15371250334476666,
        "test_kappa_mean": 0.40091864062651755,
        "test_kappa_std": 0.20229357501318623,
        "confusion_matrix": [
          [
            63.7094017094017,
            17.401709401709393,
            18.88888888888889
          ],
          [
            13.948717948717952,
            58.854700854700866,
            27.196581196581196
          ],
          [
            24.009496676163344,
            18.377967711301046,
            57.61253561253562
          ]
        ]
      },
      "per_participant": [
        {
          "participant": "3105",
          "train_size": 1,
          "n_seeds": 10,
          "n_train_samples_mean": 3.0,
          "n_test_samples_mean": 39.0,
          "test_acc_mean": 0.6641025641025642,
          "test_acc_std": 0.07687557887784224,
          "test_bal_acc_mean": 0.6641025641025642,
          "test_bal_acc_std": 0.07687557887784226,
          "test_f1_mean": 0.5797957570174914,
          "test_f1_std": 0.11291093734365876,
          "test_kappa_mean": 0.49615384615384617,
          "test_kappa_std": 0.11531336831676339,
          "confusion_matrix": [
            [
              95.38461538461539,
              3.846153846153846,
              0.7692307692307693
            ],
            [
              1.5384615384615385,
              10.76923076923077,
              87.6923076923077
            ],
            [
              6.153846153846154,
              0.7692307692307693,
              93.07692307692307
            ]
          ]
        },
        {
          "participant": "3206",
          "train_size": 1,
          "n_seeds": 10,
          "n_train_samples_mean": 3.0,
          "n_test_samples_mean": 39.0,
          "test_acc_mean": 0.2948717948717949,
          "test_acc_std": 0.036762073790780454,
          "test_bal_acc_mean": 0.2948717948717948,
          "test_bal_acc_std": 0.036762073790780454,
          "test_f1_mean": 0.21419676867112045,
          "test_f1_std": 0.03940035447140707,
          "test_kappa_mean": -0.0576923076923078,
          "test_kappa_std": 0.05514311068617064,
          "confusion_matrix": [
            [
              73.84615384615384,
              13.846153846153845,
              12.307692307692308
            ],
            [
              93.84615384615384,
              4.615384615384615,
              1.5384615384615385
            ],
            [
              78.46153846153847,
              11.538461538461538,
              10.0
            ]
          ]
        },
        {
          "participant": "3207",
          "train_size": 1,
          "n_seeds": 10,
          "n_train_samples_mean": 3.0,
          "n_test_samples_mean": 39.0,
          "test_acc_mean": 0.541025641025641,
          "test_acc_std": 0.06778591473127642,
          "test_bal_acc_mean": 0.541025641025641,
          "test_bal_acc_std": 0.06778591473127642,
          "test_f1_mean": 0.5055810566172773,
          "test_f1_std": 0.08186705924847777,
          "test_kappa_mean": 0.3115384615384616,
          "test_kappa_std": 0.10167887209691462,
          "confusion_matrix": [
            [
              27.69230769230769,
              65.38461538461539,
              6.9230769230769225
            ],
            [
              8.461538461538462,
              83.84615384615384,
              7.692307692307692
            ],
            [
              29.999999999999993,
              19.230769230769234,
              50.76923076923077
            ]
          ]
        },
        {
          "participant": "3208",
          "train_size": 1,
          "n_seeds": 10,
          "n_train_samples_mean": 3.0,
          "n_test_samples_mean": 39.0,
          "test_acc_mean": 0.5487179487179488,
          "test_acc_std": 0.06642515975290751,
          "test_bal_acc_mean": 0.5487179487179488,
          "test_bal_acc_std": 0.06642515975290751,
          "test_f1_mean": 0.5166148977949415,
          "test_f1_std": 0.08380989783030407,
          "test_kappa_mean": 0.3230769230769231,
          "test_kappa_std": 0.09963773962936127,
          "confusion_matrix": [
            [
              93.07692307692308,
              0.0,
              6.9230769230769225
            ],
            [
              48.46153846153847,
              33.846153846153854,
              17.692307692307693
            ],
            [
              62.3076923076923,
              0.0,
              37.69230769230769
            ]
          ]
        },
        {
          "participant": "3209",
          "train_size": 1,
          "n_seeds": 10,
          "n_train_samples_mean": 3.0,
          "n_test_samples_mean": 39.0,
          "test_acc_mean": 0.6025641025641025,
          "test_acc_std": 0.08220249599004849,
          "test_bal_acc_mean": 0.6025641025641025,
          "test_bal_acc_std": 0.08220249599004846,
          "test_f1_mean": 0.5825622453363606,
          "test_f1_std": 0.09806051944604108,
          "test_kappa_mean": 0.40384615384615385,
          "test_kappa_std": 0.12330374398507271,
          "confusion_matrix": [
            [
              79.23076923076923,
              20.76923076923077,
              0.0
            ],
            [
              35.38461538461538,
              62.30769230769231,
              2.3076923076923075
            ],
            [
              43.07692307692308,
              17.692307692307693,
              39.23076923076923
            ]
          ]
        },
        {
          "participant": "3210",
          "train_size": 1,
          "n_seeds": 10,
          "n_train_samples_mean": 3.0,
          "n_test_samples_mean": 39.0,
          "test_acc_mean": 0.9256410256410257,
          "test_acc_std": 0.06559515847640988,
          "test_bal_acc_mean": 0.9256410256410257,
          "test_bal_acc_std": 0.06559515847640991,
          "test_f1_mean": 0.9242899965793958,
          "test_f1_std": 0.06802625418062923,
          "test_kappa_mean": 0.8884615384615385,
          "test_kappa_std": 0.09839273771461485,
          "confusion_matrix": [
            [
              87.6923076923077,
              12.307692307692308,
              0.0
            ],
            [
              0.0,
              100.0,
              0.0
            ],
            [
              0.0,
              10.000000000000002,
              90.0
            ]
          ]
        },
        {
          "participant": "3211",
          "train_size": 1,
          "n_seeds": 10,
          "n_train_samples_mean": 3.0,
          "n_test_samples_mean": 39.0,
          "test_acc_mean": 0.4333333333333333,
          "test_acc_std": 0.07396990264416685,
          "test_bal_acc_mean": 0.4333333333333333,
          "test_bal_acc_std": 0.07396990264416686,
          "test_f1_mean": 0.3534931251155556,
          "test_f1_std": 0.1178508017350026,
          "test_kappa_mean": 0.15000000000000002,
          "test_kappa_std": 0.1109548539662503,
          "confusion_matrix": [
            [
              27.692307692307697,
              72.3076923076923,
              0.0
            ],
            [
              10.000000000000002,
              88.46153846153847,
              1.5384615384615385
            ],
            [
              6.153846153846153,
              80.00000000000001,
              13.846153846153845
            ]
          ]
        },
        {
          "participant": "3213",
          "train_size": 1,
          "n_seeds": 10,
          "n_train_samples_mean": 3.0,
          "n_test_samples_mean": 39.0,
          "test_acc_mean": 0.6820512820512821,
          "test_acc_std": 0.04221910781274689,
          "test_bal_acc_mean": 0.6820512820512821,
          "test_bal_acc_std": 0.042219107812746924,
          "test_f1_mean": 0.6749619184685638,
          "test_f1_std": 0.04254577722211311,
          "test_kappa_mean": 0.523076923076923,
          "test_kappa_std": 0.06332866171912035,
          "confusion_matrix": [
            [
              50.769230769230774,
              40.0,
              9.23076923076923
            ],
            [
              3.846153846153846,
              68.46153846153847,
              27.69230769230769
            ],
            [
              7.692307692307692,
              6.9230769230769225,
              85.38461538461539
            ]
          ]
        },
        {
          "participant": "3214",
          "train_size": 1,
          "n_seeds": 10,
          "n_train_samples_mean": 3.0,
          "n_test_samples_mean": 39.0,
          "test_acc_mean": 0.6051282051282052,
          "test_acc_std": 0.07372259368494985,
          "test_bal_acc_mean": 0.6051282051282052,
          "test_bal_acc_std": 0.07372259368494985,
          "test_f1_mean": 0.6124046881165098,
          "test_f1_std": 0.06772833016052428,
          "test_kappa_mean": 0.4076923076923077,
          "test_kappa_std": 0.11058389052742473,
          "confusion_matrix": [
            [
              81.53846153846155,
              13.076923076923077,
              5.384615384615385
            ],
            [
              1.5384615384615385,
              56.15384615384615,
              42.30769230769231
            ],
            [
              0.0,
              56.15384615384615,
              43.84615384615384
            ]
          ]
        },
        {
          "participant": "3215",
          "train_size": 1,
          "n_seeds": 10,
          "n_train_samples_mean": 3.0,
          "n_test_samples_mean": 39.0,
          "test_acc_mean": 0.4,
          "test_acc_std": 0.047124952998599035,
          "test_bal_acc_mean": 0.4,
          "test_bal_acc_std": 0.047124952998599035,
          "test_f1_mean": 0.28579885370390384,
          "test_f1_std": 0.05418358865192859,
          "test_kappa_mean": 0.09999999999999999,
          "test_kappa_std": 0.07068742949789861,
          "confusion_matrix": [
            [
              96.92307692307693,
              0.0,
              3.076923076923077
            ],
            [
              71.53846153846155,
              1.5384615384615385,
              26.923076923076923
            ],
            [
              76.92307692307693,
              1.5384615384615385,
              21.538461538461537
            ]
          ]
        },
        {
          "participant": "3216",
          "train_size": 1,
          "n_seeds": 10,
          "n_train_samples_mean": 3.0,
          "n_test_samples_mean": 39.0,
          "test_acc_mean": 0.5999999999999999,
          "test_acc_std": 0.058220124327953524,
          "test_bal_acc_mean": 0.5999999999999999,
          "test_bal_acc_std": 0.05822012432795348,
          "test_f1_mean": 0.5781881446557169,
          "test_f1_std": 0.06737407364364424,
          "test_kappa_mean": 0.4,
          "test_kappa_std": 0.08733018649193028,
          "confusion_matrix": [
            [
              93.07692307692308,
              3.076923076923077,
              3.846153846153846
            ],
            [
              14.615384615384617,
              40.0,
              45.38461538461538
            ],
            [
              29.230769230769226,
              23.846153846153847,
              46.92307692307692
            ]
          ]
        },
        {
          "participant": "3217",
          "train_size": 1,
          "n_seeds": 10,
          "n_train_samples_mean": 3.0,
          "n_test_samples_mean": 39.0,
          "test_acc_mean": 0.6923076923076923,
          "test_acc_std": 0.0435813633640409,
          "test_bal_acc_mean": 0.6923076923076923,
          "test_bal_acc_std": 0.04358136336404088,
          "test_f1_mean": 0.6866364122546111,
          "test_f1_std": 0.05122830496247137,
          "test_kappa_mean": 0.5384615384615384,
          "test_kappa_std": 0.06537204504606133,
          "confusion_matrix": [
            [
              47.69230769230769,
              46.92307692307691,
              5.384615384615385
            ],
            [
              2.3076923076923075,
              83.84615384615385,
              13.846153846153845
            ],
            [
              0.0,
              23.846153846153847,
              76.15384615384616
            ]
          ]
        },
        {
          "participant": "3218",
          "train_size": 1,
          "n_seeds": 10,
          "n_train_samples_mean": 3.0,
          "n_test_samples_mean": 39.0,
          "test_acc_mean": 0.8948717948717949,
          "test_acc_std": 0.07196763909408849,
          "test_bal_acc_mean": 0.8948717948717949,
          "test_bal_acc_std": 0.07196763909408847,
          "test_f1_mean": 0.8895445757681817,
          "test_f1_std": 0.08439993862062084,
          "test_kappa_mean": 0.8423076923076923,
          "test_kappa_std": 0.10795145864113277,
          "confusion_matrix": [
            [
              100.0,
              0.0,
              0.0
            ],
            [
              2.3076923076923075,
              89.23076923076923,
              8.461538461538462
            ],
            [
              1.5384615384615385,
              19.230769230769234,
              79.23076923076924
            ]
          ]
        },
        {
          "participant": "3219",
          "train_size": 1,
          "n_seeds": 10,
          "n_train_samples_mean": 3.0,
          "n_test_samples_mean": 39.0,
          "test_acc_mean": 0.3666666666666666,
          "test_acc_std": 0.07649453277013486,
          "test_bal_acc_mean": 0.3666666666666667,
          "test_bal_acc_std": 0.07649453277013488,
          "test_f1_mean": 0.3408564785755749,
          "test_f1_std": 0.09951270442471975,
          "test_kappa_mean": 0.05,
          "test_kappa_std": 0.11474179915520227,
          "confusion_matrix": [
            [
              30.769230769230766,
              49.23076923076923,
              20.000000000000004
            ],
            [
              45.38461538461539,
              24.615384615384617,
              30.0
            ],
            [
              41.53846153846154,
              3.846153846153846,
              54.61538461538462
            ]
          ]
        },
        {
          "participant": "3220",
          "train_size": 1,
          "n_seeds": 10,
          "n_train_samples_mean": 3.0,
          "n_test_samples_mean": 39.0,
          "test_acc_mean": 0.5897435897435896,
          "test_acc_std": 0.11467015269229693,
          "test_bal_acc_mean": 0.5897435897435896,
          "test_bal_acc_std": 0.11467015269229691,
          "test_f1_mean": 0.5463348113702818,
          "test_f1_std": 0.13418551986616672,
          "test_kappa_mean": 0.3846153846153847,
          "test_kappa_std": 0.17200522903844537,
          "confusion_matrix": [
            [
              46.15384615384616,
              43.07692307692308,
              10.76923076923077
            ],
            [
              3.076923076923077,
              94.61538461538461,
              2.3076923076923075
            ],
            [
              34.615384615384606,
              29.230769230769234,
              36.15384615384615
            ]
          ]
        },
        {
          "participant": "3221",
          "train_size": 1,
          "n_seeds": 10,
          "n_train_samples_mean": 3.0,
          "n_test_samples_mean": 39.0,
          "test_acc_mean": 0.5256410256410258,
          "test_acc_std": 0.1020285161223361,
          "test_bal_acc_mean": 0.5256410256410258,
          "test_bal_acc_std": 0.10202851612233609,
          "test_f1_mean": 0.45423467777043386,
          "test_f1_std": 0.10404156770076459,
          "test_kappa_mean": 0.28846153846153844,
          "test_kappa_std": 0.15304277418350418,
          "confusion_matrix": [
            [
              72.30769230769232,
              26.923076923076923,
              0.7692307692307693
            ],
            [
              18.46153846153846,
              77.69230769230771,
              3.846153846153846
            ],
            [
              70.76923076923076,
              21.538461538461537,
              7.692307692307692
            ]
          ]
        },
        {
          "participant": "3222",
          "train_size": 1,
          "n_seeds": 10,
          "n_train_samples_mean": 3.0,
          "n_test_samples_mean": 39.0,
          "test_acc_mean": 0.4666666666666667,
          "test_acc_std": 0.07027283689263066,
          "test_bal_acc_mean": 0.4666666666666667,
          "test_bal_acc_std": 0.07027283689263066,
          "test_f1_mean": 0.39462095184655543,
          "test_f1_std": 0.10231921282255638,
          "test_kappa_mean": 0.2,
          "test_kappa_std": 0.10540925533894599,
          "confusion_matrix": [
            [
              35.38461538461538,
              0.0,
              64.61538461538461
            ],
            [
              5.384615384615385,
              10.76923076923077,
              83.84615384615384
            ],
            [
              6.153846153846154,
              0.0,
              93.84615384615384
            ]
          ]
        },
        {
          "participant": "3223",
          "train_size": 1,
          "n_seeds": 10,
          "n_train_samples_mean": 3.0,
          "n_test_samples_mean": 39.0,
          "test_acc_mean": 0.5,
          "test_acc_std": 0.06537204504606135,
          "test_bal_acc_mean": 0.5,
          "test_bal_acc_std": 0.06537204504606135,
          "test_f1_mean": 0.4689788027712378,
          "test_f1_std": 0.07581359078081719,
          "test_kappa_mean": 0.25,
          "test_kappa_std": 0.09805806756909202,
          "confusion_matrix": [
            [
              30.769230769230766,
              14.615384615384619,
              54.61538461538462
            ],
            [
              3.846153846153846,
              81.53846153846155,
              14.615384615384613
            ],
            [
              4.615384615384615,
              57.69230769230769,
              37.69230769230769
            ]
          ]
        },
        {
          "participant": "3224",
          "train_size": 1,
          "n_seeds": 10,
          "n_train_samples_mean": 3.0,
          "n_test_samples_mean": 39.0,
          "test_acc_mean": 0.7025641025641025,
          "test_acc_std": 0.03860372577995288,
          "test_bal_acc_mean": 0.7025641025641025,
          "test_bal_acc_std": 0.03860372577995289,
          "test_f1_mean": 0.6827726631408578,
          "test_f1_std": 0.056655013944677333,
          "test_kappa_mean": 0.5538461538461539,
          "test_kappa_std": 0.0579055886699293,
          "confusion_matrix": [
            [
              74.61538461538461,
              2.3076923076923075,
              23.076923076923077
            ],
            [
              33.84615384615385,
              44.61538461538461,
              21.53846153846154
            ],
            [
              8.461538461538462,
              0.0,
              91.53846153846152
            ]
          ]
        },
        {
          "participant": "3225",
          "train_size": 1,
          "n_seeds": 10,
          "n_train_samples_mean": 3.0,
          "n_test_samples_mean": 39.0,
          "test_acc_mean": 0.5615384615384615,
          "test_acc_std": 0.05049249739398953,
          "test_bal_acc_mean": 0.5615384615384615,
          "test_bal_acc_std": 0.0504924973939895,
          "test_f1_mean": 0.5610212928310916,
          "test_f1_std": 0.04117144126360235,
          "test_kappa_mean": 0.3423076923076923,
          "test_kappa_std": 0.07573874609098427,
          "confusion_matrix": [
            [
              89.23076923076923,
              6.153846153846153,
              4.615384615384615
            ],
            [
              3.076923076923077,
              36.92307692307692,
              60.0
            ],
            [
              0.0,
              57.69230769230769,
              42.30769230769231
            ]
          ]
        },
        {
          "participant": "3226",
          "train_size": 1,
          "n_seeds": 10,
          "n_train_samples_mean": 3.0,
          "n_test_samples_mean": 39.0,
          "test_acc_mean": 0.47948717948717945,
          "test_acc_std": 0.06169258951322594,
          "test_bal_acc_mean": 0.47948717948717956,
          "test_bal_acc_std": 0.061692589513225954,
          "test_f1_mean": 0.44757124693023453,
          "test_f1_std": 0.06908243256055376,
          "test_kappa_mean": 0.2192307692307692,
          "test_kappa_std": 0.09253888426983893,
          "confusion_matrix": [
            [
              23.076923076923077,
              63.84615384615385,
              13.076923076923077
            ],
            [
              6.9230769230769225,
              66.15384615384616,
              26.923076923076923
            ],
            [
              3.076923076923077,
              42.30769230769231,
              54.61538461538462
            ]
          ]
        },
        {
          "participant": "3227",
          "train_size": 1,
          "n_seeds": 10,
          "n_train_samples_mean": 3.0,
          "n_test_samples_mean": 39.0,
          "test_acc_mean": 0.6384615384615384,
          "test_acc_std": 0.030697923070201638,
          "test_bal_acc_mean": 0.6384615384615383,
          "test_bal_acc_std": 0.030697923070201638,
          "test_f1_mean": 0.6145591068391081,
          "test_f1_std": 0.03691593035746975,
          "test_kappa_mean": 0.4576923076923077,
          "test_kappa_std": 0.046046884605302506,
          "confusion_matrix": [
            [
              63.07692307692307,
              27.69230769230769,
              9.23076923076923
            ],
            [
              1.5384615384615385,
              32.30769230769231,
              66.15384615384616
            ],
            [
              0.7692307692307693,
              3.076923076923077,
              96.15384615384616
            ]
          ]
        },
        {
          "participant": "3228",
          "train_size": 1,
          "n_seeds": 10,
          "n_train_samples_mean": 3.0,
          "n_test_samples_mean": 39.0,
          "test_acc_mean": 0.6820512820512821,
          "test_acc_std": 0.03461274654925911,
          "test_bal_acc_mean": 0.6820512820512821,
          "test_bal_acc_std": 0.03461274654925914,
          "test_f1_mean": 0.677831889068784,
          "test_f1_std": 0.03676579270822602,
          "test_kappa_mean": 0.5230769230769232,
          "test_kappa_std": 0.05191911982388865,
          "confusion_matrix": [
            [
              43.07692307692307,
              56.92307692307693,
              0.0
            ],
            [
              0.0,
              92.30769230769229,
              7.692307692307692
            ],
            [
              0.0,
              30.769230769230774,
              69.23076923076924
            ]
          ]
        },
        {
          "participant": "3229",
          "train_size": 1,
          "n_seeds": 10,
          "n_train_samples_mean": 3.0,
          "n_test_samples_mean": 39.0,
          "test_acc_mean": 0.5307692307692307,
          "test_acc_std": 0.06401703696093677,
          "test_bal_acc_mean": 0.5307692307692307,
          "test_bal_acc_std": 0.06401703696093677,
          "test_f1_mean": 0.5027709107054383,
          "test_f1_std": 0.0831961845615095,
          "test_kappa_mean": 0.29615384615384616,
          "test_kappa_std": 0.09602555544140517,
          "confusion_matrix": [
            [
              43.846153846153854,
              1.5384615384615385,
              54.61538461538462
            ],
            [
              10.76923076923077,
              29.230769230769234,
              60.0
            ],
            [
              11.538461538461538,
              2.3076923076923075,
              86.15384615384616
            ]
          ]
        },
        {
          "participant": "3230",
          "train_size": 1,
          "n_seeds": 10,
          "n_train_samples_mean": 3.0,
          "n_test_samples_mean": 39.0,
          "test_acc_mean": 0.47435897435897434,
          "test_acc_std": 0.0543928293220421,
          "test_bal_acc_mean": 0.47435897435897434,
          "test_bal_acc_std": 0.05439282932204211,
          "test_f1_mean": 0.47181147254892364,
          "test_f1_std": 0.03814888725439325,
          "test_kappa_mean": 0.2115384615384616,
          "test_kappa_std": 0.08158924398306318,
          "confusion_matrix": [
            [
              23.846153846153847,
              3.846153846153846,
              72.3076923076923
            ],
            [
              16.923076923076923,
              67.6923076923077,
              15.384615384615383
            ],
            [
              45.384615384615394,
              3.846153846153846,
              50.769230769230774
            ]
          ]
        },
        {
          "participant": "3231",
          "train_size": 1,
          "n_seeds": 10,
          "n_train_samples_mean": 3.0,
          "n_test_samples_mean": 39.0,
          "test_acc_mean": 0.5435897435897437,
          "test_acc_std": 0.079995616798616,
          "test_bal_acc_mean": 0.5435897435897437,
          "test_bal_acc_std": 0.07999561679861601,
          "test_f1_mean": 0.5346426972134714,
          "test_f1_std": 0.09268137804084363,
          "test_kappa_mean": 0.3153846153846154,
          "test_kappa_std": 0.119993425197924,
          "confusion_matrix": [
            [
              46.92307692307693,
              0.7692307692307693,
              52.30769230769231
            ],
            [
              13.846153846153845,
              49.23076923076923,
              36.92307692307692
            ],
            [
              32.30769230769231,
              0.7692307692307693,
              66.92307692307693
            ]
          ]
        },
        {
          "participant": "3232",
          "train_size": 1,
          "n_seeds": 10,
          "n_train_samples_mean": 3.0,
          "n_test_samples_mean": 39.0,
          "test_acc_mean": 0.5538461538461539,
          "test_acc_std": 0.0706874294978986,
          "test_bal_acc_mean": 0.5538461538461539,
          "test_bal_acc_std": 0.07068742949789858,
          "test_f1_mean": 0.5063100574372102,
          "test_f1_std": 0.09064720748499314,
          "test_kappa_mean": 0.33076923076923076,
          "test_kappa_std": 0.10603114424684787,
          "confusion_matrix": [
            [
              39.23076923076923,
              12.307692307692308,
              48.46153846153846
            ],
            [
              23.076923076923077,
              26.923076923076923,
              50.0
            ],
            [
              0.0,
              0.0,
              100.0
            ]
          ]
        },
        {
          "participant": "3233",
          "train_size": 1,
          "n_seeds": 10,
          "n_train_samples_mean": 3.0,
          "n_test_samples_mean": 39.0,
          "test_acc_mean": 0.8128205128205128,
          "test_acc_std": 0.05675882979789399,
          "test_bal_acc_mean": 0.8128205128205129,
          "test_bal_acc_std": 0.05675882979789398,
          "test_f1_mean": 0.8127006256372715,
          "test_f1_std": 0.056382891448711024,
          "test_kappa_mean": 0.7192307692307692,
          "test_kappa_std": 0.08513824469684096,
          "confusion_matrix": [
            [
              76.15384615384615,
              4.615384615384615,
              19.230769230769234
            ],
            [
              0.0,
              85.38461538461539,
              14.615384615384619
            ],
            [
              0.0,
              17.692307692307693,
              82.3076923076923
            ]
          ]
        },
        {
          "participant": "3234",
          "train_size": 1,
          "n_seeds": 10,
          "n_train_samples_mean": 3.0,
          "n_test_samples_mean": 39.0,
          "test_acc_mean": 0.4564102564102564,
          "test_acc_std": 0.04490230952671347,
          "test_bal_acc_mean": 0.4564102564102564,
          "test_bal_acc_std": 0.04490230952671351,
          "test_f1_mean": 0.38585523058776283,
          "test_f1_std": 0.05783761852220823,
          "test_kappa_mean": 0.18461538461538463,
          "test_kappa_std": 0.06735346429007026,
          "confusion_matrix": [
            [
              97.6923076923077,
              0.0,
              2.3076923076923075
            ],
            [
              24.61538461538462,
              13.846153846153845,
              61.53846153846155
            ],
            [
              73.84615384615384,
              0.7692307692307693,
              25.384615384615387
            ]
          ]
        },
        {
          "participant": "3235",
          "train_size": 1,
          "n_seeds": 10,
          "n_train_samples_mean": 3.0,
          "n_test_samples_mean": 39.0,
          "test_acc_mean": 0.6717948717948719,
          "test_acc_std": 0.07529133519844528,
          "test_bal_acc_mean": 0.6717948717948719,
          "test_bal_acc_std": 0.07529133519844526,
          "test_f1_mean": 0.6491065259854216,
          "test_f1_std": 0.08086894741015895,
          "test_kappa_mean": 0.5076923076923077,
          "test_kappa_std": 0.11293700279766791,
          "confusion_matrix": [
            [
              90.00000000000001,
              8.461538461538462,
              1.5384615384615385
            ],
            [
              23.846153846153847,
              75.38461538461539,
              0.7692307692307693
            ],
            [
              37.692307692307686,
              26.15384615384615,
              36.15384615384615
            ]
          ]
        },
        {
          "participant": "3236",
          "train_size": 1,
          "n_seeds": 10,
          "n_train_samples_mean": 3.0,
          "n_test_samples_mean": 39.0,
          "test_acc_mean": 0.4256410256410256,
          "test_acc_std": 0.08215805019280625,
          "test_bal_acc_mean": 0.4256410256410256,
          "test_bal_acc_std": 0.08215805019280628,
          "test_f1_mean": 0.41525284837593046,
          "test_f1_std": 0.08055455782391938,
          "test_kappa_mean": 0.13846153846153847,
          "test_kappa_std": 0.1232370752892094,
          "confusion_matrix": [
            [
              41.53846153846154,
              21.53846153846154,
              36.92307692307692
            ],
            [
              0.0,
              53.84615384615385,
              46.153846153846146
            ],
            [
              45.38461538461539,
              22.30769230769231,
              32.30769230769231
            ]
          ]
        },
        {
          "participant": "3237",
          "train_size": 1,
          "n_seeds": 10,
          "n_train_samples_mean": 3.0,
          "n_test_samples_mean": 39.0,
          "test_acc_mean": 0.6,
          "test_acc_std": 0.07372259368494982,
          "test_bal_acc_mean": 0.6,
          "test_bal_acc_std": 0.07372259368494985,
          "test_f1_mean": 0.5983149398952202,
          "test_f1_std": 0.07181943766618944,
          "test_kappa_mean": 0.4,
          "test_kappa_std": 0.11058389052742475,
          "confusion_matrix": [
            [
              35.38461538461538,
              2.3076923076923075,
              62.30769230769231
            ],
            [
              19.230769230769226,
              72.3076923076923,
              8.461538461538462
            ],
            [
              27.692307692307686,
              0.0,
              72.3076923076923
            ]
          ]
        },
        {
          "participant": "3238",
          "train_size": 1,
          "n_seeds": 10,
          "n_train_samples_mean": 3.0,
          "n_test_samples_mean": 39.0,
          "test_acc_mean": 0.5128205128205128,
          "test_acc_std": 0.054056028378946644,
          "test_bal_acc_mean": 0.5128205128205128,
          "test_bal_acc_std": 0.05405602837894665,
          "test_f1_mean": 0.4867204253166942,
          "test_f1_std": 0.05155166607672342,
          "test_kappa_mean": 0.2692307692307693,
          "test_kappa_std": 0.08108404256841997,
          "confusion_matrix": [
            [
              31.53846153846154,
              28.46153846153846,
              40.0
            ],
            [
              11.538461538461538,
              35.38461538461539,
              53.07692307692308
            ],
            [
              0.0,
              13.076923076923077,
              86.9230769230769
            ]
          ]
        },
        {
          "participant": "3239",
          "train_size": 1,
          "n_seeds": 10,
          "n_train_samples_mean": 3.0,
          "n_test_samples_mean": 35.0,
          "test_acc_mean": 0.6285714285714287,
          "test_acc_std": 0.030116930096841715,
          "test_bal_acc_mean": 0.6290598290598289,
          "test_bal_acc_std": 0.02984435308568884,
          "test_f1_mean": 0.6260837900484932,
          "test_f1_std": 0.03304541865533885,
          "test_kappa_mean": 0.44518498203944057,
          "test_kappa_std": 0.04166841752328342,
          "confusion_matrix": [
            [
              62.30769230769231,
              10.76923076923077,
              26.923076923076923
            ],
            [
              11.538461538461538,
              63.07692307692308,
              25.384615384615387
            ],
            [
              28.888888888888886,
              7.777777777777777,
              63.333333333333336
            ]
          ]
        },
        {
          "participant": "3240",
          "train_size": 1,
          "n_seeds": 10,
          "n_train_samples_mean": 3.0,
          "n_test_samples_mean": 39.0,
          "test_acc_mean": 0.6153846153846154,
          "test_acc_std": 0.05921541222457701,
          "test_bal_acc_mean": 0.6153846153846154,
          "test_bal_acc_std": 0.05921541222457699,
          "test_f1_mean": 0.6110603784144466,
          "test_f1_std": 0.05776943056284677,
          "test_kappa_mean": 0.4230769230769231,
          "test_kappa_std": 0.0888231183368655,
          "confusion_matrix": [
            [
              63.07692307692307,
              3.076923076923077,
              33.846153846153854
            ],
            [
              11.538461538461538,
              77.6923076923077,
              10.76923076923077
            ],
            [
              56.153846153846146,
              0.0,
              43.84615384615384
            ]
          ]
        },
        {
          "participant": "3241",
          "train_size": 1,
          "n_seeds": 10,
          "n_train_samples_mean": 3.0,
          "n_test_samples_mean": 39.0,
          "test_acc_mean": 0.6897435897435897,
          "test_acc_std": 0.049024377434871765,
          "test_bal_acc_mean": 0.6897435897435897,
          "test_bal_acc_std": 0.04902437743487174,
          "test_f1_mean": 0.6823260017271958,
          "test_f1_std": 0.0524977583616722,
          "test_kappa_mean": 0.5346153846153847,
          "test_kappa_std": 0.07353656615230766,
          "confusion_matrix": [
            [
              59.230769230769226,
              10.76923076923077,
              30.0
            ],
            [
              14.615384615384617,
              60.769230769230774,
              24.615384615384617
            ],
            [
              13.076923076923077,
              0.0,
              86.92307692307692
            ]
          ]
        },
        {
          "participant": "3242",
          "train_size": 1,
          "n_seeds": 10,
          "n_train_samples_mean": 3.0,
          "n_test_samples_mean": 39.0,
          "test_acc_mean": 0.8743589743589743,
          "test_acc_std": 0.06447187065178157,
          "test_bal_acc_mean": 0.8743589743589743,
          "test_bal_acc_std": 0.06447187065178162,
          "test_f1_mean": 0.8677909376405732,
          "test_f1_std": 0.0713958838480446,
          "test_kappa_mean": 0.8115384615384615,
          "test_kappa_std": 0.09670780597767237,
          "confusion_matrix": [
            [
              98.46153846153845,
              1.5384615384615385,
              0.0
            ],
            [
              20.0,
              70.76923076923075,
              9.23076923076923
            ],
            [
              0.0,
              6.9230769230769225,
              93.07692307692307
            ]
          ]
        },
        {
          "participant": "3243",
          "train_size": 1,
          "n_seeds": 10,
          "n_train_samples_mean": 3.0,
          "n_test_samples_mean": 39.0,
          "test_acc_mean": 0.7717948717948717,
          "test_acc_std": 0.03299189583866457,
          "test_bal_acc_mean": 0.7717948717948717,
          "test_bal_acc_std": 0.032991895838664576,
          "test_f1_mean": 0.7659453640967171,
          "test_f1_std": 0.03490012047220572,
          "test_kappa_mean": 0.6576923076923077,
          "test_kappa_std": 0.04948784375799687,
          "confusion_matrix": [
            [
              96.92307692307692,
              0.7692307692307693,
              2.3076923076923075
            ],
            [
              0.0,
              68.46153846153847,
              31.538461538461537
            ],
            [
              6.153846153846154,
              27.69230769230769,
              66.15384615384615
            ]
          ]
        },
        {
          "participant": "3244",
          "train_size": 1,
          "n_seeds": 10,
          "n_train_samples_mean": 3.0,
          "n_test_samples_mean": 39.0,
          "test_acc_mean": 0.617948717948718,
          "test_acc_std": 0.0655951584764099,
          "test_bal_acc_mean": 0.617948717948718,
          "test_bal_acc_std": 0.06559515847640988,
          "test_f1_mean": 0.5579618012819805,
          "test_f1_std": 0.07212610144345086,
          "test_kappa_mean": 0.4269230769230769,
          "test_kappa_std": 0.09839273771461482,
          "confusion_matrix": [
            [
              68.46153846153848,
              0.0,
              31.53846153846154
            ],
            [
              0.0,
              100.0,
              0.0
            ],
            [
              43.07692307692308,
              40.0,
              16.923076923076923
            ]
          ]
        },
        {
          "participant": "3245",
          "train_size": 1,
          "n_seeds": 10,
          "n_train_samples_mean": 3.0,
          "n_test_samples_mean": 39.0,
          "test_acc_mean": 0.7615384615384615,
          "test_acc_std": 0.06401703696093676,
          "test_bal_acc_mean": 0.7615384615384615,
          "test_bal_acc_std": 0.06401703696093675,
          "test_f1_mean": 0.7455428827519792,
          "test_f1_std": 0.07152465297718619,
