{
  "name": "ecg",
  "config": {
    "n_seeds": 10,
    "feature_selection": "backward",
    "use_pca": false,
    "pca_variance": 0.95,
    "write_cm": true,
    "tune_hyperparameters": false,
    "tune_n_iter": 30,
    "tune_cv_folds": 5,
    "use_pose_derivatives": true,
    "use_time_features": false,
    "class_config": "all",
    "include_order": false,
    "name": "ecg",
    "feature_groups": [
      "ecg"
    ],
    "split_strategy": "lopo"
  },
  "metrics": {
    "test_acc_mean": 0.395954415954416,
    "test_acc_std": 0.15053024909334478,
    "test_bal_acc_mean": 0.395954415954416,
    "test_bal_acc_std": 0.15053024909334478,
    "test_f1_mean": 0.3596991074628823,
    "test_f1_std": 0.16388836010150978,
    "test_kappa_mean": 0.05798245614035087,
    "test_kappa_std": 0.1595706316045694
  },
  "confusion_matrix": [
    [
      42.44444444444443,
      21.31623931623931,
      31.11111111111111
    ],
    [
      34.9059829059829,
      27.76068376068376,
      32.20512820512819
    ],
    [
      32.32478632478632,
      27.5042735042735,
      40.17094017094017
    ]
  ],
  "participant_results": [
    {
      "participant": "3208",
      "n_seeds": 10,
      "test_acc_mean": 0.4,
      "test_acc_std": 0.036288736930121156,
      "test_bal_acc_mean": 0.4,
      "test_bal_acc_std": 0.036288736930121177,
      "test_f1_mean": 0.325607135683798,
      "test_f1_std": 0.03980421185622141,
      "test_kappa_mean": 0.1,
      "test_kappa_std": 0.05443310539518174,
      "confusion_matrix": [
        [
          84.0,
          6.0,
          10.0
        ],
        [
          58.666666666666664,
          2.0,
          39.33333333333333
        ],
        [
          46.0,
          20.000000000000004,
          34.00000000000001
        ]
      ]
    },
    {
      "participant": "3209",
      "n_seeds": 10,
      "test_acc_mean": 0.23555555555555557,
      "test_acc_std": 0.03345656234262581,
      "test_bal_acc_mean": 0.23555555555555557,
      "test_bal_acc_std": 0.03345656234262582,
      "test_f1_mean": 0.21906180967375583,
      "test_f1_std": 0.03815961266907365,
      "test_kappa_mean": -0.1466666666666667,
      "test_kappa_std": 0.050184843513938704,
      "confusion_matrix": [
        [
          17.333333333333332,
          40.666666666666664,
          42.0
        ],
        [
          54.0,
          6.666666666666667,
          39.33333333333333
        ],
        [
          23.333333333333332,
          30.0,
          46.66666666666667
        ]
      ]
    },
    {
      "participant": "3210",
      "n_seeds": 10,
      "test_acc_mean": 0.5466666666666666,
      "test_acc_std": 0.028109134757052262,
      "test_bal_acc_mean": 0.5466666666666666,
      "test_bal_acc_std": 0.028109134757052276,
      "test_f1_mean": 0.5398790187477083,
      "test_f1_std": 0.03091754382651859,
      "test_kappa_mean": 0.32000000000000006,
      "test_kappa_std": 0.0421637021355784,
      "confusion_matrix": [
        [
          39.33333333333333,
          20.666666666666664,
          40.0
        ],
        [
          6.0,
          50.0,
          44.0
        ],
        [
          9.333333333333334,
          16.000000000000004,
          74.66666666666666
        ]
      ]
    },
    {
      "participant": "3214",
      "n_seeds": 10,
      "test_acc_mean": 0.4977777777777777,
      "test_acc_std": 0.02388817110606977,
      "test_bal_acc_mean": 0.49777777777777776,
      "test_bal_acc_std": 0.023888171106069778,
      "test_f1_mean": 0.3957549567307491,
      "test_f1_std": 0.02204339310265482,
      "test_kappa_mean": 0.24666666666666667,
      "test_kappa_std": 0.0358322566591047,
      "confusion_matrix": [
        [
          0.0,
          21.999999999999996,
          78.0
        ],
        [
          0.0,
          91.33333333333333,
          8.666666666666668
        ],
        [
          0.0,
          42.0,
          58.0
        ]
      ]
    },
    {
      "participant": "3215",
      "n_seeds": 10,
      "test_acc_mean": 0.4688888888888889,
      "test_acc_std": 0.01945766746157584,
      "test_bal_acc_mean": 0.4688888888888889,
      "test_bal_acc_std": 0.01945766746157583,
      "test_f1_mean": 0.4155248815124727,
      "test_f1_std": 0.021743476114837564,
      "test_kappa_mean": 0.2033333333333333,
      "test_kappa_std": 0.02918650119236379,
      "confusion_matrix": [
        [
          78.66666666666666,
          0.0,
          21.333333333333336
        ],
        [
          44.66666666666667,
          9.333333333333332,
          46.00000000000001
        ],
        [
          28.0,
          19.333333333333336,
          52.666666666666664
        ]
      ]
    },
    {
      "participant": "3216",
      "n_seeds": 10,
      "test_acc_mean": 0.3733333333333333,
      "test_acc_std": 0.0273171687623493,
      "test_bal_acc_mean": 0.3733333333333333,
      "test_bal_acc_std": 0.027317168762349287,
      "test_f1_mean": 0.31526373682859427,
      "test_f1_std": 0.03825951477756775,
      "test_kappa_mean": 0.059999999999999984,
      "test_kappa_std": 0.04097575314352394,
      "confusion_matrix": [
        [
          10.666666666666668,
          48.66666666666667,
          40.66666666666667
        ],
        [
          0.0,
          21.333333333333332,
          78.66666666666666
        ],
        [
          6.666666666666666,
          13.333333333333332,
          80.0
        ]
      ]
    },
    {
      "participant": "3217",
      "n_seeds": 10,
      "test_acc_mean": 0.40888888888888886,
      "test_acc_std": 0.03505825056651623,
      "test_bal_acc_mean": 0.40888888888888886,
      "test_bal_acc_std": 0.03505825056651623,
      "test_f1_mean": 0.34720414601825295,
      "test_f1_std": 0.04375278658087296,
      "test_kappa_mean": 0.11333333333333333,
      "test_kappa_std": 0.05258737584977438,
      "confusion_matrix": [
        [
          88.66666666666666,
          2.0,
          9.333333333333334
        ],
        [
          67.99999999999999,
          19.333333333333336,
          12.666666666666668
        ],
        [
          76.0,
          9.333333333333334,
          14.666666666666668
        ]
      ]
    },
    {
      "participant": "3218",
      "n_seeds": 10,
      "test_acc_mean": 0.6066666666666667,
      "test_acc_std": 0.021081851067789197,
      "test_bal_acc_mean": 0.6066666666666667,
      "test_bal_acc_std": 0.021081851067789224,
      "test_f1_mean": 0.5631908234513598,
      "test_f1_std": 0.019149160230666897,
      "test_kappa_mean": 0.41000000000000003,
      "test_kappa_std": 0.031622776601683784,
      "confusion_matrix": [
        [
          90.66666666666666,
          8.666666666666668,
          0.6666666666666667
        ],
        [
          13.999999999999996,
          70.66666666666666,
          15.333333333333334
        ],
        [
          41.99999999999999,
          37.33333333333333,
          20.666666666666664
        ]
      ]
    },
    {
      "participant": "3219",
      "n_seeds": 10,
      "test_acc_mean": 0.36222222222222217,
      "test_acc_std": 0.05548143203281187,
      "test_bal_acc_mean": 0.36222222222222217,
      "test_bal_acc_std": 0.055481432032811855,
      "test_f1_mean": 0.3221289732249503,
      "test_f1_std": 0.05592555921423664,
      "test_kappa_mean": 0.043333333333333265,
      "test_kappa_std": 0.0832221480492178,
      "confusion_matrix": [
        [
          70.66666666666667,
          7.333333333333333,
          21.999999999999996
        ],
        [
          73.33333333333334,
          24.666666666666664,
          2.0
        ],
        [
          39.33333333333333,
          47.33333333333333,
          13.333333333333332
        ]
      ]
    },
    {
      "participant": "3220",
      "n_seeds": 10,
      "test_acc_mean": 0.33555555555555555,
      "test_acc_std": 0.02209842057803897,
      "test_bal_acc_mean": 0.33555555555555555,
      "test_bal_acc_std": 0.02209842057803896,
      "test_f1_mean": 0.33948673771739113,
      "test_f1_std": 0.02324513626450536,
      "test_kappa_mean": 0.003333333333333288,
      "test_kappa_std": 0.033147630867058436,
      "confusion_matrix": [
        [
          33.33333333333332,
          54.666666666666664,
          12.0
        ],
        [
          48.666666666666664,
          37.33333333333333,
          14.0
        ],
        [
          35.99999999999999,
          33.99999999999999,
          29.999999999999993
        ]
      ]
    },
    {
      "participant": "3221",
      "n_seeds": 10,
      "test_acc_mean": 0.33333333333333337,
      "test_acc_std": 0.020951312035156967,
      "test_bal_acc_mean": 0.33333333333333337,
      "test_bal_acc_std": 0.020951312035156967,
      "test_f1_mean": 0.31166309277734955,
      "test_f1_std": 0.025211665251544453,
      "test_kappa_mean": -4.4408920985006264e-17,
      "test_kappa_std": 0.03142696805273549,
      "confusion_matrix": [
        [
          33.333333333333336,
          10.0,
          56.66666666666667
        ],
        [
          8.000000000000002,
          8.666666666666668,
          83.33333333333334
        ],
        [
          12.0,
          29.999999999999993,
          58.0
        ]
      ]
    },
    {
      "participant": "3223",
      "n_seeds": 10,
      "test_acc_mean": 0.017777777777777778,
      "test_acc_std": 0.009369711585684087,
      "test_bal_acc_mean": 0.017777777777777778,
      "test_bal_acc_std": 0.009369711585684087,
      "test_f1_mean": 0.031617647058823535,
      "test_f1_std": 0.016681478104017128,
      "test_kappa_mean": -0.4733333333333333,
      "test_kappa_std": 0.014054567378526176,
      "confusion_matrix": [
        [
          0.0,
          0.0,
          100.0
        ],
        [
          94.66666666666667,
          5.333333333333333,
          0.0
        ],
        [
          93.33333333333334,
          6.666666666666666,
          0.0
        ]
      ]
    },
    {
      "participant": "3224",
      "n_seeds": 10,
      "test_acc_mean": 0.428888888888889,
      "test_acc_std": 0.031514144275826134,
      "test_bal_acc_mean": 0.4288888888888889,
      "test_bal_acc_std": 0.03151414427582614,
      "test_f1_mean": 0.38856190053616213,
      "test_f1_std": 0.03913010889438102,
      "test_kappa_mean": 0.1433333333333333,
      "test_kappa_std": 0.047271216413739214,
      "confusion_matrix": [
        [
          38.666666666666664,
          12.666666666666664,
          48.666666666666664
        ],
        [
          27.333333333333325,
          12.0,
          60.666666666666664
        ],
        [
          0.6666666666666667,
          21.333333333333336,
          77.99999999999999
        ]
      ]
    },
    {
      "participant": "3225",
      "n_seeds": 10,
      "test_acc_mean": 0.37555555555555553,
      "test_acc_std": 0.016396995274947153,
      "test_bal_acc_mean": 0.37555555555555553,
      "test_bal_acc_std": 0.016396995274947132,
      "test_f1_mean": 0.2580701207422005,
      "test_f1_std": 0.026739268620780063,
      "test_kappa_mean": 0.06333333333333328,
      "test_kappa_std": 0.024595492912420667,
      "confusion_matrix": [
        [
          98.66666666666666,
          0.6666666666666667,
          0.6666666666666667
        ],
        [
          88.0,
          4.0,
          7.999999999999998
        ],
        [
          78.0,
          12.0,
          10.0
        ]
      ]
    },
    {
      "participant": "3226",
      "n_seeds": 10,
      "test_acc_mean": 0.49555555555555547,
      "test_acc_std": 0.027814790156323824,
      "test_bal_acc_mean": 0.4955555555555556,
      "test_bal_acc_std": 0.027814790156323835,
      "test_f1_mean": 0.44534873540718556,
      "test_f1_std": 0.028306819374548986,
      "test_kappa_mean": 0.24333333333333332,
      "test_kappa_std": 0.04172218523448579,
      "confusion_matrix": [
        [
          87.33333333333334,
          4.0,
          8.666666666666668
        ],
        [
          58.66666666666665,
          14.0,
          27.333333333333336
        ],
        [
          45.33333333333333,
          7.333333333333334,
          47.33333333333333
        ]
      ]
    },
    {
      "participant": "3227",
      "n_seeds": 10,
      "test_acc_mean": 0.28888888888888886,
      "test_acc_std": 0.02342427896421022,
      "test_bal_acc_mean": 0.2888888888888889,
      "test_bal_acc_std": 0.023424278964210215,
      "test_f1_mean": 0.28071908098904785,
      "test_f1_std": 0.023145430145826536,
      "test_kappa_mean": -0.06666666666666674,
      "test_kappa_std": 0.03513641844631535,
      "confusion_matrix": [
        [
          22.0,
          26.666666666666664,
          51.333333333333336
        ],
        [
          24.666666666666664,
          20.0,
          55.33333333333333
        ],
        [
          12.0,
          43.33333333333333,
          44.66666666666667
        ]
      ]
    },
    {
      "participant": "3228",
      "n_seeds": 10,
      "test_acc_mean": 0.3866666666666666,
      "test_acc_std": 0.015537908861780034,
      "test_bal_acc_mean": 0.3866666666666666,
      "test_bal_acc_std": 0.015537908861780006,
      "test_f1_mean": 0.2985599555697893,
      "test_f1_std": 0.023565120087688705,
      "test_kappa_mean": 0.07999999999999999,
      "test_kappa_std": 0.02330686329267002,
      "confusion_matrix": [
        [
          86.0,
          10.666666666666668,
          3.3333333333333335
        ],
        [
          71.99999999999999,
          28.0,
          0.0
        ],
        [
          65.33333333333333,
          32.666666666666664,
          2.0
        ]
      ]
    },
    {
      "participant": "3229",
      "n_seeds": 10,
      "test_acc_mean": 0.39555555555555555,
      "test_acc_std": 0.0273171687623493,
      "test_bal_acc_mean": 0.39555555555555555,
      "test_bal_acc_std": 0.0273171687623493,
      "test_f1_mean": 0.32918851722055387,
      "test_f1_std": 0.029539750081533207,
      "test_kappa_mean": 0.09333333333333331,
      "test_kappa_std": 0.04097575314352393,
      "confusion_matrix": [
        [
          11.999999999999996,
          20.0,
          68.0
        ],
        [
          20.666666666666668,
          19.333333333333332,
          60.0
        ],
        [
          0.0,
          12.666666666666666,
          87.33333333333333
        ]
      ]
    },
    {
      "participant": "3230",
      "n_seeds": 10,
      "test_acc_mean": 0.2644444444444444,
      "test_acc_std": 0.0338640872612221,
      "test_bal_acc_mean": 0.2644444444444444,
      "test_bal_acc_std": 0.033864087261222094,
      "test_f1_mean": 0.21125455046784988,
      "test_f1_std": 0.03357658766641734,
      "test_kappa_mean": -0.10333333333333336,
      "test_kappa_std": 0.05079613089183316,
      "confusion_matrix": [
        [
          0.6666666666666667,
          26.666666666666664,
          72.66666666666666
        ],
        [
          3.3333333333333335,
          26.0,
          70.66666666666666
        ],
        [
          7.333333333333334,
          39.99999999999999,
          52.666666666666664
        ]
      ]
    },
    {
      "participant": "3231",
      "n_seeds": 10,
      "test_acc_mean": 1.0,
      "test_acc_std": 0.0,
      "test_bal_acc_mean": 1.0,
      "test_bal_acc_std": 0.0,
      "test_f1_mean": 1.0,
      "test_f1_std": 0.0,
      "test_kappa_mean": NaN,
      "test_kappa_std": NaN,
      "confusion_matrix": [
        [
          0.0,
          0.0,
          0.0
        ],
        [
          0.0,
          0.0,
          0.0
        ],
        [
          0.0,
          0.0,
          100.0
        ]
      ]
    },
    {
      "participant": "3232",
      "n_seeds": 10,
      "test_acc_mean": 0.38,
      "test_acc_std": 0.03982127423915737,
      "test_bal_acc_mean": 0.38,
      "test_bal_acc_std": 0.03982127423915737,
      "test_f1_mean": 0.37105379092221197,
      "test_f1_std": 0.036260295452348934,
      "test_kappa_mean": 0.06999999999999998,
      "test_kappa_std": 0.05973191135873606,
      "confusion_matrix": [
        [
          12.666666666666666,
          66.66666666666666,
          20.666666666666668
        ],
        [
          38.666666666666664,
          50.666666666666664,
          10.666666666666666
        ],
        [
          22.0,
          27.333333333333332,
          50.66666666666667
        ]
      ]
    },
    {
      "participant": "3233",
      "n_seeds": 10,
      "test_acc_mean": 0.15333333333333332,
      "test_acc_std": 0.04117612476944384,
      "test_bal_acc_mean": 0.15333333333333332,
      "test_bal_acc_std": 0.04117612476944385,
      "test_f1_mean": 0.15315700255110057,
      "test_f1_std": 0.04411726761844295,
      "test_kappa_mean": -0.2699999999999999,
      "test_kappa_std": 0.06176418715416573,
      "confusion_matrix": [
        [
          11.333333333333334,
          41.99999999999999,
          46.66666666666667
        ],
        [
          7.999999999999998,
          20.0,
          71.99999999999999
        ],
        [
          50.66666666666667,
          34.66666666666666,
          14.666666666666666
        ]
      ]
    },
    {
      "participant": "3234",
      "n_seeds": 10,
      "test_acc_mean": 0.4022222222222222,
      "test_acc_std": 0.02445566521365803,
      "test_bal_acc_mean": 0.4022222222222222,
      "test_bal_acc_std": 0.024455665213658034,
      "test_f1_mean": 0.3858163196479301,
      "test_f1_std": 0.021007356970844857,
      "test_kappa_mean": 0.10333333333333332,
      "test_kappa_std": 0.036683497820487056,
      "confusion_matrix": [
        [
          63.999999999999986,
          12.000000000000002,
          23.999999999999996
        ],
        [
          27.333333333333332,
          23.999999999999996,
          48.66666666666667
        ],
        [
          54.0,
          13.333333333333334,
          32.666666666666664
        ]
      ]
    },
    {
      "participant": "3235",
      "n_seeds": 10,
      "test_acc_mean": 0.37555555555555553,
      "test_acc_std": 0.041176124769443836,
      "test_bal_acc_mean": 0.37555555555555553,
      "test_bal_acc_std": 0.04117612476944383,
      "test_f1_mean": 0.35702456279915634,
      "test_f1_std": 0.04118284791620701,
      "test_kappa_mean": 0.06333333333333331,
      "test_kappa_std": 0.06176418715416577,
      "confusion_matrix": [
        [
          48.666666666666664,
          5.333333333333333,
          45.99999999999999
        ],
        [
          29.333333333333332,
          10.666666666666668,
          59.999999999999986
        ],
        [
          6.000000000000001,
          40.66666666666667,
          53.33333333333333
        ]
      ]
    },
    {
      "participant": "3236",
      "n_seeds": 10,
      "test_acc_mean": 0.45999999999999996,
      "test_acc_std": 0.027814790156323828,
      "test_bal_acc_mean": 0.4600000000000001,
      "test_bal_acc_std": 0.02781479015632382,
      "test_f1_mean": 0.43789248447951695,
      "test_f1_std": 0.029374725966705602,
      "test_kappa_mean": 0.19,
      "test_kappa_std": 0.04172218523448578,
      "confusion_matrix": [
        [
          67.99999999999999,
          27.999999999999993,
          4.0
        ],
        [
          30.666666666666664,
          48.66666666666667,
          20.666666666666668
        ],
        [
          52.666666666666664,
          26.0,
          21.333333333333336
        ]
      ]
    },
    {
      "participant": "3237",
      "n_seeds": 10,
      "test_acc_mean": 0.4333333333333333,
      "test_acc_std": 0.04090874450810096,
      "test_bal_acc_mean": 0.4333333333333333,
      "test_bal_acc_std": 0.040908744508100975,
      "test_f1_mean": 0.42360512953005214,
      "test_f1_std": 0.0420967030479199,
      "test_kappa_mean": 0.14999999999999997,
      "test_kappa_std": 0.061363116762151414,
      "confusion_matrix": [
        [
          50.66666666666667,
          49.33333333333333,
          0.0
        ],
        [
          34.0,
          55.33333333333333,
          10.666666666666666
        ],
        [
          20.666666666666664,
          55.333333333333336,
          24.0
        ]
      ]
    },
    {
      "participant": "3238",
      "n_seeds": 10,
      "test_acc_mean": 0.3266666666666667,
      "test_acc_std": 0.031514144275826154,
      "test_bal_acc_mean": 0.3266666666666666,
      "test_bal_acc_std": 0.031514144275826134,
      "test_f1_mean": 0.30752373020050705,
      "test_f1_std": 0.033295481562109264,
      "test_kappa_mean": -0.010000000000000031,
      "test_kappa_std": 0.04727121641373922,
      "confusion_matrix": [
        [
          20.666666666666668,
          34.666666666666664,
          44.66666666666667
        ],
        [
          1.3333333333333335,
          17.333333333333336,
          81.33333333333334
        ],
        [
          6.0,
          33.99999999999999,
          60.0
        ]
      ]
    },
    {
      "participant": "3239",
      "n_seeds": 10,
      "test_acc_mean": 0.34222222222222226,
      "test_acc_std": 0.011475506210984955,
      "test_bal_acc_mean": 0.34222222222222226,
      "test_bal_acc_std": 0.011475506210984955,
      "test_f1_mean": 0.18475550360413012,
      "test_f1_std": 0.0233678199015134,
      "test_kappa_mean": 0.01333333333333333,
      "test_kappa_std": 0.017213259316477405,
      "confusion_matrix": [
        [
          100.0,
          0.0,
          0.0
        ],
        [
          100.0,
          0.0,
          0.0
        ],
        [
          96.66666666666667,
          0.6666666666666667,
          2.666666666666667
        ]
      ]
    },
    {
      "participant": "3240",
      "n_seeds": 10,
      "test_acc_mean": 0.39555555555555555,
      "test_acc_std": 0.02295101242196988,
      "test_bal_acc_mean": 0.39555555555555555,
      "test_bal_acc_std": 0.02295101242196987,
      "test_f1_mean": 0.385995406183334,
      "test_f1_std": 0.019812929370458515,
      "test_kappa_mean": 0.09333333333333332,
      "test_kappa_std": 0.0344265186329548,
      "confusion_matrix": [
        [
          19.333333333333336,
          52.0,
          28.666666666666664
        ],
        [
          42.66666666666667,
          44.66666666666667,
          12.666666666666666
        ],
        [
          2.666666666666667,
          42.666666666666664,
          54.66666666666667
        ]
      ]
    },
    {
      "participant": "3241",
      "n_seeds": 10,
      "test_acc_mean": 0.29555555555555546,
      "test_acc_std": 0.0210818510677892,
      "test_bal_acc_mean": 0.29555555555555557,
      "test_bal_acc_std": 0.02108185106778919,
      "test_f1_mean": 0.27410617327098624,
      "test_f1_std": 0.02592234925360181,
      "test_kappa_mean": -0.05666666666666671,
      "test_kappa_std": 0.03162277660168379,
      "confusion_matrix": [
        [
          21.333333333333332,
          63.999999999999986,
          14.666666666666666
        ],
        [
          35.99999999999999,
          52.666666666666664,
          11.333333333333334
        ],
        [
          12.666666666666666,
          72.66666666666667,
          14.666666666666668
        ]
      ]
    },
    {
      "participant": "3242",
      "n_seeds": 10,
      "test_acc_mean": 0.3466666666666666,
      "test_acc_std": 0.033456562342625826,
      "test_bal_acc_mean": 0.3466666666666666,
      "test_bal_acc_std": 0.03345656234262581,
      "test_f1_mean": 0.34558507340515127,
      "test_f1_std": 0.032965065881965946,
      "test_kappa_mean": 0.019999999999999973,
      "test_kappa_std": 0.05018484351393876,
      "confusion_matrix": [
        [
          29.333333333333332,
          28.666666666666664,
          42.00000000000001
        ],
        [
          7.333333333333333,
          48.666666666666664,
          44.0
        ],
        [
          44.0,
          29.999999999999993,
          26.0
        ]
      ]
    },
    {
      "participant": "3243",
      "n_seeds": 10,
      "test_acc_mean": 0.20666666666666664,
      "test_acc_std": 0.029722077996650186,
      "test_bal_acc_mean": 0.2066666666666667,
      "test_bal_acc_std": 0.029722077996650196,
      "test_f1_mean": 0.20898842986521382,
      "test_f1_std": 0.03171380648419092,
      "test_kappa_mean": -0.19,
      "test_kappa_std": 0.044583116994975254,
      "confusion_matrix": [
        [
          14.0,
          33.33333333333333,
          52.666666666666664
        ],
        [
          4.0,
          18.666666666666664,
          77.33333333333334
        ],
        [
          0.0,
          70.66666666666666,
          29.333333333333332
        ]
      ]
    },
    {
      "participant": "3244",
      "n_seeds": 10,
      "test_acc_mean": 0.47777777777777775,
      "test_acc_std": 0.021596118129056666,
      "test_bal_acc_mean": 0.47777777777777775,
      "test_bal_acc_std": 0.021596118129056676,
      "test_f1_mean": 0.40823121686146163,
      "test_f1_std": 0.02865885906639153,
      "test_kappa_mean": 0.21666666666666662,
      "test_kappa_std": 0.03239417719358502,
      "confusion_matrix": [
        [
          2.0,
          16.666666666666668,
          81.33333333333334
        ],
        [
          0.0,
          55.33333333333333,
          44.66666666666667
        ],
        [
          12.666666666666666,
          1.3333333333333335,
          86.0
        ]
      ]
    },
    {
      "participant": "3245",
      "n_seeds": 10,
      "test_acc_mean": 0.33333333333333337,
      "test_acc_std": 5.851389114294502e-17,
      "test_bal_acc_mean": 0.33333333333333337,
      "test_bal_acc_std": 5.851389114294502e-17,
      "test_f1_mean": 0.16666666666666669,
      "test_f1_std": 2.925694557147251e-17,
      "test_kappa_mean": 0.0,
      "test_kappa_std": 0.0,
      "confusion_matrix": [
        [
          100.0,
          0.0,
          0.0
        ],
        [
          100.0,
          0.0,
          0.0
        ],
        [
          100.0,
          0.0,
          0.0
        ]
      ]
    },
    {
      "participant": "3246",
      "n_seeds": 10,
      "test_acc_mean": 0.38,
      "test_acc_std": 0.02660486666084143,
      "test_bal_acc_mean": 0.38,
      "test_bal_acc_std": 0.026604866660841442,
      "test_f1_mean": 0.3697484626553218,
      "test_f1_std": 0.029867350600531008,
      "test_kappa_mean": 0.06999999999999998,
      "test_kappa_std": 0.03990729999126215,
      "confusion_matrix": [
        [
          25.333333333333332,
          18.0,
          56.666666666666664
        ],
        [
          25.333333333333336,
          31.333333333333336,
          43.33333333333333
        ],
        [
          34.0,
          8.666666666666668,
          57.33333333333333
        ]
      ]
    },
    {
      "participant": "3247",
      "n_seeds": 10,
      "test_acc_mean": 0.4111111111111111,
      "test_acc_std": 0.026189140043946207,
      "test_bal_acc_mean": 0.4111111111111111,
      "test_bal_acc_std": 0.0261891400439462,
      "test_f1_mean": 0.30167597580126543,
      "test_f1_std": 0.03836369917774707,
      "test_kappa_mean": 0.11666666666666667,
      "test_kappa_std": 0.039283710065919325,
      "confusion_matrix": [
        [
          99.33333333333333,
          0.6666666666666667,
          0.0
        ],
        [
          76.66666666666666,
          23.333333333333336,
          0.0
        ],
        [
          91.33333333333334,
          8.0,
          0.6666666666666667
        ]
      ]
    },
    {
      "participant": "3248",
      "n_seeds": 10,
      "test_acc_mean": 0.40888888888888886,
      "test_acc_std": 0.03505825056651624,
      "test_bal_acc_mean": 0.40888888888888886,
      "test_bal_acc_std": 0.03505825056651626,
      "test_f1_mean": 0.37883682151220116,
      "test_f1_std": 0.03869755173806236,
      "test_kappa_mean": 0.11333333333333331,
      "test_kappa_std": 0.052587375849774354,
      "confusion_matrix": [
        [
          29.333333333333325,
          44.66666666666667,
          25.999999999999993
        ],
        [
          3.3333333333333335,
          74.66666666666666,
          21.999999999999996
        ],
        [
          18.0,
          63.33333333333333,
          18.666666666666664
        ]
      ]
    },
    {
      "participant": "3249",
      "n_seeds": 10,
      "test_acc_mean": 0.6399999999999999,
      "test_acc_std": 0.03442651863295481,
      "test_bal_acc_mean": 0.6399999999999999,
      "test_bal_acc_std": 0.03442651863295481,
      "test_f1_mean": 0.78,
      "test_f1_std": 0.025819888974716137,
      "test_kappa_mean": 0.0,
      "test_kappa_std": 0.0,
      "confusion_matrix": [
        [
          0.0,
          0.0,
          0.0
        ],
        [
          0.0,
          0.0,
          0.0
        ],
        [
          5.999999999999999,
          29.999999999999993,
          63.999999999999986
        ]
      ]
    },
    {
      "participant": "3250",
      "n_seeds": 10,
      "test_acc_mean": 0.45111111111111113,
      "test_acc_std": 0.04063960510917095,
      "test_bal_acc_mean": 0.45111111111111113,
      "test_bal_acc_std": 0.040639605109170966,
      "test_f1_mean": 0.44951662073821225,
      "test_f1_std": 0.03970950695897957,
      "test_kappa_mean": 0.17666666666666667,
      "test_kappa_std": 0.06095940766375646,
      "confusion_matrix": [
        [
          47.333333333333336,
          13.333333333333334,
          39.33333333333333
        ],
        [
          32.0,
          36.666666666666664,
          31.333333333333336
        ],
        [
          9.999999999999998,
          38.666666666666664,
          51.33333333333333
        ]
      ]
    }
  ],
  "selected_features": [
    "HRV_Prc20NN",
    "HRV_pNN50",
    "HRV_pNN20",
    "HRV_MinNN",
    "HRV_VHF",
    "HRV_CVI",
    "HRV_IALS",
    "HRV_PSS",
    "HRV_PAS",
    "HRV_C2a",
    "HRV_SDNNa",
    "HRV_DFA_alpha1",
    "HRV_ApEn"
  ],
  "n_participants": 39,
  "n_seeds": 10,
  "n_features": 13,
  "timestamp": "2025-10-17T15:36:25.623353"
}