{
  "name": "eye",
  "config": {
    "n_seeds": 10,
    "feature_selection": "backward",
    "use_pca": false,
    "pca_variance": 0.95,
    "write_cm": true,
    "tune_hyperparameters": false,
    "tune_n_iter": 30,
    "tune_cv_folds": 5,
    "use_pose_derivatives": true,
    "use_time_features": false,
    "class_config": "all",
    "include_order": false,
    "name": "eye",
    "feature_groups": [
      "eye_tracking"
    ],
    "split_strategy": "lopo"
  },
  "metrics": {
    "test_acc_mean": 0.40536958852613975,
    "test_acc_std": 0.11134489712893404,
    "test_bal_acc_mean": 0.4024757284059609,
    "test_bal_acc_std": 0.10818238433265295,
    "test_f1_mean": 0.37476977614679274,
    "test_f1_std": 0.11189905191193403,
    "test_kappa_mean": 0.0989426331161147,
    "test_kappa_std": 0.18256719101219704
  },
  "confusion_matrix": [
    [
      49.54152823920267,
      21.95791805094131,
      26.1749723145072
    ],
    [
      34.507248565388096,
      27.3201953085674,
      38.1725561260445
    ],
    [
      26.329499957406934,
      30.37090041741204,
      43.29959962518102
    ]
  ],
  "participant_results": [
    {
      "participant": "3105",
      "n_seeds": 10,
      "test_acc_mean": 0.2422222222222222,
      "test_acc_std": 0.02445566521365804,
      "test_bal_acc_mean": 0.2422222222222222,
      "test_bal_acc_std": 0.02445566521365804,
      "test_f1_mean": 0.23117991456869075,
      "test_f1_std": 0.02050119278706742,
      "test_kappa_mean": -0.13666666666666666,
      "test_kappa_std": 0.03668349782048711,
      "confusion_matrix": [
        [
          9.333333333333332,
          8.0,
          82.66666666666666
        ],
        [
          25.33333333333333,
          49.99999999999999,
          24.666666666666664
        ],
        [
          27.999999999999993,
          58.666666666666664,
          13.333333333333332
        ]
      ]
    },
    {
      "participant": "3206",
      "n_seeds": 10,
      "test_acc_mean": 0.46341463414634143,
      "test_acc_std": 0.025709574472913655,
      "test_bal_acc_mean": 0.4545454545454545,
      "test_bal_acc_std": 0.023424278964210215,
      "test_f1_mean": 0.4170281549703804,
      "test_f1_std": 0.030718838030577886,
      "test_kappa_mean": 0.18689342725805194,
      "test_kappa_std": 0.03653219506920306,
      "confusion_matrix": [
        [
          83.33333333333334,
          12.0,
          4.666666666666666
        ],
        [
          45.454545454545446,
          36.36363636363637,
          18.181818181818183
        ],
        [
          49.99999999999999,
          33.33333333333333,
          16.666666666666664
        ]
      ]
    },
    {
      "participant": "3207",
      "n_seeds": 10,
      "test_acc_mean": 0.5209302325581395,
      "test_acc_std": 0.03325210944112746,
      "test_bal_acc_mean": 0.5196825396825396,
      "test_bal_acc_std": 0.03324671706035477,
      "test_f1_mean": 0.504364829765172,
      "test_f1_std": 0.037061430505229344,
      "test_kappa_mean": 0.2787266845649508,
      "test_kappa_std": 0.049990862590346415,
      "confusion_matrix": [
        [
          57.333333333333336,
          4.0,
          38.66666666666667
        ],
        [
          54.999999999999986,
          27.857142857142854,
          17.142857142857142
        ],
        [
          18.571428571428566,
          10.714285714285712,
          70.71428571428572
        ]
      ]
    },
    {
      "participant": "3208",
      "n_seeds": 10,
      "test_acc_mean": 0.4133333333333334,
      "test_acc_std": 0.04469067593777291,
      "test_bal_acc_mean": 0.4133333333333333,
      "test_bal_acc_std": 0.0446906759377729,
      "test_f1_mean": 0.4026849960960147,
      "test_f1_std": 0.04449368126810525,
      "test_kappa_mean": 0.11999999999999995,
      "test_kappa_std": 0.06703601390665936,
      "confusion_matrix": [
        [
          30.0,
          23.999999999999993,
          46.0
        ],
        [
          38.66666666666667,
          32.666666666666664,
          28.666666666666664
        ],
        [
          0.0,
          38.66666666666667,
          61.33333333333333
        ]
      ]
    },
    {
      "participant": "3209",
      "n_seeds": 10,
      "test_acc_mean": 0.4954545454545454,
      "test_acc_std": 0.03680290242876095,
      "test_bal_acc_mean": 0.49158730158730163,
      "test_bal_acc_std": 0.03642771648122798,
      "test_f1_mean": 0.49520871314116677,
      "test_f1_std": 0.036424103504361934,
      "test_kappa_mean": 0.2415215224841411,
      "test_kappa_std": 0.05494314979231796,
      "confusion_matrix": [
        [
          46.00000000000001,
          36.0,
          17.999999999999996
        ],
        [
          0.0,
          69.33333333333333,
          30.666666666666664
        ],
        [
          9.999999999999998,
          57.857142857142854,
          32.14285714285714
        ]
      ]
    },
    {
      "participant": "3210",
      "n_seeds": 10,
      "test_acc_mean": 0.25,
      "test_acc_std": 0.054997194092287024,
      "test_bal_acc_mean": 0.25,
      "test_bal_acc_std": 0.05499719409228703,
      "test_f1_mean": 0.2275680196380324,
      "test_f1_std": 0.05456151002070836,
      "test_kappa_mean": -0.4469758064516129,
      "test_kappa_std": 0.10589338024962382,
      "confusion_matrix": [
        [
          0.0,
          0.0,
          0.0
        ],
        [
          0.0,
          8.000000000000002,
          92.0
        ],
        [
          7.333333333333333,
          50.66666666666667,
          42.00000000000001
        ]
      ]
    },
    {
      "participant": "3214",
      "n_seeds": 10,
      "test_acc_mean": 0.4688888888888888,
      "test_acc_std": 0.038418674014488695,
      "test_bal_acc_mean": 0.4688888888888888,
      "test_bal_acc_std": 0.03841867401448872,
      "test_f1_mean": 0.4545742124138343,
      "test_f1_std": 0.037922081440153146,
      "test_kappa_mean": 0.2033333333333333,
      "test_kappa_std": 0.057628011021733094,
      "confusion_matrix": [
        [
          69.99999999999999,
          19.33333333333333,
          10.666666666666666
        ],
        [
          57.333333333333336,
          26.666666666666664,
          16.0
        ],
        [
          44.66666666666667,
          11.333333333333334,
          44.0
        ]
      ]
    },
    {
      "participant": "3215",
      "n_seeds": 10,
      "test_acc_mean": 0.33777777777777773,
      "test_acc_std": 0.03279399054989432,
      "test_bal_acc_mean": 0.33777777777777773,
      "test_bal_acc_std": 0.03279399054989432,
      "test_f1_mean": 0.2979441189888907,
      "test_f1_std": 0.03637294189167489,
      "test_kappa_mean": 0.006666666666666643,
      "test_kappa_std": 0.049190985824841445,
      "confusion_matrix": [
        [
          72.66666666666666,
          27.333333333333332,
          0.0
        ],
        [
          86.66666666666667,
          13.333333333333334,
          0.0
        ],
        [
          39.33333333333333,
          45.333333333333336,
          15.333333333333334
        ]
      ]
    },
    {
      "participant": "3216",
      "n_seeds": 10,
      "test_acc_mean": 0.43720930232558136,
      "test_acc_std": 0.030617701795552708,
      "test_bal_acc_mean": 0.43145299145299154,
      "test_bal_acc_std": 0.029256915049083697,
      "test_f1_mean": 0.4486517650501211,
      "test_f1_std": 0.032525278337569026,
      "test_kappa_mean": 0.1578359868460693,
      "test_kappa_std": 0.045442729282028714,
      "confusion_matrix": [
        [
          58.0,
          6.0,
          35.99999999999999
        ],
        [
          16.666666666666668,
          40.666666666666664,
          42.66666666666667
        ],
        [
          7.692307692307692,
          61.53846153846153,
          30.769230769230766
        ]
      ]
    },
    {
      "participant": "3217",
      "n_seeds": 10,
      "test_acc_mean": 0.35777777777777775,
      "test_acc_std": 0.05874779276710623,
      "test_bal_acc_mean": 0.35777777777777775,
      "test_bal_acc_std": 0.05874779276710622,
      "test_f1_mean": 0.3399762321498178,
      "test_f1_std": 0.05476495014338921,
      "test_kappa_mean": 0.03666666666666664,
      "test_kappa_std": 0.08812168915065935,
      "confusion_matrix": [
        [
          52.66666666666667,
          5.333333333333333,
          41.99999999999999
        ],
        [
          22.666666666666664,
          6.666666666666667,
          70.66666666666666
        ],
        [
          10.666666666666666,
          41.33333333333333,
          48.0
        ]
      ]
    },
    {
      "participant": "3218",
      "n_seeds": 10,
      "test_acc_mean": 0.21999999999999997,
      "test_acc_std": 0.024455665213658034,
      "test_bal_acc_mean": 0.22000000000000003,
      "test_bal_acc_std": 0.024455665213658044,
      "test_f1_mean": 0.1681091731919128,
      "test_f1_std": 0.021907132970670373,
      "test_kappa_mean": -0.17000000000000004,
      "test_kappa_std": 0.03668349782048707,
      "confusion_matrix": [
        [
          0.6666666666666667,
          49.33333333333333,
          50.00000000000001
        ],
        [
          1.3333333333333335,
          14.0,
          84.66666666666666
        ],
        [
          2.666666666666667,
          46.00000000000001,
          51.33333333333333
        ]
      ]
    },
    {
      "participant": "3219",
      "n_seeds": 10,
      "test_acc_mean": 0.4604651162790698,
      "test_acc_std": 0.030617701795552715,
      "test_bal_acc_mean": 0.45206349206349206,
      "test_bal_acc_std": 0.030768003283201634,
      "test_f1_mean": 0.4279514644155853,
      "test_f1_std": 0.03665864364537086,
      "test_kappa_mean": 0.1816117092949387,
      "test_kappa_std": 0.04664444816469443,
      "confusion_matrix": [
        [
          26.428571428571423,
          12.857142857142852,
          60.71428571428571
        ],
        [
          19.999999999999996,
          27.85714285714285,
          52.14285714285713
        ],
        [
          14.666666666666668,
          4.0,
          81.33333333333334
        ]
      ]
    },
    {
      "participant": "3220",
      "n_seeds": 10,
      "test_acc_mean": 0.3911111111111111,
      "test_acc_std": 0.029997713676024565,
      "test_bal_acc_mean": 0.3911111111111111,
      "test_bal_acc_std": 0.029997713676024565,
      "test_f1_mean": 0.3175290840580993,
      "test_f1_std": 0.02273827052305337,
      "test_kappa_mean": 0.08666666666666666,
      "test_kappa_std": 0.04499657051403685,
      "confusion_matrix": [
        [
          48.66666666666667,
          9.333333333333334,
          42.00000000000001
        ],
        [
          48.0,
          0.0,
          52.0
        ],
        [
          29.333333333333325,
          2.0,
          68.66666666666666
        ]
      ]
    },
    {
      "participant": "3221",
      "n_seeds": 10,
      "test_acc_mean": 0.3666666666666667,
      "test_acc_std": 0.030089031128281343,
      "test_bal_acc_mean": 0.3666666666666667,
      "test_bal_acc_std": 0.03008903112828135,
      "test_f1_mean": 0.37460155383984384,
      "test_f1_std": 0.0324245473247099,
      "test_kappa_mean": 0.04999999999999997,
      "test_kappa_std": 0.045133546692422026,
      "confusion_matrix": [
        [
          26.0,
          72.0,
          2.0
        ],
        [
          39.33333333333333,
          46.00000000000001,
          14.666666666666666
        ],
        [
          12.0,
          49.99999999999999,
          37.99999999999999
        ]
      ]
    },
    {
      "participant": "3222",
      "n_seeds": 10,
      "test_acc_mean": 0.4844444444444444,
      "test_acc_std": 0.009369711585684077,
      "test_bal_acc_mean": 0.4844444444444445,
      "test_bal_acc_std": 0.009369711585684124,
      "test_f1_mean": 0.3971175119657481,
      "test_f1_std": 0.0077643307224887015,
      "test_kappa_mean": 0.22666666666666663,
      "test_kappa_std": 0.014054567378526126,
      "confusion_matrix": [
        [
          46.66666666666667,
          0.0,
          53.33333333333333
        ],
        [
          0.0,
          0.0,
          100.0
        ],
        [
          1.3333333333333335,
          0.0,
          98.66666666666666
        ]
      ]
    },
    {
      "participant": "3223",
      "n_seeds": 10,
      "test_acc_mean": 0.26666666666666666,
      "test_acc_std": 0.02771598064276994,
      "test_bal_acc_mean": 0.2666666666666667,
      "test_bal_acc_std": 0.02771598064276994,
      "test_f1_mean": 0.23443845165809876,
      "test_f1_std": 0.02975812817569711,
      "test_kappa_mean": -0.10000000000000006,
      "test_kappa_std": 0.04157397096415491,
      "confusion_matrix": [
        [
          49.333333333333336,
          11.333333333333332,
          39.33333333333333
        ],
        [
          68.66666666666666,
          27.999999999999993,
          3.3333333333333335
        ],
        [
          29.333333333333332,
          67.99999999999999,
          2.666666666666667
        ]
      ]
    },
    {
      "participant": "3224",
      "n_seeds": 10,
      "test_acc_mean": 0.43,
      "test_acc_std": 0.029186501192363764,
      "test_bal_acc_mean": 0.4119047619047619,
      "test_bal_acc_std": 0.022118047583151845,
      "test_f1_mean": 0.344803302837851,
      "test_f1_std": 0.04367662126581013,
      "test_kappa_mean": 0.15701893448657606,
      "test_kappa_std": 0.040968140090293884,
      "confusion_matrix": [
        [
          25.0,
          25.0,
          50.0
        ],
        [
          57.857142857142854,
          3.5714285714285707,
          38.57142857142857
        ],
        [
          0.0,
          4.999999999999998,
          94.99999999999999
        ]
      ]
    },
    {
      "participant": "3225",
      "n_seeds": 10,
      "test_acc_mean": 0.49333333333333335,
      "test_acc_std": 0.014054567378526117,
      "test_bal_acc_mean": 0.49333333333333335,
      "test_bal_acc_std": 0.014054567378526174,
      "test_f1_mean": 0.4635205852675999,
      "test_f1_std": 0.01421150346911654,
      "test_kappa_mean": 0.23999999999999994,
      "test_kappa_std": 0.0210818510677892,
      "confusion_matrix": [
        [
          36.666666666666664,
          0.6666666666666667,
          62.666666666666664
        ],
        [
          0.6666666666666667,
          20.0,
          79.33333333333334
        ],
        [
          0.0,
          8.666666666666666,
          91.33333333333334
        ]
      ]
    },
    {
      "participant": "3226",
      "n_seeds": 10,
      "test_acc_mean": 0.06,
      "test_acc_std": 0.02354110901047511,
      "test_bal_acc_mean": 0.06,
      "test_bal_acc_std": 0.023541109010475115,
      "test_f1_mean": 0.05842403828736167,
      "test_f1_std": 0.020736676279318494,
      "test_kappa_mean": -0.41,
      "test_kappa_std": 0.035311663515712716,
      "confusion_matrix": [
        [
          1.3333333333333335,
          70.0,
          28.666666666666664
        ],
        [
          52.666666666666664,
          10.0,
          37.33333333333333
        ],
        [
          40.666666666666664,
          52.666666666666664,
          6.666666666666666
        ]
      ]
    },
    {
      "participant": "3227",
      "n_seeds": 10,
      "test_acc_mean": 0.5155555555555555,
      "test_acc_std": 0.03747884634273634,
      "test_bal_acc_mean": 0.5155555555555555,
      "test_bal_acc_std": 0.03747884634273637,
      "test_f1_mean": 0.4340668262181411,
      "test_f1_std": 0.03642214359137722,
      "test_kappa_mean": 0.2733333333333333,
      "test_kappa_std": 0.056218269514104524,
      "confusion_matrix": [
        [
          100.0,
          0.0,
          0.0
        ],
        [
          98.66666666666666,
          0.0,
          1.3333333333333335
        ],
        [
          30.666666666666664,
          14.666666666666668,
          54.666666666666664
        ]
      ]
    },
    {
      "participant": "3228",
      "n_seeds": 10,
      "test_acc_mean": 0.48,
      "test_acc_std": 0.03505825056651624,
      "test_bal_acc_mean": 0.4800000000000001,
      "test_bal_acc_std": 0.03505825056651626,
      "test_f1_mean": 0.44585368389615104,
      "test_f1_std": 0.03372792788081551,
      "test_kappa_mean": 0.21999999999999997,
      "test_kappa_std": 0.052587375849774395,
      "confusion_matrix": [
        [
          34.666666666666664,
          24.666666666666664,
          40.666666666666664
        ],
        [
          36.0,
          23.333333333333332,
          40.66666666666667
        ],
        [
          3.3333333333333335,
          10.666666666666666,
          86.00000000000001
        ]
      ]
    },
    {
      "participant": "3229",
      "n_seeds": 10,
      "test_acc_mean": 0.47333333333333333,
      "test_acc_std": 0.031514144275826134,
      "test_bal_acc_mean": 0.47333333333333333,
      "test_bal_acc_std": 0.03151414427582616,
      "test_f1_mean": 0.47627826190719064,
      "test_f1_std": 0.032594911162132596,
      "test_kappa_mean": 0.20999999999999996,
      "test_kappa_std": 0.04727121641373922,
      "confusion_matrix": [
        [
          48.00000000000001,
          43.99999999999999,
          8.0
        ],
        [
          30.0,
          44.0,
          26.0
        ],
        [
          23.333333333333332,
          26.666666666666664,
          49.99999999999999
        ]
      ]
    },
    {
      "participant": "3230",
      "n_seeds": 10,
      "test_acc_mean": 0.29555555555555546,
      "test_acc_std": 0.02354110901047512,
      "test_bal_acc_mean": 0.29555555555555557,
      "test_bal_acc_std": 0.023541109010475104,
      "test_f1_mean": 0.27062910842921695,
      "test_f1_std": 0.028123253600470615,
      "test_kappa_mean": -0.056666666666666685,
      "test_kappa_std": 0.03531166351571267,
      "confusion_matrix": [
        [
          52.66666666666667,
          23.999999999999996,
          23.333333333333332
        ],
        [
          84.00000000000001,
          8.0,
          8.0
        ],
        [
          70.66666666666666,
          1.3333333333333335,
          28.0
        ]
      ]
    },
    {
      "participant": "3231",
      "n_seeds": 10,
      "test_acc_mean": 0.3911111111111111,
      "test_acc_std": 0.02999771367602457,
      "test_bal_acc_mean": 0.3911111111111111,
      "test_bal_acc_std": 0.02999771367602456,
      "test_f1_mean": 0.36826020612089294,
      "test_f1_std": 0.03656105825736427,
      "test_kappa_mean": 0.08666666666666664,
      "test_kappa_std": 0.04499657051403685,
      "confusion_matrix": [
        [
          66.66666666666664,
          13.333333333333332,
          20.0
        ],
        [
          51.333333333333336,
          21.333333333333336,
          27.333333333333325
        ],
        [
          54.0,
          16.666666666666668,
          29.333333333333325
        ]
      ]
    },
    {
      "participant": "3232",
      "n_seeds": 10,
      "test_acc_mean": 0.29111111111111104,
      "test_acc_std": 0.019457667461575855,
      "test_bal_acc_mean": 0.29111111111111104,
      "test_bal_acc_std": 0.019457667461575852,
      "test_f1_mean": 0.28346682227829584,
      "test_f1_std": 0.020815165748820984,
      "test_kappa_mean": -0.0633333333333334,
      "test_kappa_std": 0.02918650119236376,
      "confusion_matrix": [
        [
          34.66666666666666,
          65.33333333333331,
          0.0
        ],
        [
          18.666666666666668,
          12.666666666666668,
          68.66666666666666
        ],
        [
          57.333333333333336,
          2.666666666666667,
          40.0
        ]
      ]
    },
    {
      "participant": "3233",
      "n_seeds": 10,
      "test_acc_mean": 0.4177777777777778,
      "test_acc_std": 0.02522872054211318,
      "test_bal_acc_mean": 0.4177777777777778,
      "test_bal_acc_std": 0.02522872054211318,
      "test_f1_mean": 0.34523600745314226,
      "test_f1_std": 0.03769570088631933,
      "test_kappa_mean": 0.12666666666666665,
      "test_kappa_std": 0.03784308081316976,
      "confusion_matrix": [
        [
          93.33333333333334,
          5.333333333333333,
          1.3333333333333335
        ],
        [
          75.33333333333334,
          17.333333333333332,
          7.333333333333333
        ],
        [
          71.99999999999999,
          13.333333333333334,
          14.666666666666668
        ]
      ]
    },
    {
      "participant": "3234",
      "n_seeds": 10,
      "test_acc_mean": 0.49111111111111116,
      "test_acc_std": 0.022098420578038947,
      "test_bal_acc_mean": 0.49111111111111116,
      "test_bal_acc_std": 0.022098420578038954,
      "test_f1_mean": 0.4634509815976083,
      "test_f1_std": 0.019315021407134158,
      "test_kappa_mean": 0.23666666666666666,
      "test_kappa_std": 0.033147630867058464,
      "confusion_matrix": [
        [
          58.66666666666667,
          0.6666666666666667,
          40.666666666666664
        ],
        [
          31.999999999999993,
          19.333333333333336,
          48.666666666666664
        ],
        [
          18.666666666666664,
          12.000000000000002,
          69.33333333333334
        ]
      ]
    },
    {
      "participant": "3235",
      "n_seeds": 10,
      "test_acc_mean": 0.3477272727272728,
      "test_acc_std": 0.03396441177493924,
      "test_bal_acc_mean": 0.35333333333333333,
      "test_bal_acc_std": 0.03366509961786437,
      "test_f1_mean": 0.28360398228960004,
      "test_f1_std": 0.027072869344320842,
      "test_kappa_mean": 0.0259331238836789,
      "test_kappa_std": 0.050410708148853164,
      "confusion_matrix": [
        [
          59.999999999999986,
          30.000000000000007,
          9.999999999999996
        ],
        [
          50.0,
          46.0,
          4.0
        ],
        [
          30.0,
          70.0,
          0.0
        ]
      ]
    },
    {
      "participant": "3236",
      "n_seeds": 10,
      "test_acc_mean": 0.6972972972972974,
      "test_acc_std": 0.03988458310122281,
      "test_bal_acc_mean": 0.6444444444444445,
      "test_bal_acc_std": 0.045119588582704435,
      "test_f1_mean": 0.6982577166767935,
      "test_f1_std": 0.0434816600072582,
      "test_kappa_mean": 0.5223019393615094,
      "test_kappa_std": 0.06387790176120371,
      "confusion_matrix": [
        [
          86.66666666666666,
          0.0,
          13.333333333333332
        ],
        [
          1.4285714285714284,
          39.99999999999999,
          58.571428571428555
        ],
        [
          7.333333333333333,
          26.0,
          66.66666666666666
        ]
      ]
    },
    {
      "participant": "3237",
      "n_seeds": 10,
      "test_acc_mean": 0.3595238095238095,
      "test_acc_std": 0.02850521427947298,
      "test_bal_acc_mean": 0.3416666666666667,
      "test_bal_acc_std": 0.027870216561652613,
      "test_f1_mean": 0.30351730053788833,
      "test_f1_std": 0.03818665988711048,
      "test_kappa_mean": 0.016676082268590808,
      "test_kappa_std": 0.044521836844743014,
      "confusion_matrix": [
        [
          74.66666666666667,
          20.0,
          5.333333333333333
        ],
        [
          64.16666666666666,
          9.166666666666663,
          26.666666666666664
        ],
        [
          75.33333333333333,
          5.999999999999999,
          18.666666666666664
        ]
      ]
    },
    {
      "participant": "3238",
      "n_seeds": 10,
      "test_acc_mean": 0.3355555555555556,
      "test_acc_std": 0.024455665213658048,
      "test_bal_acc_mean": 0.3355555555555556,
      "test_bal_acc_std": 0.024455665213658048,
      "test_f1_mean": 0.2632000870901499,
      "test_f1_std": 0.031207445253975508,
      "test_kappa_mean": 0.003333333333333277,
      "test_kappa_std": 0.03668349782048706,
      "confusion_matrix": [
        [
          78.66666666666667,
          13.333333333333334,
          8.000000000000002
        ],
        [
          60.0,
          19.333333333333336,
          20.666666666666664
        ],
        [
          74.66666666666667,
          22.666666666666664,
          2.666666666666667
        ]
      ]
    },
    {
      "participant": "3239",
      "n_seeds": 10,
      "test_acc_mean": 0.5,
      "test_acc_std": 0.01855674047563012,
      "test_bal_acc_mean": 0.4931746031746032,
      "test_bal_acc_std": 0.018390334895523164,
      "test_f1_mean": 0.48245679546280124,
      "test_f1_std": 0.019479204090225494,
      "test_kappa_mean": 0.24646778141683517,
      "test_kappa_std": 0.027657737269364713,
      "confusion_matrix": [
        [
          64.66666666666666,
          7.333333333333334,
          28.0
        ],
        [
          28.571428571428566,
          19.285714285714285,
          52.14285714285713
        ],
        [
          4.0,
          31.999999999999993,
          64.0
        ]
      ]
    },
    {
      "participant": "3240",
      "n_seeds": 10,
      "test_acc_mean": 0.45813953488372094,
      "test_acc_std": 0.038055620801964556,
      "test_bal_acc_mean": 0.4593650793650793,
      "test_bal_acc_std": 0.03766809325640309,
      "test_f1_mean": 0.4378106485529963,
      "test_f1_std": 0.03644947729971406,
      "test_kappa_mean": 0.18778121263024264,
      "test_kappa_std": 0.05675178122171079,
      "confusion_matrix": [
        [
          72.14285714285714,
          16.428571428571423,
          11.428571428571425
        ],
        [
          35.333333333333336,
          40.66666666666666,
          24.0
        ],
        [
          38.57142857142857,
          36.42857142857143,
          24.999999999999993
        ]
      ]
    },
    {
      "participant": "3241",
      "n_seeds": 10,
      "test_acc_mean": 0.31111111111111106,
      "test_acc_std": 0.058325984251939335,
      "test_bal_acc_mean": 0.31111111111111117,
      "test_bal_acc_std": 0.05832598425193933,
      "test_f1_mean": 0.29563823629136304,
      "test_f1_std": 0.04832189153032163,
      "test_kappa_mean": -0.03333333333333331,
      "test_kappa_std": 0.08748897637790899,
      "confusion_matrix": [
        [
          6.666666666666666,
          36.00000000000001,
          57.33333333333333
        ],
        [
          18.000000000000004,
          43.99999999999999,
          37.99999999999999
        ],
        [
          44.00000000000001,
          13.333333333333334,
          42.66666666666667
        ]
      ]
    },
    {
      "participant": "3242",
      "n_seeds": 10,
      "test_acc_mean": 0.2933333333333333,
      "test_acc_std": 0.020420812966059593,
      "test_bal_acc_mean": 0.2933333333333333,
      "test_bal_acc_std": 0.020420812966059593,
      "test_f1_mean": 0.27949156071179265,
      "test_f1_std": 0.018307796309072043,
      "test_kappa_mean": -0.06000000000000003,
      "test_kappa_std": 0.030631219449089357,
      "confusion_matrix": [
        [
          38.666666666666664,
          20.0,
          41.33333333333333
        ],
        [
          44.0,
          42.0,
          14.0
        ],
        [
          4.666666666666667,
          88.00000000000001,
          7.333333333333334
        ]
      ]
    },
    {
      "participant": "3243",
      "n_seeds": 10,
      "test_acc_mean": 0.4136363636363636,
      "test_acc_std": 0.052267237305031335,
      "test_bal_acc_mean": 0.41507936507936505,
      "test_bal_acc_std": 0.0515445488289826,
      "test_f1_mean": 0.42002924104292616,
      "test_f1_std": 0.049018436479510374,
      "test_kappa_mean": 0.11655426786304268,
      "test_kappa_std": 0.07898650283717398,
      "confusion_matrix": [
        [
          47.857142857142854,
          11.428571428571425,
          40.71428571428571
        ],
        [
          15.333333333333337,
          26.0,
          58.666666666666664
        ],
        [
          0.0,
          49.33333333333333,
          50.66666666666667
        ]
      ]
    },
    {
      "participant": "3244",
      "n_seeds": 10,
      "test_acc_mean": 0.42666666666666664,
      "test_acc_std": 0.02042081296605958,
      "test_bal_acc_mean": 0.42666666666666664,
      "test_bal_acc_std": 0.020420812966059586,
      "test_f1_mean": 0.4234439975150024,
      "test_f1_std": 0.021814200395755035,
      "test_kappa_mean": 0.13999999999999996,
      "test_kappa_std": 0.030631219449089375,
      "confusion_matrix": [
        [
          61.999999999999986,
          18.666666666666668,
          19.333333333333332
        ],
        [
          8.666666666666668,
          32.666666666666664,
          58.666666666666664
        ],
        [
          40.0,
          26.666666666666664,
          33.33333333333333
        ]
      ]
    },
    {
      "participant": "3245",
      "n_seeds": 10,
      "test_acc_mean": 0.4232558139534883,
      "test_acc_std": 0.018344433435967807,
      "test_bal_acc_mean": 0.4075213675213675,
      "test_bal_acc_std": 0.019675866303038407,
      "test_f1_mean": 0.3912211857794712,
      "test_f1_std": 0.030378925577837494,
      "test_kappa_mean": 0.12168981612409953,
      "test_kappa_std": 0.02914349796320261,
      "confusion_matrix": [
        [
          38.66666666666667,
          54.66666666666667,
          6.666666666666666
        ],
        [
          2.0,
          76.66666666666667,
          21.333333333333336
        ],
        [
          0.0,
          93.07692307692307,
          6.9230769230769225
        ]
      ]
    },
    {
      "participant": "3246",
      "n_seeds": 10,
      "test_acc_mean": 0.4355555555555556,
      "test_acc_std": 0.05045744108422636,
      "test_bal_acc_mean": 0.43555555555555553,
      "test_bal_acc_std": 0.050457441084226354,
      "test_f1_mean": 0.4238259635088574,
      "test_f1_std": 0.052381358538185506,
      "test_kappa_mean": 0.1533333333333333,
      "test_kappa_std": 0.0756861616263396,
      "confusion_matrix": [
        [
          66.66666666666666,
          18.666666666666664,
          14.666666666666663
        ],
        [
          10.666666666666668,
          40.666666666666664,
          48.666666666666664
        ],
        [
          52.0,
          24.666666666666668,
          23.333333333333332
        ]
      ]
    },
    {
      "participant": "3247",
      "n_seeds": 10,
      "test_acc_mean": 0.3688888888888889,
      "test_acc_std": 0.03947529657621995,
      "test_bal_acc_mean": 0.3688888888888889,
      "test_bal_acc_std": 0.03947529657621992,
      "test_f1_mean": 0.31482129243188706,
      "test_f1_std": 0.05268761956482153,
      "test_kappa_mean": 0.05333333333333332,
      "test_kappa_std": 0.05921294486432989,
      "confusion_matrix": [
        [
          20.0,
          35.333333333333336,
          44.666666666666664
        ],
        [
          20.0,
          11.333333333333332,
          68.66666666666666
        ],
        [
          13.999999999999996,
          6.666666666666666,
          79.33333333333334
        ]
      ]
    },
    {
      "participant": "3248",
      "n_seeds": 10,
      "test_acc_mean": 0.6227272727272728,
      "test_acc_std": 0.01589104315409319,
      "test_bal_acc_mean": 0.6295238095238096,
      "test_bal_acc_std": 0.016566846454426066,
      "test_f1_mean": 0.5363810758922904,
      "test_f1_std": 0.01611380378130932,
      "test_kappa_mean": 0.4338298752951518,
      "test_kappa_std": 0.024174908990795614,
      "confusion_matrix": [
        [
          92.85714285714286,
          7.1428571428571415,
          0.0
        ],
        [
          7.333333333333334,
          3.3333333333333335,
          89.33333333333334
        ],
        [
          0.0,
          7.333333333333333,
          92.66666666666669
        ]
      ]
    },
    {
      "participant": "3249",
      "n_seeds": 10,
      "test_acc_mean": 0.47777777777777775,
      "test_acc_std": 0.04829038818668628,
      "test_bal_acc_mean": 0.47777777777777775,
      "test_bal_acc_std": 0.04829038818668628,
      "test_f1_mean": 0.4548193774528819,
      "test_f1_std": 0.042724390557222845,
      "test_kappa_mean": 0.21666666666666665,
      "test_kappa_std": 0.07243558228002947,
      "confusion_matrix": [
        [
          16.666666666666668,
          65.33333333333333,
          18.0
        ],
        [
          20.0,
          76.66666666666667,
          3.3333333333333335
        ],
        [
          30.666666666666668,
          19.333333333333336,
          49.99999999999999
        ]
      ]
    },
    {
      "participant": "3250",
      "n_seeds": 10,
      "test_acc_mean": 0.4444444444444445,
      "test_acc_std": 0.04190262407031391,
      "test_bal_acc_mean": 0.4444444444444445,
      "test_bal_acc_std": 0.04190262407031393,
      "test_f1_mean": 0.41366389287052463,
      "test_f1_std": 0.03840932178322335,
      "test_kappa_mean": 0.16666666666666666,
      "test_kappa_std": 0.0628539361054709,
      "confusion_matrix": [
        [
          74.66666666666666,
          20.0,
          5.333333333333334
        ],
        [
          35.99999999999999,
          39.99999999999999,
          23.999999999999996
        ],
        [
          40.666666666666664,
          40.66666666666667,
          18.666666666666668
        ]
      ]
    }
  ],
  "selected_features": [
    "pct_missing",
    "mean_vel",
    "max_vel",
    "mean_acc",
    "rms_disp",
    "fix_mean_dur",
    "fix_rate",
    "blink_mean_dur",
    "blink_rate",
    "sac_rate"
  ],
  "n_participants": 43,
  "n_seeds": 10,
  "n_features": 10,
  "timestamp": "2025-10-17T15:29:48.255061"
}