{
  "name": "eye_gsr",
  "config": {
    "n_seeds": 10,
    "feature_selection": "backward",
    "use_pca": false,
    "pca_variance": 0.95,
    "write_cm": true,
    "tune_hyperparameters": false,
    "tune_n_iter": 30,
    "tune_cv_folds": 5,
    "use_pose_derivatives": true,
    "use_time_features": false,
    "class_config": "all",
    "include_order": false,
    "name": "eye_gsr",
    "feature_groups": [
      "eye_tracking",
      "gsr"
    ],
    "split_strategy": "lopo"
  },
  "metrics": {
    "test_acc_mean": 0.3988137412184901,
    "test_acc_std": 0.11538492190955428,
    "test_bal_acc_mean": 0.39489255189255185,
    "test_bal_acc_std": 0.11423814575303808,
    "test_f1_mean": 0.3488627904998293,
    "test_f1_std": 0.11658999845099044,
    "test_kappa_mean": 0.0869922476881351,
    "test_kappa_std": 0.18267924019430834
  },
  "confusion_matrix": [
    [
      51.029761904761905,
      21.078571428571426,
      25.39166666666666
    ],
    [
      32.230357142857144,
      25.51904761904762,
      42.250595238095244
    ],
    [
      25.19903846153846,
      33.6820054945055,
      41.11895604395606
    ]
  ],
  "participant_results": [
    {
      "participant": "3208",
      "n_seeds": 10,
      "test_acc_mean": 0.3,
      "test_acc_std": 0.06130720502684018,
      "test_bal_acc_mean": 0.3,
      "test_bal_acc_std": 0.061307205026840186,
      "test_f1_mean": 0.2832340086818609,
      "test_f1_std": 0.05247185479268686,
      "test_kappa_mean": -0.050000000000000065,
      "test_kappa_std": 0.09196080754026029,
      "confusion_matrix": [
        [
          12.666666666666666,
          76.0,
          11.333333333333332
        ],
        [
          0.0,
          47.99999999999999,
          52.0
        ],
        [
          0.0,
          70.66666666666666,
          29.333333333333325
        ]
      ]
    },
    {
      "participant": "3209",
      "n_seeds": 10,
      "test_acc_mean": 0.5750000000000001,
      "test_acc_std": 0.03561411901073685,
      "test_bal_acc_mean": 0.5765079365079365,
      "test_bal_acc_std": 0.03576656960724253,
      "test_f1_mean": 0.5630963455938999,
      "test_f1_std": 0.035999770218539694,
      "test_kappa_mean": 0.36478627801392427,
      "test_kappa_std": 0.053146723559511284,
      "confusion_matrix": [
        [
          33.33333333333333,
          22.666666666666664,
          44.0
        ],
        [
          0.0,
          75.33333333333333,
          24.666666666666664
        ],
        [
          1.4285714285714284,
          34.28571428571429,
          64.28571428571429
        ]
      ]
    },
    {
      "participant": "3210",
      "n_seeds": 10,
      "test_acc_mean": 0.32,
      "test_acc_std": 0.04499657051403686,
      "test_bal_acc_mean": 0.32,
      "test_bal_acc_std": 0.044996570514036854,
      "test_f1_mean": 0.29714241412834763,
      "test_f1_std": 0.0399533775556511,
      "test_kappa_mean": -0.3002443792766373,
      "test_kappa_std": 0.09501822236405424,
      "confusion_matrix": [
        [
          0.0,
          0.0,
          0.0
        ],
        [
          0.0,
          12.666666666666666,
          87.33333333333333
        ],
        [
          9.333333333333332,
          39.33333333333333,
          51.333333333333336
        ]
      ]
    },
    {
      "participant": "3214",
      "n_seeds": 10,
      "test_acc_mean": 0.5155555555555555,
      "test_acc_std": 0.025228720542113194,
      "test_bal_acc_mean": 0.5155555555555555,
      "test_bal_acc_std": 0.02522872054211318,
      "test_f1_mean": 0.45865522864857633,
      "test_f1_std": 0.030065622212438182,
      "test_kappa_mean": 0.2733333333333334,
      "test_kappa_std": 0.03784308081316978,
      "confusion_matrix": [
        [
          85.33333333333333,
          5.333333333333334,
          9.333333333333332
        ],
        [
          60.0,
          10.666666666666666,
          29.333333333333336
        ],
        [
          30.666666666666664,
          10.666666666666668,
          58.666666666666664
        ]
      ]
    },
    {
      "participant": "3215",
      "n_seeds": 10,
      "test_acc_mean": 0.36666666666666664,
      "test_acc_std": 0.01888525745775106,
      "test_bal_acc_mean": 0.36666666666666664,
      "test_bal_acc_std": 0.018885257457751044,
      "test_f1_mean": 0.3324170777438481,
      "test_f1_std": 0.01140440447980805,
      "test_kappa_mean": 0.05000000000000001,
      "test_kappa_std": 0.028327886186626575,
      "confusion_matrix": [
        [
          54.666666666666664,
          45.33333333333333,
          0.0
        ],
        [
          52.66666666666667,
          45.33333333333333,
          2.0
        ],
        [
          28.666666666666664,
          61.33333333333333,
          10.000000000000004
        ]
      ]
    },
    {
      "participant": "3216",
      "n_seeds": 10,
      "test_acc_mean": 0.427906976744186,
      "test_acc_std": 0.0366888668719356,
      "test_bal_acc_mean": 0.4191452991452992,
      "test_bal_acc_std": 0.03533498682814725,
      "test_f1_mean": 0.4264740421558592,
      "test_f1_std": 0.03878369066329054,
      "test_kappa_mean": 0.1403251513847461,
      "test_kappa_std": 0.054307142756632384,
      "confusion_matrix": [
        [
          65.99999999999999,
          2.0,
          31.999999999999993
        ],
        [
          27.333333333333336,
          36.666666666666664,
          36.0
        ],
        [
          8.461538461538462,
          68.46153846153848,
          23.076923076923073
        ]
      ]
    },
    {
      "participant": "3217",
      "n_seeds": 10,
      "test_acc_mean": 0.5644444444444444,
      "test_acc_std": 0.03658989343771399,
      "test_bal_acc_mean": 0.5644444444444444,
      "test_bal_acc_std": 0.03658989343771398,
      "test_f1_mean": 0.5190743951880724,
      "test_f1_std": 0.044291569825382286,
      "test_kappa_mean": 0.3466666666666667,
      "test_kappa_std": 0.05488484015657096,
      "confusion_matrix": [
        [
          82.0,
          4.666666666666666,
          13.333333333333334
        ],
        [
          25.333333333333332,
          15.333333333333332,
          59.333333333333336
        ],
        [
          10.000000000000002,
          18.0,
          72.0
        ]
      ]
    },
    {
      "participant": "3218",
      "n_seeds": 10,
      "test_acc_mean": 0.27999999999999997,
      "test_acc_std": 0.01553790886178002,
      "test_bal_acc_mean": 0.27999999999999997,
      "test_bal_acc_std": 0.015537908861780032,
      "test_f1_mean": 0.17078644831142056,
      "test_f1_std": 0.027128424973990747,
      "test_kappa_mean": -0.08000000000000007,
      "test_kappa_std": 0.023306863292670045,
      "confusion_matrix": [
        [
          2.666666666666667,
          17.999999999999996,
          79.33333333333334
        ],
        [
          0.0,
          1.3333333333333335,
          98.66666666666666
        ],
        [
          9.333333333333334,
          10.666666666666666,
          80.0
        ]
      ]
    },
    {
      "participant": "3219",
      "n_seeds": 10,
      "test_acc_mean": 0.3210526315789474,
      "test_acc_std": 0.03464634676865176,
      "test_bal_acc_mean": 0.3304761904761905,
      "test_bal_acc_std": 0.033910349697083404,
      "test_f1_mean": 0.3140550070073595,
      "test_f1_std": 0.041665388939807764,
      "test_kappa_mean": 0.002898007092465216,
      "test_kappa_std": 0.04952416669223368,
      "confusion_matrix": [
        [
          39.285714285714285,
          0.0,
          60.71428571428572
        ],
        [
          45.71428571428571,
          17.857142857142854,
          36.42857142857143
        ],
        [
          41.0,
          17.0,
          42.0
        ]
      ]
    },
    {
      "participant": "3220",
      "n_seeds": 10,
      "test_acc_mean": 0.47111111111111115,
      "test_acc_std": 0.031075817723560033,
      "test_bal_acc_mean": 0.47111111111111115,
      "test_bal_acc_std": 0.031075817723560054,
      "test_f1_mean": 0.38232696071705363,
      "test_f1_std": 0.0296048884511297,
      "test_kappa_mean": 0.20666666666666664,
      "test_kappa_std": 0.04661372658534009,
      "confusion_matrix": [
        [
          72.66666666666667,
          0.0,
          27.333333333333325
        ],
        [
          52.0,
          0.6666666666666667,
          47.333333333333336
        ],
        [
          27.999999999999993,
          4.0,
          67.99999999999999
        ]
      ]
    },
    {
      "participant": "3221",
      "n_seeds": 10,
      "test_acc_mean": 0.4066666666666666,
      "test_acc_std": 0.0432557076167598,
      "test_bal_acc_mean": 0.4066666666666666,
      "test_bal_acc_std": 0.0432557076167598,
      "test_f1_mean": 0.4106218082594403,
      "test_f1_std": 0.04638128188000821,
      "test_kappa_mean": 0.10999999999999996,
      "test_kappa_std": 0.06488356142513971,
      "confusion_matrix": [
        [
          27.333333333333325,
          72.0,
          0.6666666666666667
        ],
        [
          28.0,
          37.33333333333333,
          34.66666666666667
        ],
        [
          6.666666666666667,
          36.0,
          57.33333333333333
        ]
      ]
    },
    {
      "participant": "3222",
      "n_seeds": 10,
      "test_acc_mean": 0.5365853658536587,
      "test_acc_std": 1.1702778228589004e-16,
      "test_bal_acc_mean": 0.48888888888888893,
      "test_bal_acc_std": 0.0,
      "test_f1_mean": 0.4568080003620073,
      "test_f1_std": 5.851389114294502e-17,
      "test_kappa_mean": 0.2692307692307693,
      "test_kappa_std": 0.0,
      "confusion_matrix": [
        [
          46.66666666666667,
          0.0,
          53.33333333333333
        ],
        [
          0.0,
          0.0,
          100.0
        ],
        [
          0.0,
          0.0,
          100.0
        ]
      ]
    },
    {
      "participant": "3223",
      "n_seeds": 10,
      "test_acc_mean": 0.3133333333333333,
      "test_acc_std": 0.05387584161768351,
      "test_bal_acc_mean": 0.31333333333333335,
      "test_bal_acc_std": 0.05387584161768351,
      "test_f1_mean": 0.26542718178389346,
      "test_f1_std": 0.04413954123883106,
      "test_kappa_mean": -0.02999999999999998,
      "test_kappa_std": 0.08081376242652524,
      "confusion_matrix": [
        [
          41.33333333333333,
          29.333333333333336,
          29.333333333333325
        ],
        [
          46.66666666666667,
          52.666666666666664,
          0.6666666666666667
        ],
        [
          17.333333333333336,
          82.66666666666666,
          0.0
        ]
      ]
    },
    {
      "participant": "3224",
      "n_seeds": 10,
      "test_acc_mean": 0.35333333333333333,
      "test_acc_std": 0.017213259316477405,
      "test_bal_acc_mean": 0.31507936507936507,
      "test_bal_acc_std": 0.04431513059677966,
      "test_f1_mean": 0.2501644802697434,
      "test_f1_std": 0.02757785019879807,
      "test_kappa_mean": -0.0671116451029801,
      "test_kappa_std": 0.021221902046299146,
      "confusion_matrix": [
        [
          10.0,
          25.0,
          65.0
        ],
        [
          5.714285714285713,
          2.8571428571428568,
          91.42857142857142
        ],
        [
          2.4999999999999996,
          15.833333333333329,
          81.66666666666669
        ]
      ]
    },
    {
      "participant": "3225",
      "n_seeds": 10,
      "test_acc_mean": 0.25555555555555554,
      "test_acc_std": 0.02618914004394621,
      "test_bal_acc_mean": 0.25555555555555554,
      "test_bal_acc_std": 0.026189140043946207,
      "test_f1_mean": 0.28592452769257015,
      "test_f1_std": 0.025580176796241954,
      "test_kappa_mean": -0.11666666666666672,
      "test_kappa_std": 0.03928371006591928,
      "confusion_matrix": [
        [
          32.66666666666666,
          0.0,
          67.33333333333331
        ],
        [
          0.0,
          17.333333333333336,
          82.66666666666667
        ],
        [
          0.0,
          73.33333333333333,
          26.666666666666664
        ]
      ]
    },
    {
      "participant": "3226",
      "n_seeds": 10,
      "test_acc_mean": 0.006666666666666666,
      "test_acc_std": 0.014998856838012286,
      "test_bal_acc_mean": 0.006666666666666666,
      "test_bal_acc_std": 0.014998856838012286,
      "test_f1_mean": 0.005623805623805625,
      "test_f1_std": 0.012776490554031595,
      "test_kappa_mean": -0.48999999999999994,
      "test_kappa_std": 0.022498285257018424,
      "confusion_matrix": [
        [
          0.6666666666666667,
          34.0,
          65.33333333333334
        ],
        [
          60.0,
          0.0,
          40.0
        ],
        [
          80.0,
          18.666666666666668,
          1.3333333333333335
        ]
      ]
    },
    {
      "participant": "3227",
      "n_seeds": 10,
      "test_acc_mean": 0.5755555555555555,
      "test_acc_std": 0.032203059435976525,
      "test_bal_acc_mean": 0.5755555555555555,
      "test_bal_acc_std": 0.03220305943597654,
      "test_f1_mean": 0.4812767911852232,
      "test_f1_std": 0.02722967228854077,
      "test_kappa_mean": 0.3633333333333334,
      "test_kappa_std": 0.04830458915396478,
      "confusion_matrix": [
        [
          99.33333333333334,
          0.0,
          0.6666666666666667
        ],
        [
          96.66666666666667,
          0.0,
          3.3333333333333335
        ],
        [
          24.666666666666668,
          2.0,
          73.33333333333333
        ]
      ]
    },
    {
      "participant": "3228",
      "n_seeds": 10,
      "test_acc_mean": 0.475,
      "test_acc_std": 0.0380644533168416,
      "test_bal_acc_mean": 0.5033333333333333,
      "test_bal_acc_std": 0.046274068738179214,
      "test_f1_mean": 0.437816150782482,
      "test_f1_std": 0.03791001084717811,
      "test_kappa_mean": 0.2157408564654201,
      "test_kappa_std": 0.0557090787035285,
      "confusion_matrix": [
        [
          61.666666666666664,
          1.6666666666666665,
          36.66666666666667
        ],
        [
          48.666666666666664,
          15.333333333333334,
          35.99999999999999
        ],
        [
          9.333333333333334,
          16.666666666666664,
          73.99999999999999
        ]
      ]
    },
    {
      "participant": "3229",
      "n_seeds": 10,
      "test_acc_mean": 0.4444444444444445,
      "test_acc_std": 0.02342427896421022,
      "test_bal_acc_mean": 0.4444444444444445,
      "test_bal_acc_std": 0.023424278964210215,
      "test_f1_mean": 0.44557521292825564,
      "test_f1_std": 0.022913318433321814,
      "test_kappa_mean": 0.16666666666666663,
      "test_kappa_std": 0.03513641844631532,
      "confusion_matrix": [
        [
          31.333333333333325,
          52.666666666666664,
          16.0
        ],
        [
          12.0,
          54.666666666666664,
          33.33333333333333
        ],
        [
          0.0,
          52.66666666666667,
          47.33333333333333
        ]
      ]
    },
    {
      "participant": "3230",
      "n_seeds": 10,
      "test_acc_mean": 0.3111111111111111,
      "test_acc_std": 0.020951312035156974,
      "test_bal_acc_mean": 0.3111111111111111,
      "test_bal_acc_std": 0.020951312035156953,
      "test_f1_mean": 0.24733671663119577,
      "test_f1_std": 0.028684673729851624,
      "test_kappa_mean": -0.03333333333333342,
      "test_kappa_std": 0.03142696805273549,
      "confusion_matrix": [
        [
          66.66666666666666,
          5.999999999999999,
          27.333333333333332
        ],
        [
          83.33333333333333,
          2.0,
          14.666666666666668
        ],
        [
          75.33333333333334,
          0.0,
          24.666666666666664
        ]
      ]
    },
    {
      "participant": "3231",
      "n_seeds": 10,
      "test_acc_mean": 0.3022222222222222,
      "test_acc_std": 0.018739423171368178,
      "test_bal_acc_mean": 0.3022222222222222,
      "test_bal_acc_std": 0.018739423171368154,
      "test_f1_mean": 0.24569419298148784,
      "test_f1_std": 0.025516786269945572,
      "test_kappa_mean": -0.046666666666666703,
      "test_kappa_std": 0.02810913475705226,
      "confusion_matrix": [
        [
          67.99999999999997,
          5.333333333333333,
          26.666666666666664
        ],
        [
          34.666666666666664,
          2.666666666666667,
          62.66666666666667
        ],
        [
          66.66666666666666,
          13.333333333333334,
          20.0
        ]
      ]
    },
    {
      "participant": "3232",
      "n_seeds": 10,
      "test_acc_mean": 0.39333333333333337,
      "test_acc_std": 0.0210818510677892,
      "test_bal_acc_mean": 0.39333333333333326,
      "test_bal_acc_std": 0.02108185106778919,
      "test_f1_mean": 0.3756848120066511,
      "test_f1_std": 0.02074354015598859,
      "test_kappa_mean": 0.08999999999999997,
      "test_kappa_std": 0.031622776601683784,
      "confusion_matrix": [
        [
          33.33333333333332,
          66.66666666666664,
          0.0
        ],
        [
          13.333333333333332,
          16.0,
          70.66666666666666
        ],
        [
          27.999999999999993,
          3.3333333333333335,
          68.66666666666666
        ]
      ]
    },
    {
      "participant": "3233",
      "n_seeds": 10,
      "test_acc_mean": 0.38,
      "test_acc_std": 0.0338640872612221,
      "test_bal_acc_mean": 0.38,
      "test_bal_acc_std": 0.0338640872612221,
      "test_f1_mean": 0.30290885933035566,
      "test_f1_std": 0.04707417535850542,
      "test_kappa_mean": 0.07000000000000003,
      "test_kappa_std": 0.05079613089183315,
      "confusion_matrix": [
        [
          90.66666666666666,
          8.666666666666666,
          0.6666666666666667
        ],
        [
          86.66666666666666,
          6.666666666666666,
          6.666666666666666
        ],
        [
          45.33333333333333,
          38.0,
          16.666666666666668
        ]
      ]
    },
    {
      "participant": "3234",
      "n_seeds": 10,
      "test_acc_mean": 0.45111111111111113,
      "test_acc_std": 0.05346691091146249,
      "test_bal_acc_mean": 0.4511111111111112,
      "test_bal_acc_std": 0.05346691091146246,
      "test_f1_mean": 0.46634993861259755,
      "test_f1_std": 0.05363902915858841,
      "test_kappa_mean": 0.17666666666666667,
      "test_kappa_std": 0.08020036636719372,
      "confusion_matrix": [
        [
          41.33333333333333,
          4.0,
          54.666666666666664
        ],
        [
          0.0,
          42.0,
          58.0
        ],
        [
          5.333333333333334,
          42.66666666666667,
          52.0
        ]
      ]
    },
    {
      "participant": "3235",
      "n_seeds": 10,
      "test_acc_mean": 0.3227272727272727,
      "test_acc_std": 0.03520893951097651,
      "test_bal_acc_mean": 0.33126984126984127,
      "test_bal_acc_std": 0.03525612453274452,
      "test_f1_mean": 0.2498509794984972,
      "test_f1_std": 0.030527742063657246,
      "test_kappa_mean": -0.004671274849959062,
      "test_kappa_std": 0.05218344130577404,
      "confusion_matrix": [
        [
          70.71428571428572,
          20.714285714285708,
          8.57142857142857
        ],
        [
          67.33333333333331,
          28.666666666666664,
          4.0
        ],
        [
          60.666666666666664,
          39.33333333333333,
          0.0
        ]
      ]
    },
    {
      "participant": "3236",
      "n_seeds": 10,
      "test_acc_mean": 0.47837837837837843,
      "test_acc_std": 0.05412907706594522,
      "test_bal_acc_mean": 0.40095238095238084,
      "test_bal_acc_std": 0.044847005298790654,
      "test_f1_mean": 0.4563743177341366,
      "test_f1_std": 0.05209974857241821,
      "test_kappa_mean": 0.1935314577686197,
      "test_kappa_std": 0.07061789042376493,
      "confusion_matrix": [
        [
          89.33333333333333,
          2.666666666666667,
          8.0
        ],
        [
          39.99999999999999,
          4.285714285714286,
          55.71428571428571
        ],
        [
          19.333333333333336,
          53.999999999999986,
          26.666666666666664
        ]
      ]
    },
    {
      "participant": "3237",
      "n_seeds": 10,
      "test_acc_mean": 0.4404761904761905,
      "test_acc_std": 0.040855675162646835,
      "test_bal_acc_mean": 0.42666666666666675,
      "test_bal_acc_std": 0.037478846342736356,
      "test_f1_mean": 0.4143320663331296,
      "test_f1_std": 0.03898660565475955,
      "test_kappa_mean": 0.14010105532240652,
      "test_kappa_std": 0.06274086377159357,
      "confusion_matrix": [
        [
          73.99999999999999,
          6.666666666666666,
          19.333333333333332
        ],
        [
          57.5,
          23.333333333333332,
          19.166666666666664
        ],
        [
          63.999999999999986,
          5.333333333333333,
          30.666666666666668
        ]
      ]
    },
    {
      "participant": "3238",
      "n_seeds": 10,
      "test_acc_mean": 0.3577777777777778,
      "test_acc_std": 0.042487793776888855,
      "test_bal_acc_mean": 0.3577777777777778,
      "test_bal_acc_std": 0.042487793776888876,
      "test_f1_mean": 0.27447845916093033,
      "test_f1_std": 0.042329269026745234,
      "test_kappa_mean": 0.036666666666666625,
      "test_kappa_std": 0.0637316906653333,
      "confusion_matrix": [
        [
          78.66666666666666,
          20.666666666666668,
          0.6666666666666667
        ],
        [
          65.33333333333333,
          28.0,
          6.666666666666666
        ],
        [
          59.999999999999986,
          39.33333333333333,
          0.6666666666666667
        ]
      ]
    },
    {
      "participant": "3239",
      "n_seeds": 10,
      "test_acc_mean": 0.475,
      "test_acc_std": 0.039291825696636175,
      "test_bal_acc_mean": 0.4658730158730159,
      "test_bal_acc_std": 0.038615277620947394,
      "test_f1_mean": 0.42851958198329515,
      "test_f1_std": 0.036981802651387695,
      "test_kappa_mean": 0.20675258239779568,
      "test_kappa_std": 0.05921932417958988,
      "confusion_matrix": [
        [
          69.33333333333334,
          12.666666666666666,
          18.0
        ],
        [
          64.28571428571429,
          6.428571428571426,
          29.285714285714285
        ],
        [
          19.333333333333336,
          16.666666666666668,
          63.999999999999986
        ]
      ]
    },
    {
      "participant": "3240",
      "n_seeds": 10,
      "test_acc_mean": 0.5465116279069768,
      "test_acc_std": 0.03509839200828458,
      "test_bal_acc_mean": 0.5384126984126985,
      "test_bal_acc_std": 0.034132520776420615,
      "test_f1_mean": 0.4542609700012511,
      "test_f1_std": 0.03659679414910008,
      "test_kappa_mean": 0.31268088720726783,
      "test_kappa_std": 0.05267607891254045,
      "confusion_matrix": [
        [
          70.00000000000001,
          29.999999999999993,
          0.0
        ],
        [
          11.333333333333336,
          88.66666666666667,
          0.0
        ],
        [
          28.571428571428566,
          68.57142857142858,
          2.8571428571428568
        ]
      ]
    },
    {
      "participant": "3241",
      "n_seeds": 10,
      "test_acc_mean": 0.2622222222222222,
      "test_acc_std": 0.03747884634273634,
      "test_bal_acc_mean": 0.26222222222222225,
      "test_bal_acc_std": 0.03747884634273634,
      "test_f1_mean": 0.2075857018983553,
      "test_f1_std": 0.02354773244406895,
      "test_kappa_mean": -0.10666666666666669,
      "test_kappa_std": 0.05621826951410452,
      "confusion_matrix": [
        [
          19.999999999999996,
          6.0,
          73.99999999999999
        ],
        [
          36.666666666666664,
          2.0,
          61.33333333333333
        ],
        [
          38.0,
          5.333333333333333,
          56.666666666666664
        ]
      ]
    },
    {
      "participant": "3242",
      "n_seeds": 10,
      "test_acc_mean": 0.35333333333333333,
      "test_acc_std": 0.019457667461575862,
      "test_bal_acc_mean": 0.35333333333333333,
      "test_bal_acc_std": 0.01945766746157585,
      "test_f1_mean": 0.33424490315991934,
      "test_f1_std": 0.020693270215890014,
      "test_kappa_mean": 0.02999999999999997,
      "test_kappa_std": 0.029186501192363788,
      "confusion_matrix": [
        [
          41.333333333333336,
          2.0,
          56.666666666666664
        ],
        [
          39.33333333333333,
          56.666666666666664,
          4.0
        ],
        [
          2.0,
          89.99999999999999,
          8.0
        ]
      ]
    },
    {
      "participant": "3243",
      "n_seeds": 10,
      "test_acc_mean": 0.4340909090909091,
      "test_acc_std": 0.029242816766089055,
      "test_bal_acc_mean": 0.4368253968253969,
      "test_bal_acc_std": 0.02931427035810431,
      "test_f1_mean": 0.38047990429155976,
      "test_f1_std": 0.0189828484431768,
      "test_kappa_mean": 0.14790945263426516,
      "test_kappa_std": 0.044308143903855436,
      "confusion_matrix": [
        [
          55.71428571428571,
          5.714285714285713,
          38.57142857142857
        ],
        [
          13.333333333333332,
          0.0,
          86.66666666666666
        ],
        [
          0.0,
          24.666666666666664,
          75.33333333333334
        ]
      ]
    },
    {
      "participant": "3244",
      "n_seeds": 10,
      "test_acc_mean": 0.3244444444444444,
      "test_acc_std": 0.011475506210984927,
      "test_bal_acc_mean": 0.3244444444444444,
      "test_bal_acc_std": 0.011475506210984927,
      "test_f1_mean": 0.1984495233991032,
      "test_f1_std": 0.012660350255703081,
      "test_kappa_mean": -0.013333333333333364,
      "test_kappa_std": 0.01721325931647747,
      "confusion_matrix": [
        [
          96.66666666666666,
          3.3333333333333335,
          0.0
        ],
        [
          36.0,
          0.6666666666666667,
          63.333333333333336
        ],
        [
          98.66666666666666,
          1.3333333333333335,
          0.0
        ]
      ]
    },
    {
      "participant": "3245",
      "n_seeds": 10,
      "test_acc_mean": 0.37209302325581395,
      "test_acc_std": 0.034667720581392086,
      "test_bal_acc_mean": 0.3606837606837606,
      "test_bal_acc_std": 0.034178536192521536,
      "test_f1_mean": 0.3412384352746912,
      "test_f1_std": 0.048166789707644826,
      "test_kappa_mean": 0.04583842452280716,
      "test_kappa_std": 0.05303705007527774,
      "confusion_matrix": [
        [
          25.333333333333332,
          70.0,
          4.666666666666666
        ],
        [
          0.6666666666666667,
          71.33333333333333,
          27.999999999999993
        ],
        [
          0.0,
          88.46153846153847,
          11.538461538461538
        ]
      ]
    },
    {
      "participant": "3246",
      "n_seeds": 10,
      "test_acc_mean": 0.4688888888888888,
      "test_acc_std": 0.04376016440812423,
      "test_bal_acc_mean": 0.4688888888888888,
      "test_bal_acc_std": 0.043760164408124226,
      "test_f1_mean": 0.44038885071405653,
      "test_f1_std": 0.042894243431460456,
      "test_kappa_mean": 0.2033333333333333,
      "test_kappa_std": 0.06564024661218636,
      "confusion_matrix": [
        [
          81.33333333333334,
          11.333333333333334,
          7.333333333333333
        ],
        [
          17.333333333333336,
          38.666666666666664,
          43.999999999999986
        ],
        [
          50.66666666666667,
          28.666666666666664,
          20.666666666666664
        ]
      ]
    },
    {
      "participant": "3247",
      "n_seeds": 10,
      "test_acc_mean": 0.3555555555555555,
      "test_acc_std": 0.018144368465060574,
      "test_bal_acc_mean": 0.3555555555555555,
      "test_bal_acc_std": 0.018144368465060574,
      "test_f1_mean": 0.23596834718204152,
      "test_f1_std": 0.03012617393916606,
      "test_kappa_mean": 0.03333333333333331,
      "test_kappa_std": 0.02721655269759089,
      "confusion_matrix": [
        [
          0.6666666666666667,
          44.66666666666666,
          54.666666666666664
        ],
        [
          5.999999999999999,
          10.0,
          84.0
        ],
        [
          0.0,
          4.0,
          96.00000000000001
        ]
      ]
    },
    {
      "participant": "3248",
      "n_seeds": 10,
      "test_acc_mean": 0.6477272727272727,
      "test_acc_std": 0.026784347772217686,
      "test_bal_acc_mean": 0.6549206349206351,
      "test_bal_acc_std": 0.027094906953359935,
      "test_f1_mean": 0.5435587127444391,
      "test_f1_std": 0.034631877948404284,
      "test_kappa_mean": 0.4719222847144938,
      "test_kappa_std": 0.04031537708339236,
      "confusion_matrix": [
        [
          97.14285714285714,
          0.7142857142857142,
          2.142857142857143
        ],
        [
          8.666666666666666,
          3.3333333333333335,
          88.0
        ],
        [
          4.0,
          0.0,
          96.0
        ]
      ]
    },
    {
      "participant": "3249",
      "n_seeds": 10,
      "test_acc_mean": 0.3577777777777778,
      "test_acc_std": 0.022098420578038968,
      "test_bal_acc_mean": 0.3577777777777778,
      "test_bal_acc_std": 0.022098420578038958,
      "test_f1_mean": 0.21469205762426374,
      "test_f1_std": 0.04025773659048345,
      "test_kappa_mean": 0.03666666666666666,
      "test_kappa_std": 0.033147630867058436,
      "confusion_matrix": [
        [
          0.6666666666666667,
          98.66666666666666,
          0.6666666666666667
        ],
        [
          0.0,
          100.0,
          0.0
        ],
        [
          2.0,
          91.33333333333333,
          6.666666666666666
        ]
      ]
    },
    {
      "participant": "3250",
      "n_seeds": 10,
      "test_acc_mean": 0.40888888888888886,
      "test_acc_std": 0.03658989343771398,
      "test_bal_acc_mean": 0.40888888888888886,
      "test_bal_acc_std": 0.03658989343771398,
      "test_f1_mean": 0.3556144023674983,
      "test_f1_std": 0.03037172381663044,
      "test_kappa_mean": 0.11333333333333333,
      "test_kappa_std": 0.05488484015657097,
      "confusion_matrix": [
        [
          70.66666666666666,
          27.999999999999993,
          1.3333333333333335
        ],
        [
          46.666666666666664,
          45.33333333333333,
          8.0
        ],
        [
          32.666666666666664,
          60.666666666666664,
          6.666666666666666
        ]
      ]
    }
  ],
  "selected_features": [
    "pct_missing",
    "mean_vel",
    "max_vel",
    "rms_disp",
    "fix_mean_dur",
    "fix_rate",
    "blink_mean_dur",
    "blink_rate",
    "sac_rate",
    "SCR_Peaks_N",
    "SCR_Peaks_Amplitude_Mean",
    "EDA_Tonic_SD"
  ],
  "n_participants": 40,
  "n_seeds": 10,
  "n_features": 12,
  "timestamp": "2025-10-17T16:17:34.391299"
}