{
  "name": "eye_ecg",
  "config": {
    "n_seeds": 10,
    "feature_selection": "backward",
    "use_pca": false,
    "pca_variance": 0.95,
    "write_cm": true,
    "tune_hyperparameters": false,
    "tune_n_iter": 30,
    "tune_cv_folds": 5,
    "use_pose_derivatives": true,
    "use_time_features": false,
    "class_config": "all",
    "include_order": false,
    "name": "eye_ecg",
    "feature_groups": [
      "eye_tracking",
      "ecg"
    ],
    "split_strategy": "lopo"
  },
  "metrics": {
    "test_acc_mean": 0.4048457964951233,
    "test_acc_std": 0.13505836299952556,
    "test_bal_acc_mean": 0.40334393676498936,
    "test_bal_acc_std": 0.1323808277685156,
    "test_f1_mean": 0.3642871067349943,
    "test_f1_std": 0.14742488728169081,
    "test_kappa_mean": 0.07897575724680761,
    "test_kappa_std": 0.17600809817087187
  },
  "confusion_matrix": [
    [
      43.709899749373434,
      23.39411027568923,
      27.6328320802005
    ],
    [
      37.852130325814535,
      19.947994987468675,
      39.56829573934836
    ],
    [
      27.21963562753037,
      20.838586851744747,
      51.94177752072489
    ]
  ],
  "participant_results": [
    {
      "participant": "3208",
      "n_seeds": 10,
      "test_acc_mean": 0.4444444444444445,
      "test_acc_std": 0.03142696805273545,
      "test_bal_acc_mean": 0.4444444444444445,
      "test_bal_acc_std": 0.03142696805273544,
      "test_f1_mean": 0.45128118549641805,
      "test_f1_std": 0.027233001097571135,
      "test_kappa_mean": 0.16666666666666663,
      "test_kappa_std": 0.047140452079103175,
      "confusion_matrix": [
        [
          61.333333333333336,
          38.0,
          0.6666666666666667
        ],
        [
          14.666666666666668,
          39.33333333333333,
          45.99999999999999
        ],
        [
          11.333333333333334,
          56.0,
          32.66666666666666
        ]
      ]
    },
    {
      "participant": "3209",
      "n_seeds": 10,
      "test_acc_mean": 0.34090909090909094,
      "test_acc_std": 0.023956648940669543,
      "test_bal_acc_mean": 0.3517460317460318,
      "test_bal_acc_std": 0.023946694813518864,
      "test_f1_mean": 0.2883063625773178,
      "test_f1_std": 0.026494213964426694,
      "test_kappa_mean": 0.02377683228941473,
      "test_kappa_std": 0.035962283503201437,
      "confusion_matrix": [
        [
          22.666666666666664,
          47.33333333333333,
          30.0
        ],
        [
          0.0,
          0.0,
          100.0
        ],
        [
          0.0,
          17.142857142857142,
          82.85714285714285
        ]
      ]
    },
    {
      "participant": "3210",
      "n_seeds": 10,
      "test_acc_mean": 0.4133333333333334,
      "test_acc_std": 0.02330686329267004,
      "test_bal_acc_mean": 0.4133333333333334,
      "test_bal_acc_std": 0.02330686329267004,
      "test_f1_mean": 0.29227777327607163,
      "test_f1_std": 0.011796394340669694,
      "test_kappa_mean": -0.16602150537634403,
      "test_kappa_std": 0.05532081288473559,
      "confusion_matrix": [
        [
          0.0,
          0.0,
          0.0
        ],
        [
          0.0,
          0.0,
          100.0
        ],
        [
          1.3333333333333335,
          16.0,
          82.66666666666666
        ]
      ]
    },
    {
      "participant": "3214",
      "n_seeds": 10,
      "test_acc_mean": 0.3155555555555555,
      "test_acc_std": 0.022951012421969886,
      "test_bal_acc_mean": 0.3155555555555555,
      "test_bal_acc_std": 0.02295101242196986,
      "test_f1_mean": 0.20247871635347708,
      "test_f1_std": 0.02732774276701031,
      "test_kappa_mean": -0.02666666666666666,
      "test_kappa_std": 0.03442651863295488,
      "confusion_matrix": [
        [
          0.0,
          20.666666666666668,
          79.33333333333333
        ],
        [
          0.0,
          9.333333333333334,
          90.66666666666666
        ],
        [
          0.0,
          14.666666666666666,
          85.33333333333333
        ]
      ]
    },
    {
      "participant": "3215",
      "n_seeds": 10,
      "test_acc_mean": 0.4,
      "test_acc_std": 0.0,
      "test_bal_acc_mean": 0.39999999999999997,
      "test_bal_acc_std": 0.0,
      "test_f1_mean": 0.29393939393939394,
      "test_f1_std": 0.0016264171432311572,
      "test_kappa_mean": 0.10000000000000005,
      "test_kappa_std": 5.434236451787649e-17,
      "confusion_matrix": [
        [
          100.0,
          0.0,
          0.0
        ],
        [
          100.0,
          0.0,
          0.0
        ],
        [
          64.66666666666666,
          15.333333333333334,
          20.0
        ]
      ]
    },
    {
      "participant": "3216",
      "n_seeds": 10,
      "test_acc_mean": 0.49534883720930234,
      "test_acc_std": 0.05147893865390385,
      "test_bal_acc_mean": 0.4965811965811966,
      "test_bal_acc_std": 0.05057601984147237,
      "test_f1_mean": 0.495781523509904,
      "test_f1_std": 0.05919324757260011,
      "test_kappa_mean": 0.24746064904170204,
      "test_kappa_std": 0.07592105487075779,
      "confusion_matrix": [
        [
          38.0,
          29.333333333333332,
          32.666666666666664
        ],
        [
          0.0,
          58.666666666666664,
          41.33333333333333
        ],
        [
          13.076923076923077,
          34.61538461538461,
          52.30769230769231
        ]
      ]
    },
    {
      "participant": "3217",
      "n_seeds": 10,
      "test_acc_mean": 0.542222222222222,
      "test_acc_std": 0.05756847178585318,
      "test_bal_acc_mean": 0.5422222222222222,
      "test_bal_acc_std": 0.05756847178585319,
      "test_f1_mean": 0.4357631723555011,
      "test_f1_std": 0.04708344209522976,
      "test_kappa_mean": 0.31333333333333335,
      "test_kappa_std": 0.0863527076787798,
      "confusion_matrix": [
        [
          70.66666666666667,
          4.0,
          25.333333333333332
        ],
        [
          44.66666666666667,
          0.0,
          55.33333333333333
        ],
        [
          8.0,
          0.0,
          91.99999999999999
        ]
      ]
    },
    {
      "participant": "3218",
      "n_seeds": 10,
      "test_acc_mean": 0.2533333333333333,
      "test_acc_std": 0.040841625932119166,
      "test_bal_acc_mean": 0.2533333333333333,
      "test_bal_acc_std": 0.040841625932119166,
      "test_f1_mean": 0.21795780056013067,
      "test_f1_std": 0.04139985959091736,
      "test_kappa_mean": -0.12000000000000002,
      "test_kappa_std": 0.06126243889817875,
      "confusion_matrix": [
        [
          2.0,
          49.99999999999999,
          48.0
        ],
        [
          20.0,
          45.99999999999999,
          34.0
        ],
        [
          15.333333333333332,
          56.666666666666664,
          28.0
        ]
      ]
    },
    {
      "participant": "3219",
      "n_seeds": 10,
      "test_acc_mean": 0.5279069767441861,
      "test_acc_std": 0.04392004798206293,
      "test_bal_acc_mean": 0.525079365079365,
      "test_bal_acc_std": 0.044962961717727526,
      "test_f1_mean": 0.4953421211424135,
      "test_f1_std": 0.060249617443160354,
      "test_kappa_mean": 0.2916909407960059,
      "test_kappa_std": 0.06672038879960113,
      "confusion_matrix": [
        [
          74.99999999999999,
          3.5714285714285707,
          21.428571428571427
        ],
        [
          69.2857142857143,
          17.857142857142854,
          12.857142857142856
        ],
        [
          33.999999999999986,
          1.3333333333333335,
          64.66666666666666
        ]
      ]
    },
    {
      "participant": "3220",
      "n_seeds": 10,
      "test_acc_mean": 0.2577777777777778,
      "test_acc_std": 0.051533413721262473,
      "test_bal_acc_mean": 0.2577777777777778,
      "test_bal_acc_std": 0.051533413721262473,
      "test_f1_mean": 0.20221071144743735,
      "test_f1_std": 0.04251933803972753,
      "test_kappa_mean": -0.11333333333333337,
      "test_kappa_std": 0.07730012058189369,
      "confusion_matrix": [
        [
          12.0,
          7.333333333333334,
          80.66666666666667
        ],
        [
          8.666666666666668,
          5.333333333333333,
          85.99999999999999
        ],
        [
          38.66666666666667,
          1.3333333333333335,
          60.0
        ]
      ]
    },
    {
      "participant": "3221",
      "n_seeds": 10,
      "test_acc_mean": 0.37555555555555553,
      "test_acc_std": 0.042487793776888855,
      "test_bal_acc_mean": 0.37555555555555553,
      "test_bal_acc_std": 0.042487793776888834,
      "test_f1_mean": 0.36687331811636664,
      "test_f1_std": 0.05053798033666801,
      "test_kappa_mean": 0.06333333333333334,
      "test_kappa_std": 0.06373169066533327,
      "confusion_matrix": [
        [
          50.0,
          50.0,
          0.0
        ],
        [
          46.0,
          39.33333333333333,
          14.666666666666666
        ],
        [
          46.666666666666664,
          30.0,
          23.333333333333332
        ]
      ]
    },
    {
      "participant": "3223",
      "n_seeds": 10,
      "test_acc_mean": 0.0,
      "test_acc_std": 0.0,
      "test_bal_acc_mean": 0.0,
      "test_bal_acc_std": 0.0,
      "test_f1_mean": 0.0,
      "test_f1_std": 0.0,
      "test_kappa_mean": -0.5,
      "test_kappa_std": 2.220446049250313e-16,
      "confusion_matrix": [
        [
          0.0,
          8.666666666666668,
          91.33333333333334
        ],
        [
          100.0,
          0.0,
          0.0
        ],
        [
          100.0,
          0.0,
          0.0
        ]
      ]
    },
    {
      "participant": "3224",
      "n_seeds": 10,
      "test_acc_mean": 0.4366666666666667,
      "test_acc_std": 0.029186501192363778,
      "test_bal_acc_mean": 0.48849206349206353,
      "test_bal_acc_std": 0.039303747664807584,
      "test_f1_mean": 0.35263242012312873,
      "test_f1_std": 0.025513841838229023,
      "test_kappa_mean": 0.16741193696176473,
      "test_kappa_std": 0.047973123860220464,
      "confusion_matrix": [
        [
          57.5,
          2.5,
          40.0
        ],
        [
          44.285714285714285,
          5.714285714285713,
          50.0
        ],
        [
          5.833333333333331,
          10.833333333333332,
          83.33333333333334
        ]
      ]
    },
    {
      "participant": "3225",
      "n_seeds": 10,
      "test_acc_mean": 0.5066666666666666,
      "test_acc_std": 0.027317168762349298,
      "test_bal_acc_mean": 0.5066666666666666,
      "test_bal_acc_std": 0.027317168762349294,
      "test_f1_mean": 0.46173429039796565,
      "test_f1_std": 0.04366803054219466,
      "test_kappa_mean": 0.25999999999999995,
      "test_kappa_std": 0.040975753143523974,
      "confusion_matrix": [
        [
          45.33333333333333,
          0.0,
          54.666666666666664
        ],
        [
          0.0,
          12.666666666666666,
          87.33333333333333
        ],
        [
          0.0,
          6.0,
          94.0
        ]
      ]
    },
    {
      "participant": "3226",
      "n_seeds": 10,
      "test_acc_mean": 0.2977777777777778,
      "test_acc_std": 0.060360144555447,
      "test_bal_acc_mean": 0.2977777777777778,
      "test_bal_acc_std": 0.06036014455544699,
      "test_f1_mean": 0.3039453556622731,
      "test_f1_std": 0.054554107209755294,
      "test_kappa_mean": -0.0533333333333334,
      "test_kappa_std": 0.0905402168331705,
      "confusion_matrix": [
        [
          26.0,
          72.66666666666666,
          1.3333333333333335
        ],
        [
          50.66666666666667,
          21.333333333333336,
          27.999999999999993
        ],
        [
          43.33333333333333,
          14.666666666666666,
          42.00000000000001
        ]
      ]
    },
    {
      "participant": "3227",
      "n_seeds": 10,
      "test_acc_mean": 0.46222222222222226,
      "test_acc_std": 0.02522872054211318,
      "test_bal_acc_mean": 0.4622222222222222,
      "test_bal_acc_std": 0.025228720542113184,
      "test_f1_mean": 0.4036788441000957,
      "test_f1_std": 0.02141041459508871,
      "test_kappa_mean": 0.19333333333333327,
      "test_kappa_std": 0.0378430808131698,
      "confusion_matrix": [
        [
          95.33333333333334,
          4.0,
          0.6666666666666667
        ],
        [
          74.66666666666666,
          0.6666666666666667,
          24.666666666666664
        ],
        [
          4.0,
          53.333333333333336,
          42.66666666666666
        ]
      ]
    },
    {
      "participant": "3228",
      "n_seeds": 10,
      "test_acc_mean": 0.3555555555555555,
      "test_acc_std": 0.03312693299999689,
      "test_bal_acc_mean": 0.3555555555555555,
      "test_bal_acc_std": 0.033126932999996875,
      "test_f1_mean": 0.3457524367821757,
      "test_f1_std": 0.03106437454189719,
      "test_kappa_mean": 0.033333333333333305,
      "test_kappa_std": 0.04969039949999535,
      "confusion_matrix": [
        [
          33.33333333333333,
          48.0,
          18.666666666666664
        ],
        [
          61.333333333333336,
          11.333333333333332,
          27.333333333333325
        ],
        [
          8.666666666666668,
          29.333333333333332,
          62.0
        ]
      ]
    },
    {
      "participant": "3229",
      "n_seeds": 10,
      "test_acc_mean": 0.4555555555555556,
      "test_acc_std": 0.02400274332743652,
      "test_bal_acc_mean": 0.4555555555555556,
      "test_bal_acc_std": 0.024002743327436512,
      "test_f1_mean": 0.37938875507788,
      "test_f1_std": 0.025422956982558524,
      "test_kappa_mean": 0.1833333333333333,
      "test_kappa_std": 0.03600411499115478,
      "confusion_matrix": [
        [
          46.0,
          22.666666666666664,
          31.333333333333332
        ],
        [
          42.66666666666667,
          2.0,
          55.33333333333333
        ],
        [
          9.333333333333336,
          2.0,
          88.66666666666666
        ]
      ]
    },
    {
      "participant": "3230",
      "n_seeds": 10,
      "test_acc_mean": 0.25555555555555554,
      "test_acc_std": 0.03666479606152468,
      "test_bal_acc_mean": 0.25555555555555554,
      "test_bal_acc_std": 0.03666479606152469,
      "test_f1_mean": 0.19725956481966822,
      "test_f1_std": 0.040564361803140825,
      "test_kappa_mean": -0.1166666666666667,
      "test_kappa_std": 0.054997194092287024,
      "confusion_matrix": [
        [
          57.999999999999986,
          12.000000000000002,
          29.999999999999993
        ],
        [
          67.99999999999999,
          1.3333333333333335,
          30.666666666666668
        ],
        [
          82.0,
          0.6666666666666667,
          17.333333333333336
        ]
      ]
    },
    {
      "participant": "3232",
      "n_seeds": 10,
      "test_acc_mean": 0.39555555555555555,
      "test_acc_std": 0.03107581772356005,
      "test_bal_acc_mean": 0.39555555555555555,
      "test_bal_acc_std": 0.031075817723560047,
      "test_f1_mean": 0.38196260580071567,
      "test_f1_std": 0.0331058964083948,
      "test_kappa_mean": 0.09333333333333332,
      "test_kappa_std": 0.04661372658534007,
      "confusion_matrix": [
        [
          21.333333333333336,
          78.66666666666666,
          0.0
        ],
        [
          34.666666666666664,
          22.666666666666664,
          42.666666666666664
        ],
        [
          20.000000000000004,
          5.333333333333334,
          74.66666666666666
        ]
      ]
    },
    {
      "participant": "3233",
      "n_seeds": 10,
      "test_acc_mean": 0.33999999999999997,
      "test_acc_std": 0.025766706860631247,
      "test_bal_acc_mean": 0.34,
      "test_bal_acc_std": 0.025766706860631237,
      "test_f1_mean": 0.3515611099806141,
      "test_f1_std": 0.022405939293962566,
      "test_kappa_mean": 0.009999999999999998,
      "test_kappa_std": 0.03865006029094687,
      "confusion_matrix": [
        [
          39.99999999999999,
          53.333333333333336,
          6.666666666666666
        ],
        [
          65.33333333333333,
          18.666666666666664,
          16.0
        ],
        [
          13.333333333333332,
          43.33333333333333,
          43.33333333333333
        ]
      ]
    },
    {
      "participant": "3234",
      "n_seeds": 10,
      "test_acc_mean": 0.4177777777777778,
      "test_acc_std": 0.05621826951410452,
      "test_bal_acc_mean": 0.4177777777777778,
      "test_bal_acc_std": 0.05621826951410451,
      "test_f1_mean": 0.4111661655273672,
      "test_f1_std": 0.05602664572715936,
      "test_kappa_mean": 0.12666666666666662,
      "test_kappa_std": 0.08432740427115679,
      "confusion_matrix": [
        [
          49.99999999999999,
          37.99999999999999,
          12.000000000000002
        ],
        [
          30.666666666666664,
          53.333333333333336,
          16.000000000000004
        ],
        [
          0.0,
          78.0,
          21.999999999999996
        ]
      ]
    },
    {
      "participant": "3235",
      "n_seeds": 10,
      "test_acc_mean": 0.28409090909090906,
      "test_acc_std": 0.01931446785451813,
      "test_bal_acc_mean": 0.2944444444444444,
      "test_bal_acc_std": 0.019007158673741854,
      "test_f1_mean": 0.19864199627237236,
      "test_f1_std": 0.02531123163894392,
      "test_kappa_mean": -0.05904930094325293,
      "test_kappa_std": 0.027837964581846713,
      "confusion_matrix": [
        [
          75.0,
          9.285714285714283,
          15.714285714285712
        ],
        [
          86.66666666666667,
          13.333333333333334,
          0.0
        ],
        [
          61.333333333333336,
          38.66666666666667,
          0.0
        ]
      ]
    },
    {
      "participant": "3236",
      "n_seeds": 10,
      "test_acc_mean": 0.5864864864864864,
      "test_acc_std": 0.054129077065945226,
      "test_bal_acc_mean": 0.5025396825396825,
      "test_bal_acc_std": 0.06274784290430739,
      "test_f1_mean": 0.5492838595164177,
      "test_f1_std": 0.05862493749569238,
      "test_kappa_mean": 0.3180095851587455,
      "test_kappa_std": 0.08845083971394606,
      "confusion_matrix": [
        [
          44.66666666666667,
          2.666666666666667,
          52.666666666666664
        ],
        [
          0.0,
          11.428571428571425,
          88.57142857142856
        ],
        [
          0.0,
          5.333333333333334,
          94.66666666666667
        ]
      ]
    },
    {
      "participant": "3237",
      "n_seeds": 10,
      "test_acc_mean": 0.3238095238095238,
      "test_acc_std": 0.040778516122746446,
      "test_bal_acc_mean": 0.3116666666666667,
      "test_bal_acc_std": 0.0442472477114809,
      "test_f1_mean": 0.2537419010864671,
      "test_f1_std": 0.05068942842409684,
      "test_kappa_mean": -0.03309934149401287,
      "test_kappa_std": 0.0640216954926939,
      "confusion_matrix": [
        [
          72.66666666666667,
          27.333333333333332,
          0.0
        ],
        [
          75.00000000000001,
          14.166666666666663,
          10.833333333333332
        ],
        [
          85.99999999999999,
          7.333333333333334,
          6.666666666666667
        ]
      ]
    },
    {
      "participant": "3238",
      "n_seeds": 10,
      "test_acc_mean": 0.49555555555555547,
      "test_acc_std": 0.031514144275826154,
      "test_bal_acc_mean": 0.49555555555555547,
      "test_bal_acc_std": 0.03151414427582615,
      "test_f1_mean": 0.43756690953035704,
      "test_f1_std": 0.03844854560448345,
      "test_kappa_mean": 0.24333333333333332,
      "test_kappa_std": 0.04727121641373922,
      "confusion_matrix": [
        [
          66.66666666666666,
          15.333333333333334,
          18.000000000000004
        ],
        [
          56.666666666666664,
          6.666666666666667,
          36.666666666666664
        ],
        [
          14.0,
          10.666666666666668,
          75.33333333333334
        ]
      ]
    },
    {
      "participant": "3239",
      "n_seeds": 10,
      "test_acc_mean": 0.42272727272727273,
      "test_acc_std": 0.024431084085753167,
      "test_bal_acc_mean": 0.41396825396825393,
      "test_bal_acc_std": 0.024485409683441588,
      "test_f1_mean": 0.3324568799135592,
      "test_f1_std": 0.03467631651539143,
      "test_kappa_mean": 0.12724113233286483,
      "test_kappa_std": 0.0362429267165607,
      "confusion_matrix": [
        [
          100.0,
          0.0,
          0.0
        ],
        [
          97.14285714285714,
          2.8571428571428568,
          0.0
        ],
        [
          51.333333333333336,
          27.333333333333332,
          21.333333333333336
        ]
      ]
    },
    {
      "participant": "3240",
      "n_seeds": 10,
      "test_acc_mean": 0.5720930232558139,
      "test_acc_std": 0.024999248831933506,
      "test_bal_acc_mean": 0.5628571428571428,
      "test_bal_acc_std": 0.025376976370427122,
      "test_f1_mean": 0.5091355174104154,
      "test_f1_std": 0.03591637806775273,
      "test_kappa_mean": 0.3516728731138812,
      "test_kappa_std": 0.03817055369122136,
      "confusion_matrix": [
        [
          14.285714285714283,
          45.71428571428571,
          39.99999999999999
        ],
        [
          0.0,
          96.0,
          4.0
        ],
        [
          0.0,
          41.42857142857143,
          58.57142857142857
        ]
      ]
    },
    {
      "participant": "3241",
      "n_seeds": 10,
      "test_acc_mean": 0.3666666666666667,
      "test_acc_std": 0.03353846347458303,
      "test_bal_acc_mean": 0.3666666666666667,
      "test_bal_acc_std": 0.03353846347458302,
      "test_f1_mean": 0.33035101438416714,
      "test_f1_std": 0.024653323435451367,
      "test_kappa_mean": 0.04999999999999999,
      "test_kappa_std": 0.05030769521187453,
      "confusion_matrix": [
        [
          6.666666666666666,
          57.33333333333333,
          35.99999999999999
        ],
        [
          14.0,
          38.66666666666667,
          47.33333333333333
        ],
        [
          29.333333333333336,
          5.999999999999999,
          64.66666666666666
        ]
      ]
    },
    {
      "participant": "3242",
      "n_seeds": 10,
      "test_acc_mean": 0.31555555555555553,
      "test_acc_std": 0.07317978687542796,
      "test_bal_acc_mean": 0.31555555555555553,
      "test_bal_acc_std": 0.07317978687542795,
      "test_f1_mean": 0.31611029447811767,
      "test_f1_std": 0.07301497006883753,
      "test_kappa_mean": -0.026666666666666738,
      "test_kappa_std": 0.10976968031314198,
      "confusion_matrix": [
        [
          37.33333333333333,
          1.3333333333333335,
          61.33333333333333
        ],
        [
          67.99999999999999,
          25.999999999999993,
          6.0
        ],
        [
          45.99999999999999,
          22.666666666666664,
          31.333333333333325
        ]
      ]
    },
    {
      "participant": "3243",
      "n_seeds": 10,
      "test_acc_mean": 0.5181818181818181,
      "test_acc_std": 0.027938013506948134,
      "test_bal_acc_mean": 0.513968253968254,
      "test_bal_acc_std": 0.027935305409424047,
      "test_f1_mean": 0.47318778600263556,
      "test_f1_std": 0.04217160038741198,
      "test_kappa_mean": 0.27168991423005867,
      "test_kappa_std": 0.04253107030592721,
      "confusion_matrix": [
        [
          32.857142857142854,
          2.142857142857143,
          64.99999999999999
        ],
        [
          1.3333333333333335,
          21.333333333333332,
          77.33333333333334
        ],
        [
          0.0,
          0.0,
          100.0
        ]
      ]
    },
    {
      "participant": "3244",
      "n_seeds": 10,
      "test_acc_mean": 0.5133333333333333,
      "test_acc_std": 0.035447366263719714,
      "test_bal_acc_mean": 0.5133333333333333,
      "test_bal_acc_std": 0.03544736626371968,
      "test_f1_mean": 0.5123625216318168,
      "test_f1_std": 0.03865578288552463,
      "test_kappa_mean": 0.27,
      "test_kappa_std": 0.05317104939557959,
      "confusion_matrix": [
        [
          63.33333333333333,
          5.333333333333334,
          31.333333333333332
        ],
        [
          29.333333333333332,
          40.0,
          30.666666666666668
        ],
        [
          33.33333333333333,
          16.0,
          50.66666666666667
        ]
      ]
    },
    {
      "participant": "3245",
      "n_seeds": 10,
      "test_acc_mean": 0.4604651162790698,
      "test_acc_std": 0.04357664906218664,
      "test_bal_acc_mean": 0.44683760683760687,
      "test_bal_acc_std": 0.04163990910386725,
      "test_f1_mean": 0.45961065164760495,
      "test_f1_std": 0.03837607619124267,
      "test_kappa_mean": 0.1814462512467544,
      "test_kappa_std": 0.06487613245766426,
      "confusion_matrix": [
        [
          53.333333333333336,
          45.33333333333333,
          1.3333333333333335
        ],
        [
          0.6666666666666667,
          65.33333333333333,
          33.99999999999999
        ],
        [
          0.7692307692307693,
          83.84615384615385,
          15.384615384615383
        ]
      ]
    },
    {
      "participant": "3246",
      "n_seeds": 10,
      "test_acc_mean": 0.4333333333333334,
      "test_acc_std": 0.03954473426678262,
      "test_bal_acc_mean": 0.4333333333333334,
      "test_bal_acc_std": 0.03954473426678264,
      "test_f1_mean": 0.4155081713468811,
      "test_f1_std": 0.039202172641868246,
      "test_kappa_mean": 0.15,
      "test_kappa_std": 0.05931710140017394,
      "confusion_matrix": [
        [
          69.99999999999999,
          14.666666666666666,
          15.333333333333334
        ],
        [
          13.333333333333334,
          23.333333333333332,
          63.33333333333333
        ],
        [
          51.999999999999986,
          11.333333333333336,
          36.666666666666664
        ]
      ]
    },
    {
      "participant": "3247",
      "n_seeds": 10,
      "test_acc_mean": 0.3355555555555556,
      "test_acc_std": 0.012614360271056599,
      "test_bal_acc_mean": 0.3355555555555556,
      "test_bal_acc_std": 0.012614360271056599,
      "test_f1_mean": 0.23844343634551893,
      "test_f1_std": 0.016056132007804823,
      "test_kappa_mean": 0.0033333333333333327,
      "test_kappa_std": 0.01892154040658493,
      "confusion_matrix": [
        [
          2.0,
          29.333333333333332,
          68.66666666666664
        ],
        [
          1.3333333333333335,
          13.333333333333332,
          85.33333333333334
        ],
        [
          8.0,
          6.666666666666666,
          85.33333333333333
        ]
      ]
    },
    {
      "participant": "3248",
      "n_seeds": 10,
      "test_acc_mean": 0.19545454545454546,
      "test_acc_std": 0.05483927597228442,
      "test_bal_acc_mean": 0.19888888888888887,
      "test_bal_acc_std": 0.05494524940046085,
      "test_f1_mean": 0.18003790091817592,
      "test_f1_std": 0.05544595036361165,
      "test_kappa_mean": -0.20115119197889272,
      "test_kappa_std": 0.08116253358263631,
      "confusion_matrix": [
        [
          34.99999999999999,
          36.42857142857143,
          28.571428571428566
        ],
        [
          36.666666666666664,
          9.333333333333334,
          54.0
        ],
        [
          68.66666666666666,
          16.0,
          15.333333333333334
        ]
      ]
    },
    {
      "participant": "3249",
      "n_seeds": 10,
      "test_acc_mean": 0.82,
      "test_acc_std": 0.06324555320336761,
      "test_bal_acc_mean": 0.82,
      "test_bal_acc_std": 0.06324555320336761,
      "test_f1_mean": 0.8999094774956845,
      "test_f1_std": 0.0380555884275371,
      "test_kappa_mean": 0.0,
      "test_kappa_std": 0.0,
      "confusion_matrix": [
        [
          0.0,
          0.0,
          0.0
        ],
        [
          0.0,
          0.0,
          0.0
        ],
        [
          6.0,
          11.999999999999998,
          82.0
        ]
      ]
    },
    {
      "participant": "3250",
      "n_seeds": 10,
      "test_acc_mean": 0.45111111111111113,
      "test_acc_std": 0.0210818510677892,
      "test_bal_acc_mean": 0.45111111111111113,
      "test_bal_acc_std": 0.021081851067789186,
      "test_f1_mean": 0.40526811090327497,
      "test_f1_std": 0.03121568429357658,
      "test_kappa_mean": 0.17666666666666664,
      "test_kappa_std": 0.031622776601683764,
      "confusion_matrix": [
        [
          82.66666666666666,
          5.999999999999999,
          11.333333333333334
        ],
        [
          82.66666666666667,
          10.666666666666668,
          6.666666666666666
        ],
        [
          58.000000000000014,
          0.0,
          42.0
        ]
      ]
    }
  ],
  "selected_features": [
    "pct_missing",
    "mean_vel",
    "max_vel",
    "rms_disp",
    "fix_mean_dur",
    "fix_rate",
    "blink_mean_dur",
    "blink_rate",
    "sac_rate",
    "HRV_MeanNN",
    "HRV_MedianNN",
    "HRV_Prc80NN",
    "HRV_pNN50",
    "HRV_pNN20",
    "HRV_VHF",
    "HRV_CVI",
    "HRV_IALS",
    "HRV_PSS",
    "HRV_PAS",
    "HRV_DFA_alpha1"
  ],
  "n_participants": 38,
  "n_seeds": 10,
  "n_features": 20,
  "timestamp": "2025-10-17T16:20:28.437070"
}