{
  "name": "eye_gsr_ecg",
  "config": {
    "n_seeds": 10,
    "feature_selection": "backward",
    "use_pca": false,
    "pca_variance": 0.95,
    "write_cm": true,
    "tune_hyperparameters": false,
    "tune_n_iter": 30,
    "tune_cv_folds": 5,
    "use_pose_derivatives": true,
    "use_time_features": false,
    "class_config": "all",
    "include_order": false,
    "name": "eye_gsr_ecg",
    "feature_groups": [
      "eye_tracking",
      "gsr",
      "ecg"
    ],
    "split_strategy": "lopo"
  },
  "metrics": {
    "test_acc_mean": 0.3941993419058097,
    "test_acc_std": 0.10629755660989405,
    "test_bal_acc_mean": 0.39584811387442964,
    "test_bal_acc_std": 0.10825172370346903,
    "test_f1_mean": 0.34749743779844683,
    "test_f1_std": 0.11216348318467592,
    "test_kappa_mean": 0.07823447949019287,
    "test_kappa_std": 0.15807339831221423
  },
  "confusion_matrix": [
    [
      46.703007518797,
      21.09147869674186,
      26.942355889724308
    ],
    [
      36.83521303258146,
      21.5952380952381,
      38.93796992481204
    ],
    [
      29.487516869095817,
      23.72296124927704,
      46.789521881627145
    ]
  ],
  "participant_results": [
    {
      "participant": "3208",
      "n_seeds": 10,
      "test_acc_mean": 0.39777777777777773,
      "test_acc_std": 0.019457667461575852,
      "test_bal_acc_mean": 0.39777777777777773,
      "test_bal_acc_std": 0.019457667461575852,
      "test_f1_mean": 0.32386773812324365,
      "test_f1_std": 0.03088686538213406,
      "test_kappa_mean": 0.09666666666666665,
      "test_kappa_std": 0.029186501192363764,
      "confusion_matrix": [
        [
          8.0,
          92.00000000000001,
          0.0
        ],
        [
          0.0,
          89.33333333333333,
          10.666666666666666
        ],
        [
          0.0,
          78.0,
          22.0
        ]
      ]
    },
    {
      "participant": "3209",
      "n_seeds": 10,
      "test_acc_mean": 0.37272727272727274,
      "test_acc_std": 0.032496379681101854,
      "test_bal_acc_mean": 0.3820634920634921,
      "test_bal_acc_std": 0.03172883131912467,
      "test_f1_mean": 0.32162517632761084,
      "test_f1_std": 0.04044546624073409,
      "test_kappa_mean": 0.06803836548924476,
      "test_kappa_std": 0.04740534390717312,
      "confusion_matrix": [
        [
          12.0,
          58.666666666666664,
          29.333333333333325
        ],
        [
          0.0,
          23.333333333333332,
          76.66666666666666
        ],
        [
          0.0,
          20.71428571428571,
          79.28571428571428
        ]
      ]
    },
    {
      "participant": "3210",
      "n_seeds": 10,
      "test_acc_mean": 0.44666666666666666,
      "test_acc_std": 0.02330686329267003,
      "test_bal_acc_mean": 0.44666666666666666,
      "test_bal_acc_std": 0.02330686329267003,
      "test_f1_mean": 0.3085925702204772,
      "test_f1_std": 0.011256034825835471,
      "test_kappa_mean": -0.08559139784946232,
      "test_kappa_std": 0.057381710327458126,
      "confusion_matrix": [
        [
          0.0,
          0.0,
          0.0
        ],
        [
          0.0,
          0.0,
          100.0
        ],
        [
          4.0,
          6.666666666666666,
          89.33333333333334
        ]
      ]
    },
    {
      "participant": "3214",
      "n_seeds": 10,
      "test_acc_mean": 0.3333333333333333,
      "test_acc_std": 0.027715980642769953,
      "test_bal_acc_mean": 0.33333333333333337,
      "test_bal_acc_std": 0.027715980642769932,
      "test_f1_mean": 0.2366519170583093,
      "test_f1_std": 0.032991957368012435,
      "test_kappa_mean": -1.1102230246251566e-17,
      "test_kappa_std": 0.041573970964154924,
      "confusion_matrix": [
        [
          0.0,
          22.666666666666664,
          77.33333333333334
        ],
        [
          0.0,
          18.666666666666664,
          81.33333333333334
        ],
        [
          0.0,
          18.666666666666668,
          81.33333333333333
        ]
      ]
    },
    {
      "participant": "3215",
      "n_seeds": 10,
      "test_acc_mean": 0.37555555555555553,
      "test_acc_std": 0.01945766746157584,
      "test_bal_acc_mean": 0.37555555555555553,
      "test_bal_acc_std": 0.01945766746157584,
      "test_f1_mean": 0.2740798960576693,
      "test_f1_std": 0.025786253864036122,
      "test_kappa_mean": 0.06333333333333332,
      "test_kappa_std": 0.029186501192363764,
      "confusion_matrix": [
        [
          96.66666666666667,
          3.3333333333333335,
          0.0
        ],
        [
          99.33333333333333,
          0.0,
          0.6666666666666667
        ],
        [
          54.66666666666667,
          29.333333333333332,
          16.0
        ]
      ]
    },
    {
      "participant": "3216",
      "n_seeds": 10,
      "test_acc_mean": 0.4325581395348837,
      "test_acc_std": 0.03829174894644487,
      "test_bal_acc_mean": 0.43965811965811963,
      "test_bal_acc_std": 0.03778598442099678,
      "test_f1_mean": 0.4126832869262131,
      "test_f1_std": 0.04368195158187488,
      "test_kappa_mean": 0.15865285623823003,
      "test_kappa_std": 0.05622625679297865,
      "confusion_matrix": [
        [
          54.666666666666664,
          7.333333333333333,
          37.99999999999999
        ],
        [
          28.0,
          18.0,
          54.0
        ],
        [
          16.923076923076923,
          23.846153846153843,
          59.230769230769226
        ]
      ]
    },
    {
      "participant": "3217",
      "n_seeds": 10,
      "test_acc_mean": 0.5866666666666666,
      "test_acc_std": 0.021468706290651014,
      "test_bal_acc_mean": 0.5866666666666666,
      "test_bal_acc_std": 0.021468706290651,
      "test_f1_mean": 0.4755408636273999,
      "test_f1_std": 0.014777913620816329,
      "test_kappa_mean": 0.38,
      "test_kappa_std": 0.032203059435976567,
      "confusion_matrix": [
        [
          88.0,
          4.0,
          8.0
        ],
        [
          32.0,
          0.0,
          68.0
        ],
        [
          12.0,
          0.0,
          88.0
        ]
      ]
    },
    {
      "participant": "3218",
      "n_seeds": 10,
      "test_acc_mean": 0.40444444444444444,
      "test_acc_std": 0.07011650113303247,
      "test_bal_acc_mean": 0.40444444444444444,
      "test_bal_acc_std": 0.07011650113303247,
      "test_f1_mean": 0.3936626082251538,
      "test_f1_std": 0.0788890018601553,
      "test_kappa_mean": 0.10666666666666666,
      "test_kappa_std": 0.10517475169954875,
      "confusion_matrix": [
        [
          20.666666666666664,
          13.333333333333334,
          65.99999999999999
        ],
        [
          10.000000000000004,
          52.0,
          38.0
        ],
        [
          19.333333333333332,
          32.0,
          48.66666666666667
        ]
      ]
    },
    {
      "participant": "3219",
      "n_seeds": 10,
      "test_acc_mean": 0.4789473684210527,
      "test_acc_std": 0.03464634676865175,
      "test_bal_acc_mean": 0.4838095238095238,
      "test_bal_acc_std": 0.03669379879822193,
      "test_f1_mean": 0.3955264747029841,
      "test_f1_std": 0.04796739010780245,
      "test_kappa_mean": 0.2135945373044963,
      "test_kappa_std": 0.05279116479091398,
      "confusion_matrix": [
        [
          86.42857142857142,
          0.0,
          13.571428571428566
        ],
        [
          65.71428571428572,
          5.7142857142857135,
          28.571428571428566
        ],
        [
          40.0,
          7.0,
          53.0
        ]
      ]
    },
    {
      "participant": "3220",
      "n_seeds": 10,
      "test_acc_mean": 0.2444444444444444,
      "test_acc_std": 0.02771598064276993,
      "test_bal_acc_mean": 0.24444444444444446,
      "test_bal_acc_std": 0.027715980642769943,
      "test_f1_mean": 0.22120915151874904,
      "test_f1_std": 0.023537641204493698,
      "test_kappa_mean": -0.13333333333333336,
      "test_kappa_std": 0.041573970964154876,
      "confusion_matrix": [
        [
          37.33333333333333,
          1.3333333333333335,
          61.333333333333336
        ],
        [
          32.666666666666664,
          6.666666666666666,
          60.666666666666664
        ],
        [
          70.66666666666666,
          0.0,
          29.333333333333332
        ]
      ]
    },
    {
      "participant": "3221",
      "n_seeds": 10,
      "test_acc_mean": 0.4533333333333333,
      "test_acc_std": 0.02146870629065102,
      "test_bal_acc_mean": 0.4533333333333333,
      "test_bal_acc_std": 0.02146870629065101,
      "test_f1_mean": 0.45215818678311115,
      "test_f1_std": 0.02212568440544491,
      "test_kappa_mean": 0.17999999999999994,
      "test_kappa_std": 0.032203059435976525,
      "confusion_matrix": [
        [
          28.0,
          72.0,
          0.0
        ],
        [
          18.666666666666664,
          55.333333333333336,
          26.0
        ],
        [
          19.999999999999996,
          27.333333333333332,
          52.666666666666664
        ]
      ]
    },
    {
      "participant": "3223",
      "n_seeds": 10,
      "test_acc_mean": 0.026666666666666665,
      "test_acc_std": 0.014054567378526131,
      "test_bal_acc_mean": 0.026666666666666665,
      "test_bal_acc_std": 0.014054567378526131,
      "test_f1_mean": 0.04161793372319687,
      "test_f1_std": 0.02118961084522572,
      "test_kappa_mean": -0.45999999999999996,
      "test_kappa_std": 0.021081851067789165,
      "confusion_matrix": [
        [
          0.0,
          18.666666666666668,
          81.33333333333333
        ],
        [
          92.00000000000001,
          8.000000000000002,
          0.0
        ],
        [
          100.0,
          0.0,
          0.0
        ]
      ]
    },
    {
      "participant": "3224",
      "n_seeds": 10,
      "test_acc_mean": 0.4933333333333333,
      "test_acc_std": 0.03784308081316977,
      "test_bal_acc_mean": 0.5718253968253968,
      "test_bal_acc_std": 0.04745157204437357,
      "test_f1_mean": 0.4092588080975178,
      "test_f1_std": 0.04997761456695558,
      "test_kappa_mean": 0.24060657965004748,
      "test_kappa_std": 0.048364991837052645,
      "confusion_matrix": [
        [
          75.0,
          0.0,
          25.0
        ],
        [
          22.857142857142854,
          10.714285714285712,
          66.42857142857143
        ],
        [
          14.166666666666663,
          0.0,
          85.83333333333334
        ]
      ]
    },
    {
      "participant": "3225",
      "n_seeds": 10,
      "test_acc_mean": 0.2422222222222222,
      "test_acc_std": 0.039821274239157364,
      "test_bal_acc_mean": 0.2422222222222222,
      "test_bal_acc_std": 0.03982127423915737,
      "test_f1_mean": 0.27185712249179744,
      "test_f1_std": 0.032285190854933254,
      "test_kappa_mean": -0.13666666666666671,
      "test_kappa_std": 0.059731911358736046,
      "confusion_matrix": [
        [
          29.333333333333332,
          3.3333333333333335,
          67.33333333333333
        ],
        [
          0.0,
          38.666666666666664,
          61.33333333333333
        ],
        [
          0.0,
          95.33333333333334,
          4.666666666666666
        ]
      ]
    },
    {
      "participant": "3226",
      "n_seeds": 10,
      "test_acc_mean": 0.3244444444444444,
      "test_acc_std": 0.0712036435004321,
      "test_bal_acc_mean": 0.3244444444444444,
      "test_bal_acc_std": 0.07120364350043208,
      "test_f1_mean": 0.30949286777480245,
      "test_f1_std": 0.07212322538792522,
      "test_kappa_mean": -0.01333333333333333,
      "test_kappa_std": 0.10680546525064812,
      "confusion_matrix": [
        [
          43.33333333333333,
          39.33333333333333,
          17.333333333333336
        ],
        [
          52.66666666666667,
          12.666666666666668,
          34.666666666666664
        ],
        [
          48.0,
          10.666666666666668,
          41.33333333333333
        ]
      ]
    },
    {
      "participant": "3227",
      "n_seeds": 10,
      "test_acc_mean": 0.42666666666666664,
      "test_acc_std": 0.04777634221213955,
      "test_bal_acc_mean": 0.42666666666666664,
      "test_bal_acc_std": 0.04777634221213955,
      "test_f1_mean": 0.35094146821084976,
      "test_f1_std": 0.059128337296118945,
      "test_kappa_mean": 0.13999999999999999,
      "test_kappa_std": 0.07166451331820932,
      "confusion_matrix": [
        [
          100.0,
          0.0,
          0.0
        ],
        [
          98.66666666666666,
          0.6666666666666667,
          0.6666666666666667
        ],
        [
          15.333333333333334,
          57.333333333333336,
          27.333333333333332
        ]
      ]
    },
    {
      "participant": "3228",
      "n_seeds": 10,
      "test_acc_mean": 0.45555555555555555,
      "test_acc_std": 0.051052032415148975,
      "test_bal_acc_mean": 0.5444444444444445,
      "test_bal_acc_std": 0.05641313411751043,
      "test_f1_mean": 0.36447465309004345,
      "test_f1_std": 0.03637740290725299,
      "test_kappa_mean": 0.2391322069553974,
      "test_kappa_std": 0.06702010903267586,
      "confusion_matrix": [
        [
          90.00000000000003,
          0.0,
          9.999999999999996
        ],
        [
          68.66666666666666,
          0.0,
          31.333333333333332
        ],
        [
          22.000000000000004,
          4.666666666666666,
          73.33333333333333
        ]
      ]
    },
    {
      "participant": "3229",
      "n_seeds": 10,
      "test_acc_mean": 0.5444444444444444,
      "test_acc_std": 0.028206567058755214,
      "test_bal_acc_mean": 0.5444444444444445,
      "test_bal_acc_std": 0.028206567058755242,
      "test_f1_mean": 0.5134881291937282,
      "test_f1_std": 0.03398131361403048,
      "test_kappa_mean": 0.3166666666666667,
      "test_kappa_std": 0.04230985058813281,
      "confusion_matrix": [
        [
          36.666666666666664,
          26.666666666666668,
          36.66666666666667
        ],
        [
          22.666666666666664,
          33.33333333333333,
          44.00000000000001
        ],
        [
          0.0,
          6.666666666666666,
          93.33333333333334
        ]
      ]
    },
    {
      "participant": "3230",
      "n_seeds": 10,
      "test_acc_mean": 0.2733333333333333,
      "test_acc_std": 0.02354110901047511,
      "test_bal_acc_mean": 0.2733333333333333,
      "test_bal_acc_std": 0.02354110901047513,
      "test_f1_mean": 0.20635673271920574,
      "test_f1_std": 0.024592718884848066,
      "test_kappa_mean": -0.09000000000000001,
      "test_kappa_std": 0.03531166351571265,
      "confusion_matrix": [
        [
          62.66666666666665,
          11.333333333333334,
          26.0
        ],
        [
          78.66666666666666,
          0.0,
          21.333333333333336
        ],
        [
          80.66666666666666,
          0.0,
          19.333333333333336
        ]
      ]
    },
    {
      "participant": "3232",
      "n_seeds": 10,
      "test_acc_mean": 0.4644444444444445,
      "test_acc_std": 0.033864087261222094,
      "test_bal_acc_mean": 0.4644444444444444,
      "test_bal_acc_std": 0.0338640872612221,
      "test_f1_mean": 0.44946339493911136,
      "test_f1_std": 0.032545173113996635,
      "test_kappa_mean": 0.19666666666666666,
      "test_kappa_std": 0.05079613089183318,
      "confusion_matrix": [
        [
          32.66666666666666,
          65.99999999999999,
          1.3333333333333335
        ],
        [
          20.0,
          25.333333333333332,
          54.666666666666664
        ],
        [
          4.0,
          14.666666666666666,
          81.33333333333334
        ]
      ]
    },
    {
      "participant": "3233",
      "n_seeds": 10,
      "test_acc_mean": 0.2644444444444445,
      "test_acc_std": 0.02660486666084144,
      "test_bal_acc_mean": 0.2644444444444445,
      "test_bal_acc_std": 0.02660486666084144,
      "test_f1_mean": 0.259584397098994,
      "test_f1_std": 0.030944276377388107,
      "test_kappa_mean": -0.10333333333333339,
      "test_kappa_std": 0.03990729999126212,
      "confusion_matrix": [
        [
          48.66666666666667,
          47.33333333333333,
          4.0
        ],
        [
          80.66666666666667,
          7.333333333333333,
          12.0
        ],
        [
          27.999999999999993,
          48.666666666666664,
          23.333333333333336
        ]
      ]
    },
    {
      "participant": "3234",
      "n_seeds": 10,
      "test_acc_mean": 0.4222222222222222,
      "test_acc_std": 0.04684855792842044,
      "test_bal_acc_mean": 0.4222222222222222,
      "test_bal_acc_std": 0.046848557928420444,
      "test_f1_mean": 0.4094130543157751,
      "test_f1_std": 0.04942861662711436,
      "test_kappa_mean": 0.1333333333333333,
      "test_kappa_std": 0.07027283689263063,
      "confusion_matrix": [
        [
          27.999999999999993,
          47.333333333333336,
          24.666666666666664
        ],
        [
          0.0,
          70.66666666666666,
          29.333333333333332
        ],
        [
          0.0,
          71.99999999999999,
          28.0
        ]
      ]
    },
    {
      "participant": "3235",
      "n_seeds": 10,
      "test_acc_mean": 0.2636363636363636,
      "test_acc_std": 0.024431084085753185,
      "test_bal_acc_mean": 0.27349206349206345,
      "test_bal_acc_std": 0.024986208788082154,
      "test_f1_mean": 0.18639292340127006,
      "test_f1_std": 0.021514772455386477,
      "test_kappa_mean": -0.08893642004467997,
      "test_kappa_std": 0.03699752589652492,
      "confusion_matrix": [
        [
          70.71428571428571,
          0.7142857142857142,
          28.571428571428573
        ],
        [
          87.33333333333333,
          11.333333333333334,
          1.3333333333333335
        ],
        [
          67.99999999999999,
          32.0,
          0.0
        ]
      ]
    },
    {
      "participant": "3236",
      "n_seeds": 10,
      "test_acc_mean": 0.5405405405405406,
      "test_acc_std": 0.02848898792944486,
      "test_bal_acc_mean": 0.4495238095238096,
      "test_bal_acc_std": 0.03224302332040321,
      "test_f1_mean": 0.48897202527110234,
      "test_f1_std": 0.03096396837067763,
      "test_kappa_mean": 0.24219614533240658,
      "test_kappa_std": 0.04504894370433019,
      "confusion_matrix": [
        [
          37.99999999999999,
          6.0,
          56.0
        ],
        [
          0.0,
          2.8571428571428568,
          97.14285714285714
        ],
        [
          0.0,
          5.999999999999999,
          94.0
        ]
      ]
    },
    {
      "participant": "3237",
      "n_seeds": 10,
      "test_acc_mean": 0.4523809523809524,
      "test_acc_std": 0.06044264369733261,
      "test_bal_acc_mean": 0.4377777777777777,
      "test_bal_acc_std": 0.06174197381514337,
      "test_f1_mean": 0.41955130488491454,
      "test_f1_std": 0.06949829030626006,
      "test_kappa_mean": 0.16069974161832917,
      "test_kappa_std": 0.09372962349757596,
      "confusion_matrix": [
        [
          76.66666666666666,
          18.666666666666664,
          4.666666666666666
        ],
        [
          35.83333333333333,
          23.333333333333332,
          40.83333333333334
        ],
        [
          68.0,
          0.6666666666666667,
          31.333333333333332
        ]
      ]
    },
    {
      "participant": "3238",
      "n_seeds": 10,
      "test_acc_mean": 0.5288888888888889,
      "test_acc_std": 0.04777634221213956,
      "test_bal_acc_mean": 0.5288888888888889,
      "test_bal_acc_std": 0.04777634221213957,
      "test_f1_mean": 0.47775105318257544,
      "test_f1_std": 0.05330494870206224,
      "test_kappa_mean": 0.29333333333333333,
      "test_kappa_std": 0.07166451331820933,
      "confusion_matrix": [
        [
          69.33333333333334,
          17.333333333333336,
          13.333333333333334
        ],
        [
          55.999999999999986,
          10.000000000000002,
          34.0
        ],
        [
          9.333333333333332,
          11.333333333333334,
          79.33333333333334
        ]
      ]
    },
    {
      "participant": "3239",
      "n_seeds": 10,
      "test_acc_mean": 0.42727272727272725,
      "test_acc_std": 0.020884922351651847,
      "test_bal_acc_mean": 0.4177777777777777,
      "test_bal_acc_std": 0.020420812966059586,
      "test_f1_mean": 0.32513130714640603,
      "test_f1_std": 0.02851615113348219,
      "test_kappa_mean": 0.13164723405555429,
      "test_kappa_std": 0.03165045069446633,
      "confusion_matrix": [
        [
          100.0,
          0.0,
          0.0
        ],
        [
          100.0,
          0.0,
          0.0
        ],
        [
          68.66666666666666,
          6.0,
          25.333333333333332
        ]
      ]
    },
    {
      "participant": "3240",
      "n_seeds": 10,
      "test_acc_mean": 0.4046511627906977,
      "test_acc_std": 0.016260602297211667,
      "test_bal_acc_mean": 0.3904761904761904,
      "test_bal_acc_std": 0.01664775949476429,
      "test_f1_mean": 0.28817941975944705,
      "test_f1_std": 0.030925053429046587,
      "test_kappa_mean": 0.08783313479550611,
      "test_kappa_std": 0.02500911872503193,
      "confusion_matrix": [
        [
          4.285714285714285,
          92.85714285714286,
          2.8571428571428568
        ],
        [
          0.0,
          100.0,
          0.0
        ],
        [
          0.0,
          87.14285714285712,
          12.857142857142852
        ]
      ]
    },
    {
      "participant": "3241",
      "n_seeds": 10,
      "test_acc_mean": 0.3466666666666667,
      "test_acc_std": 0.03345656234262583,
      "test_bal_acc_mean": 0.3466666666666667,
      "test_bal_acc_std": 0.03345656234262581,
      "test_f1_mean": 0.32592378266876043,
      "test_f1_std": 0.03258671772740517,
      "test_kappa_mean": 0.019999999999999962,
      "test_kappa_std": 0.050184843513938766,
      "confusion_matrix": [
        [
          27.333333333333325,
          25.333333333333336,
          47.33333333333333
        ],
        [
          32.666666666666664,
          18.66666666666667,
          48.66666666666667
        ],
        [
          35.33333333333333,
          6.666666666666667,
          58.0
        ]
      ]
    },
    {
      "participant": "3242",
      "n_seeds": 10,
      "test_acc_mean": 0.3222222222222222,
      "test_acc_std": 0.03954473426678265,
      "test_bal_acc_mean": 0.3222222222222223,
      "test_bal_acc_std": 0.039544734266782636,
      "test_f1_mean": 0.32316389463089135,
      "test_f1_std": 0.04138515766624636,
      "test_kappa_mean": -0.016666666666666684,
      "test_kappa_std": 0.05931710140017395,
      "confusion_matrix": [
        [
          40.666666666666664,
          3.3333333333333335,
          56.0
        ],
        [
          65.99999999999999,
          33.33333333333333,
          0.6666666666666667
        ],
        [
          54.0,
          23.33333333333333,
          22.666666666666668
        ]
      ]
    },
    {
      "participant": "3243",
      "n_seeds": 10,
      "test_acc_mean": 0.4431818181818182,
      "test_acc_std": 0.03899859901889015,
      "test_bal_acc_mean": 0.4396825396825396,
      "test_bal_acc_std": 0.03958718702647596,
      "test_f1_mean": 0.3455508529250557,
      "test_f1_std": 0.06288669145740268,
      "test_kappa_mean": 0.15796740201064724,
      "test_kappa_std": 0.05964368846676912,
      "confusion_matrix": [
        [
          28.571428571428566,
          0.0,
          71.42857142857143
        ],
        [
          2.0,
          3.3333333333333335,
          94.66666666666666
        ],
        [
          0.0,
          0.0,
          100.0
        ]
      ]
    },
    {
      "participant": "3244",
      "n_seeds": 10,
      "test_acc_mean": 0.4488888888888889,
      "test_acc_std": 0.03598506015256628,
      "test_bal_acc_mean": 0.4488888888888889,
      "test_bal_acc_std": 0.03598506015256627,
      "test_f1_mean": 0.4077527245159964,
      "test_f1_std": 0.05127573388478381,
      "test_kappa_mean": 0.1733333333333333,
      "test_kappa_std": 0.05397759022884938,
      "confusion_matrix": [
        [
          82.66666666666666,
          4.0,
          13.333333333333334
        ],
        [
          59.999999999999986,
          18.0,
          21.999999999999996
        ],
        [
          62.0,
          4.0,
          33.999999999999986
        ]
      ]
    },
    {
      "participant": "3245",
      "n_seeds": 10,
      "test_acc_mean": 0.4418604651162791,
      "test_acc_std": 0.03797658515942912,
      "test_bal_acc_mean": 0.4304273504273504,
      "test_bal_acc_std": 0.03633165679956326,
      "test_f1_mean": 0.44002343060004884,
      "test_f1_std": 0.037426868233735325,
      "test_kappa_mean": 0.15315404798092677,
      "test_kappa_std": 0.05715390757925486,
      "confusion_matrix": [
        [
          44.66666666666667,
          54.666666666666664,
          0.6666666666666667
        ],
        [
          2.0,
          65.99999999999999,
          31.99999999999999
        ],
        [
          0.7692307692307693,
          80.76923076923077,
          18.46153846153846
        ]
      ]
    },
    {
      "participant": "3246",
      "n_seeds": 10,
      "test_acc_mean": 0.4155555555555555,
      "test_acc_std": 0.03784308081316977,
      "test_bal_acc_mean": 0.4155555555555555,
      "test_bal_acc_std": 0.037843080813169776,
      "test_f1_mean": 0.3885104178375426,
      "test_f1_std": 0.04034110067046843,
      "test_kappa_mean": 0.12333333333333332,
      "test_kappa_std": 0.05676462121975465,
      "confusion_matrix": [
        [
          72.66666666666666,
          8.666666666666668,
          18.666666666666664
        ],
        [
          7.333333333333334,
          16.666666666666668,
          76.0
        ],
        [
          55.33333333333333,
          9.333333333333332,
          35.33333333333333
        ]
      ]
    },
    {
      "participant": "3247",
      "n_seeds": 10,
      "test_acc_mean": 0.3177777777777778,
      "test_acc_std": 0.021081851067789203,
      "test_bal_acc_mean": 0.3177777777777778,
      "test_bal_acc_std": 0.021081851067789186,
      "test_f1_mean": 0.1681709570536511,
      "test_f1_std": 0.018009459984127944,
      "test_kappa_mean": -0.023333333333333393,
      "test_kappa_std": 0.031622776601683784,
      "confusion_matrix": [
        [
          0.6666666666666667,
          9.333333333333334,
          90.0
        ],
        [
          0.0,
          0.0,
          100.0
        ],
        [
          4.0,
          1.3333333333333335,
          94.66666666666667
        ]
      ]
    },
    {
      "participant": "3248",
      "n_seeds": 10,
      "test_acc_mean": 0.2818181818181818,
      "test_acc_std": 0.07122823802147368,
      "test_bal_acc_mean": 0.29015873015873017,
      "test_bal_acc_std": 0.07203466158326663,
      "test_f1_mean": 0.2208579457662137,
      "test_f1_std": 0.06391718951267703,
      "test_kappa_mean": -0.06275087957598095,
      "test_kappa_std": 0.10464691702625223,
      "confusion_matrix": [
        [
          65.71428571428572,
          8.57142857142857,
          25.71428571428571
        ],
        [
          70.66666666666666,
          5.333333333333333,
          24.0
        ],
        [
          82.66666666666666,
          1.3333333333333335,
          16.0
        ]
      ]
    },
    {
      "participant": "3249",
      "n_seeds": 10,
      "test_acc_mean": 0.47333333333333333,
      "test_acc_std": 0.10634209879115909,
      "test_bal_acc_mean": 0.47333333333333333,
      "test_bal_acc_std": 0.10634209879115909,
      "test_f1_mean": 0.6361829474872952,
      "test_f1_std": 0.09801375397774656,
      "test_kappa_mean": 0.0,
      "test_kappa_std": 0.0,
      "confusion_matrix": [
        [
          0.0,
          0.0,
          0.0
        ],
        [
          0.0,
          0.0,
          0.0
        ],
        [
          6.0,
          46.66666666666667,
          47.33333333333333
        ]
      ]
    },
    {
      "participant": "3250",
      "n_seeds": 10,
      "test_acc_mean": 0.40666666666666673,
      "test_acc_std": 0.04196804584952679,
      "test_bal_acc_mean": 0.40666666666666673,
      "test_bal_acc_std": 0.04196804584952682,
      "test_f1_mean": 0.36124121798386716,
      "test_f1_std": 0.04449799211228874,
      "test_kappa_mean": 0.10999999999999996,
      "test_kappa_std": 0.06295206877429019,
      "confusion_matrix": [
        [
          74.66666666666666,
          17.333333333333336,
          8.000000000000002
        ],
        [
          56.666666666666664,
          35.33333333333333,
          7.999999999999998
        ],
        [
          56.666666666666664,
          31.333333333333332,
          12.0
        ]
      ]
    }
  ],
  "selected_features": [
    "pct_missing",
    "mean_vel",
    "max_vel",
    "fix_mean_dur",
    "fix_rate",
    "blink_mean_dur",
    "blink_rate",
    "sac_rate",
    "SCR_Peaks_N",
    "SCR_Peaks_Amplitude_Mean",
    "EDA_Tonic_SD",
    "HRV_MeanNN",
    "HRV_Prc80NN",
    "HRV_pNN20",
    "HRV_MinNN",
    "HRV_MaxNN",
    "HRV_VHF",
    "HRV_CVI",
    "HRV_PSS",
    "HRV_PAS",
    "HRV_FuzzyEn"
  ],
  "n_participants": 38,
  "n_seeds": 10,
  "n_features": 21,
  "timestamp": "2025-10-17T17:01:55.125851"
}