{
  "name": "gsr_ecg",
  "config": {
    "n_seeds": 10,
    "feature_selection": "backward",
    "use_pca": false,
    "pca_variance": 0.95,
    "write_cm": true,
    "tune_hyperparameters": false,
    "tune_n_iter": 30,
    "tune_cv_folds": 5,
    "use_pose_derivatives": true,
    "use_time_features": false,
    "class_config": "all",
    "include_order": false,
    "name": "gsr_ecg",
    "feature_groups": [
      "gsr",
      "ecg"
    ],
    "split_strategy": "lopo"
  },
  "metrics": {
    "test_acc_mean": 0.3889766081871345,
    "test_acc_std": 0.102278719071816,
    "test_bal_acc_mean": 0.39207602339181286,
    "test_bal_acc_std": 0.1002380120641433,
    "test_f1_mean": 0.34234162586344463,
    "test_f1_std": 0.11094976948067971,
    "test_kappa_mean": 0.09052106669068789,
    "test_kappa_std": 0.14634081788840497
  },
  "confusion_matrix": [
    [
      46.07894736842106,
      22.324561403508774,
      28.964912280701743
    ],
    [
      28.964912280701757,
      34.71929824561403,
      33.684210526315795
    ],
    [
      32.8157894736842,
      31.622807017543863,
      35.561403508771924
    ]
  ],
  "participant_results": [
    {
      "participant": "3208",
      "n_seeds": 10,
      "test_acc_mean": 0.3888888888888889,
      "test_acc_std": 0.015713484026367734,
      "test_bal_acc_mean": 0.38888888888888884,
      "test_bal_acc_std": 0.015713484026367706,
      "test_f1_mean": 0.3189363930939412,
      "test_f1_std": 0.016316644203900593,
      "test_kappa_mean": 0.08333333333333331,
      "test_kappa_std": 0.02357022603955158,
      "confusion_matrix": [
        [
          0.0,
          97.33333333333334,
          2.666666666666667
        ],
        [
          0.0,
          73.33333333333334,
          26.666666666666664
        ],
        [
          5.333333333333333,
          51.33333333333333,
          43.33333333333333
        ]
      ]
    },
    {
      "participant": "3209",
      "n_seeds": 10,
      "test_acc_mean": 0.44000000000000006,
      "test_acc_std": 0.031075817723560033,
      "test_bal_acc_mean": 0.44000000000000006,
      "test_bal_acc_std": 0.03107581772356007,
      "test_f1_mean": 0.3760264383681494,
      "test_f1_std": 0.02625641826665895,
      "test_kappa_mean": 0.15999999999999998,
      "test_kappa_std": 0.046613726585340055,
      "confusion_matrix": [
        [
          33.99999999999999,
          59.333333333333336,
          6.666666666666666
        ],
        [
          1.3333333333333335,
          90.66666666666667,
          8.0
        ],
        [
          12.0,
          80.66666666666666,
          7.333333333333333
        ]
      ]
    },
    {
      "participant": "3210",
      "n_seeds": 10,
      "test_acc_mean": 0.5533333333333333,
      "test_acc_std": 0.03220305943597652,
      "test_bal_acc_mean": 0.5533333333333333,
      "test_bal_acc_std": 0.03220305943597652,
      "test_f1_mean": 0.5449651947872372,
      "test_f1_std": 0.034259302926374545,
      "test_kappa_mean": 0.33,
      "test_kappa_std": 0.04830458915396481,
      "confusion_matrix": [
        [
          50.666666666666664,
          7.333333333333333,
          41.99999999999999
        ],
        [
          3.3333333333333335,
          32.666666666666664,
          63.999999999999986
        ],
        [
          7.333333333333333,
          9.999999999999998,
          82.66666666666667
        ]
      ]
    },
    {
      "participant": "3214",
      "n_seeds": 10,
      "test_acc_mean": 0.4222222222222222,
      "test_acc_std": 0.014814814814814798,
      "test_bal_acc_mean": 0.4222222222222222,
      "test_bal_acc_std": 0.014814814814814819,
      "test_f1_mean": 0.33453340893827194,
      "test_f1_std": 0.02444891387557793,
      "test_kappa_mean": 0.1333333333333333,
      "test_kappa_std": 0.022222222222222233,
      "confusion_matrix": [
        [
          4.666666666666666,
          23.333333333333332,
          71.99999999999999
        ],
        [
          0.0,
          94.66666666666667,
          5.333333333333333
        ],
        [
          0.0,
          72.66666666666667,
          27.333333333333332
        ]
      ]
    },
    {
      "participant": "3215",
      "n_seeds": 10,
      "test_acc_mean": 0.5399999999999999,
      "test_acc_std": 0.05346691091146249,
      "test_bal_acc_mean": 0.54,
      "test_bal_acc_std": 0.05346691091146248,
      "test_f1_mean": 0.5446238452470934,
      "test_f1_std": 0.04748861269576254,
      "test_kappa_mean": 0.31,
      "test_kappa_std": 0.08020036636719376,
      "confusion_matrix": [
        [
          61.33333333333333,
          20.000000000000004,
          18.666666666666664
        ],
        [
          10.666666666666668,
          50.666666666666664,
          38.66666666666667
        ],
        [
          6.666666666666666,
          43.333333333333336,
          50.0
        ]
      ]
    },
    {
      "participant": "3216",
      "n_seeds": 10,
      "test_acc_mean": 0.32,
      "test_acc_std": 0.023888171106069785,
      "test_bal_acc_mean": 0.32,
      "test_bal_acc_std": 0.023888171106069767,
      "test_f1_mean": 0.2998937174329234,
      "test_f1_std": 0.02774867418788035,
      "test_kappa_mean": -0.019999999999999997,
      "test_kappa_std": 0.03583225665910465,
      "confusion_matrix": [
        [
          26.0,
          10.000000000000002,
          63.999999999999986
        ],
        [
          4.666666666666666,
          14.666666666666666,
          80.66666666666667
        ],
        [
          33.33333333333333,
          11.333333333333332,
          55.33333333333333
        ]
      ]
    },
    {
      "participant": "3217",
      "n_seeds": 10,
      "test_acc_mean": 0.29555555555555557,
      "test_acc_std": 0.0637639680493551,
      "test_bal_acc_mean": 0.2955555555555555,
      "test_bal_acc_std": 0.06376396804935508,
      "test_f1_mean": 0.28359621963032355,
      "test_f1_std": 0.05322207023357964,
      "test_kappa_mean": -0.056666666666666664,
      "test_kappa_std": 0.09564595207403263,
      "confusion_matrix": [
        [
          18.666666666666664,
          44.0,
          37.33333333333333
        ],
        [
          39.333333333333336,
          20.666666666666668,
          39.99999999999999
        ],
        [
          40.666666666666664,
          10.000000000000002,
          49.333333333333336
        ]
      ]
    },
    {
      "participant": "3218",
      "n_seeds": 10,
      "test_acc_mean": 0.47333333333333333,
      "test_acc_std": 0.02781479015632382,
      "test_bal_acc_mean": 0.4733333333333333,
      "test_bal_acc_std": 0.027814790156323824,
      "test_f1_mean": 0.40356485537600095,
      "test_f1_std": 0.031138479032048954,
      "test_kappa_mean": 0.20999999999999996,
      "test_kappa_std": 0.04172218523448578,
      "confusion_matrix": [
        [
          70.66666666666666,
          29.333333333333332,
          0.0
        ],
        [
          22.0,
          67.33333333333333,
          10.666666666666668
        ],
        [
          38.0,
          57.999999999999986,
          4.0
        ]
      ]
    },
    {
      "participant": "3219",
      "n_seeds": 10,
      "test_acc_mean": 0.395,
      "test_acc_std": 0.03291402943021916,
      "test_bal_acc_mean": 0.36888888888888893,
      "test_bal_acc_std": 0.032626245252659614,
      "test_f1_mean": 0.30688774644598277,
      "test_f1_std": 0.027955775348459482,
      "test_kappa_mean": 0.044418490989084305,
      "test_kappa_std": 0.05196832332725798,
      "confusion_matrix": [
        [
          89.33333333333334,
          9.333333333333334,
          1.3333333333333335
        ],
        [
          89.33333333333333,
          5.333333333333333,
          5.333333333333334
        ],
        [
          49.0,
          35.0,
          16.0
        ]
      ]
    },
    {
      "participant": "3220",
      "n_seeds": 10,
      "test_acc_mean": 0.2555555555555556,
      "test_acc_std": 0.028206567058755207,
      "test_bal_acc_mean": 0.2555555555555556,
      "test_bal_acc_std": 0.02820656705875521,
      "test_f1_mean": 0.21251689149294278,
      "test_f1_std": 0.024409212900317653,
      "test_kappa_mean": -0.1166666666666667,
      "test_kappa_std": 0.04230985058813281,
      "confusion_matrix": [
        [
          50.666666666666664,
          40.0,
          9.333333333333332
        ],
        [
          58.0,
          25.333333333333332,
          16.666666666666664
        ],
        [
          90.66666666666667,
          8.666666666666668,
          0.6666666666666667
        ]
      ]
    },
    {
      "participant": "3221",
      "n_seeds": 10,
      "test_acc_mean": 0.45777777777777773,
      "test_acc_std": 0.03177423791041069,
      "test_bal_acc_mean": 0.45777777777777773,
      "test_bal_acc_std": 0.03177423791041068,
      "test_f1_mean": 0.4318875757091498,
      "test_f1_std": 0.03665217068763721,
      "test_kappa_mean": 0.18666666666666668,
      "test_kappa_std": 0.04766135686561603,
      "confusion_matrix": [
        [
          31.333333333333332,
          1.3333333333333335,
          67.33333333333334
        ],
        [
          2.666666666666667,
          22.666666666666668,
          74.66666666666666
        ],
        [
          3.3333333333333335,
          13.333333333333334,
          83.33333333333333
        ]
      ]
    },
    {
      "participant": "3223",
      "n_seeds": 10,
      "test_acc_mean": 0.31777777777777777,
      "test_acc_std": 0.010734353145325498,
      "test_bal_acc_mean": 0.31777777777777777,
      "test_bal_acc_std": 0.010734353145325498,
      "test_f1_mean": 0.24324539459969494,
      "test_f1_std": 0.007176936833781323,
      "test_kappa_mean": -0.023333333333333407,
      "test_kappa_std": 0.016101529717988314,
      "confusion_matrix": [
        [
          0.0,
          0.0,
          100.0
        ],
        [
          4.666666666666666,
          95.33333333333334,
          0.0
        ],
        [
          34.0,
          66.0,
          0.0
        ]
      ]
    },
    {
      "participant": "3224",
      "n_seeds": 10,
      "test_acc_mean": 0.48666666666666664,
      "test_acc_std": 0.03696288874036932,
      "test_bal_acc_mean": 0.48666666666666664,
      "test_bal_acc_std": 0.036962888740369335,
      "test_f1_mean": 0.43866936179559496,
      "test_f1_std": 0.03441451918631132,
      "test_kappa_mean": 0.22999999999999998,
      "test_kappa_std": 0.05544433311055403,
      "confusion_matrix": [
        [
          38.666666666666664,
          0.0,
          61.33333333333333
        ],
        [
          4.666666666666666,
          14.0,
          81.33333333333333
        ],
        [
          6.666666666666667,
          0.0,
          93.33333333333334
        ]
      ]
    },
    {
      "participant": "3225",
      "n_seeds": 10,
      "test_acc_mean": 0.5066666666666666,
      "test_acc_std": 0.01752912528325812,
      "test_bal_acc_mean": 0.5066666666666666,
      "test_bal_acc_std": 0.017529125283258104,
      "test_f1_mean": 0.4300794675291579,
      "test_f1_std": 0.015704060870536853,
      "test_kappa_mean": 0.26,
      "test_kappa_std": 0.02629368792488723,
      "confusion_matrix": [
        [
          82.66666666666666,
          1.3333333333333335,
          16.0
        ],
        [
          21.333333333333332,
          69.33333333333333,
          9.333333333333336
        ],
        [
          20.666666666666664,
          79.33333333333334,
          0.0
        ]
      ]
    },
    {
      "participant": "3226",
      "n_seeds": 10,
      "test_acc_mean": 0.5355555555555556,
      "test_acc_std": 0.024455665213658048,
      "test_bal_acc_mean": 0.5355555555555556,
      "test_bal_acc_std": 0.02445566521365801,
      "test_f1_mean": 0.468362960474037,
      "test_f1_std": 0.0443813241359405,
      "test_kappa_mean": 0.30333333333333334,
      "test_kappa_std": 0.036683497820487056,
      "confusion_matrix": [
        [
          99.33333333333334,
          0.6666666666666667,
          0.0
        ],
        [
          67.99999999999997,
          10.666666666666668,
          21.333333333333332
        ],
        [
          43.333333333333336,
          5.999999999999999,
          50.66666666666667
        ]
      ]
    },
    {
      "participant": "3227",
      "n_seeds": 10,
      "test_acc_mean": 0.43555555555555553,
      "test_acc_std": 0.03805994838123,
      "test_bal_acc_mean": 0.43555555555555553,
      "test_bal_acc_std": 0.03805994838123002,
      "test_f1_mean": 0.4188242591010427,
      "test_f1_std": 0.03873420629013483,
      "test_kappa_mean": 0.15333333333333332,
      "test_kappa_std": 0.05708992257184501,
      "confusion_matrix": [
        [
          79.33333333333331,
          11.333333333333336,
          9.333333333333336
        ],
        [
          39.333333333333336,
          26.666666666666664,
          33.99999999999999
        ],
        [
          2.666666666666667,
          72.66666666666667,
          24.666666666666664
        ]
      ]
    },
    {
      "participant": "3228",
      "n_seeds": 10,
      "test_acc_mean": 0.26388888888888895,
      "test_acc_std": 0.03000342915929566,
      "test_bal_acc_mean": 0.40777777777777774,
      "test_bal_acc_std": 0.030563971904855925,
      "test_f1_mean": 0.2013767538961037,
      "test_f1_std": 0.03976321081231048,
      "test_kappa_mean": 0.07204870992372328,
      "test_kappa_std": 0.027737858491266,
      "confusion_matrix": [
        [
          98.33333333333334,
          1.6666666666666665,
          0.0
        ],
        [
          77.33333333333334,
          22.666666666666664,
          0.0
        ],
        [
          84.66666666666666,
          14.0,
          1.3333333333333335
        ]
      ]
    },
    {
      "participant": "3229",
      "n_seeds": 10,
      "test_acc_mean": 0.5355555555555555,
      "test_acc_std": 0.02209842057803897,
      "test_bal_acc_mean": 0.5355555555555555,
      "test_bal_acc_std": 0.02209842057803897,
      "test_f1_mean": 0.47221008547793186,
      "test_f1_std": 0.03605564261369278,
      "test_kappa_mean": 0.3033333333333334,
      "test_kappa_std": 0.033147630867058436,
      "confusion_matrix": [
        [
          13.333333333333334,
          26.0,
          60.666666666666664
        ],
        [
          0.0,
          47.333333333333336,
          52.666666666666664
        ],
        [
          0.0,
          0.0,
          100.0
        ]
      ]
    },
    {
      "participant": "3230",
      "n_seeds": 10,
      "test_acc_mean": 0.3111111111111111,
      "test_acc_std": 0.052378280087892415,
      "test_bal_acc_mean": 0.3111111111111111,
      "test_bal_acc_std": 0.052378280087892415,
      "test_f1_mean": 0.2675921834472559,
      "test_f1_std": 0.04032763751852317,
      "test_kappa_mean": -0.03333333333333336,
      "test_kappa_std": 0.07856742013183861,
      "confusion_matrix": [
        [
          0.0,
          16.666666666666664,
          83.33333333333333
        ],
        [
          4.0,
          36.0,
          59.999999999999986
        ],
        [
          25.333333333333336,
          17.333333333333336,
          57.333333333333336
        ]
      ]
    },
    {
      "participant": "3232",
      "n_seeds": 10,
      "test_acc_mean": 0.45555555555555555,
      "test_acc_std": 0.03353846347458301,
      "test_bal_acc_mean": 0.45555555555555555,
      "test_bal_acc_std": 0.033538463474583016,
      "test_f1_mean": 0.4111083437704647,
      "test_f1_std": 0.03757722472531707,
      "test_kappa_mean": 0.18333333333333332,
      "test_kappa_std": 0.050307695211874524,
      "confusion_matrix": [
        [
          8.666666666666668,
          36.666666666666664,
          54.66666666666667
        ],
        [
          33.99999999999999,
          48.66666666666667,
          17.333333333333332
        ],
        [
          6.666666666666667,
          14.0,
          79.33333333333334
        ]
      ]
    },
    {
      "participant": "3233",
      "n_seeds": 10,
      "test_acc_mean": 0.11333333333333333,
      "test_acc_std": 0.0338640872612221,
      "test_bal_acc_mean": 0.11333333333333333,
      "test_bal_acc_std": 0.0338640872612221,
      "test_f1_mean": 0.0990035869777077,
      "test_f1_std": 0.02931061566043017,
      "test_kappa_mean": -0.3299999999999999,
      "test_kappa_std": 0.05079613089183311,
      "confusion_matrix": [
        [
          0.0,
          72.66666666666666,
          27.333333333333325
        ],
        [
          3.3333333333333335,
          16.0,
          80.66666666666666
        ],
        [
          44.66666666666667,
          37.33333333333333,
          18.000000000000004
        ]
      ]
    },
    {
      "participant": "3234",
      "n_seeds": 10,
      "test_acc_mean": 0.3111111111111111,
      "test_acc_std": 0.03312693299999689,
      "test_bal_acc_mean": 0.3111111111111111,
      "test_bal_acc_std": 0.03312693299999688,
      "test_f1_mean": 0.24994449485464504,
      "test_f1_std": 0.02080202689972906,
      "test_kappa_mean": -0.03333333333333337,
      "test_kappa_std": 0.04969039949999535,
      "confusion_matrix": [
        [
          0.0,
          71.33333333333334,
          28.666666666666668
        ],
        [
          1.3333333333333335,
          27.333333333333332,
          71.33333333333334
        ],
        [
          18.0,
          16.0,
          66.0
        ]
      ]
    },
    {
      "participant": "3235",
      "n_seeds": 10,
      "test_acc_mean": 0.4133333333333334,
      "test_acc_std": 0.02608417312838371,
      "test_bal_acc_mean": 0.4133333333333334,
      "test_bal_acc_std": 0.026084173128383712,
      "test_f1_mean": 0.36983919457465864,
      "test_f1_std": 0.025707236820689674,
      "test_kappa_mean": 0.12000000000000002,
      "test_kappa_std": 0.039126259692575535,
      "confusion_matrix": [
        [
          56.666666666666664,
          0.0,
          43.333333333333336
        ],
        [
          20.666666666666664,
          0.6666666666666667,
          78.66666666666667
        ],
        [
          0.0,
          33.33333333333332,
          66.66666666666664
        ]
      ]
    },
    {
      "participant": "3236",
      "n_seeds": 10,
      "test_acc_mean": 0.3244444444444444,
      "test_acc_std": 0.051533413721262494,
      "test_bal_acc_mean": 0.3244444444444444,
      "test_bal_acc_std": 0.05153341372126247,
      "test_f1_mean": 0.2996685057368717,
      "test_f1_std": 0.060637591244488614,
      "test_kappa_mean": -0.013333333333333386,
      "test_kappa_std": 0.07730012058189373,
      "confusion_matrix": [
        [
          26.666666666666664,
          14.0,
          59.333333333333336
        ],
        [
          20.0,
          15.333333333333334,
          64.66666666666666
        ],
        [
          22.666666666666668,
          22.0,
          55.333333333333336
        ]
      ]
    },
    {
      "participant": "3237",
      "n_seeds": 10,
      "test_acc_mean": 0.5,
      "test_acc_std": 0.03353846347458303,
      "test_bal_acc_mean": 0.5,
      "test_bal_acc_std": 0.03353846347458304,
      "test_f1_mean": 0.4546129531623131,
      "test_f1_std": 0.037416964169402954,
      "test_kappa_mean": 0.25,
      "test_kappa_std": 0.050307695211874566,
      "confusion_matrix": [
        [
          91.33333333333334,
          8.666666666666668,
          0.0
        ],
        [
          61.33333333333333,
          38.666666666666664,
          0.0
        ],
        [
          40.66666666666667,
          39.33333333333333,
          20.0
        ]
      ]
    },
    {
      "participant": "3238",
      "n_seeds": 10,
      "test_acc_mean": 0.37111111111111106,
      "test_acc_std": 0.037843080813169776,
      "test_bal_acc_mean": 0.37111111111111106,
      "test_bal_acc_std": 0.03784308081316977,
      "test_f1_mean": 0.3702395717483437,
      "test_f1_std": 0.03654891150228234,
      "test_kappa_mean": 0.056666666666666664,
      "test_kappa_std": 0.056764621219754695,
      "confusion_matrix": [
        [
          46.666666666666664,
          19.333333333333336,
          33.999999999999986
        ],
        [
          11.333333333333334,
          16.000000000000004,
          72.66666666666666
        ],
        [
          12.666666666666666,
          38.666666666666664,
          48.66666666666667
        ]
      ]
    },
    {
      "participant": "3239",
      "n_seeds": 10,
      "test_acc_mean": 0.33333333333333337,
      "test_acc_std": 5.851389114294502e-17,
      "test_bal_acc_mean": 0.33333333333333337,
      "test_bal_acc_std": 5.851389114294502e-17,
      "test_f1_mean": 0.1694915254237288,
      "test_f1_std": 0.0,
      "test_kappa_mean": -2.220446049250313e-16,
      "test_kappa_std": 0.0,
      "confusion_matrix": [
        [
          100.0,
          0.0,
          0.0
        ],
        [
          100.0,
          0.0,
          0.0
        ],
        [
          93.33333333333334,
          6.666666666666666,
          0.0
        ]
      ]
    },
    {
      "participant": "3240",
      "n_seeds": 10,
      "test_acc_mean": 0.41555555555555557,
      "test_acc_std": 0.03482269414383157,
      "test_bal_acc_mean": 0.41555555555555557,
      "test_bal_acc_std": 0.03482269414383157,
      "test_f1_mean": 0.3215949070692674,
      "test_f1_std": 0.06225408762279881,
      "test_kappa_mean": 0.1233333333333333,
      "test_kappa_std": 0.052234041215747366,
      "confusion_matrix": [
        [
          19.333333333333332,
          75.99999999999999,
          4.666666666666666
        ],
        [
          1.3333333333333335,
          98.0,
          0.6666666666666667
        ],
        [
          2.0,
          90.66666666666666,
          7.333333333333334
        ]
      ]
    },
    {
      "participant": "3241",
      "n_seeds": 10,
      "test_acc_mean": 0.41999999999999993,
      "test_acc_std": 0.02209842057803895,
      "test_bal_acc_mean": 0.41999999999999993,
      "test_bal_acc_std": 0.022098420578038968,
      "test_f1_mean": 0.3645879883763129,
      "test_f1_std": 0.026687783519663236,
      "test_kappa_mean": 0.12999999999999995,
      "test_kappa_std": 0.033147630867058415,
      "confusion_matrix": [
        [
          83.33333333333333,
          16.666666666666668,
          0.0
        ],
        [
          61.33333333333333,
          31.333333333333332,
          7.333333333333333
        ],
        [
          68.66666666666666,
          20.000000000000004,
          11.333333333333334
        ]
      ]
    },
    {
      "participant": "3242",
      "n_seeds": 10,
      "test_acc_mean": 0.45111111111111113,
      "test_acc_std": 0.03320964706882946,
      "test_bal_acc_mean": 0.45111111111111113,
      "test_bal_acc_std": 0.033209647068829465,
      "test_f1_mean": 0.41372476350535303,
      "test_f1_std": 0.04058282469351475,
      "test_kappa_mean": 0.17666666666666667,
      "test_kappa_std": 0.04981447060324422,
      "confusion_matrix": [
        [
          55.333333333333336,
          36.66666666666666,
          8.000000000000002
        ],
        [
          22.0,
          66.0,
          12.000000000000002
        ],
        [
          43.33333333333333,
          42.666666666666664,
          13.999999999999996
        ]
      ]
    },
    {
      "participant": "3243",
      "n_seeds": 10,
      "test_acc_mean": 0.2977777777777778,
      "test_acc_std": 0.02810913475705227,
      "test_bal_acc_mean": 0.2977777777777778,
      "test_bal_acc_std": 0.028109134757052262,
      "test_f1_mean": 0.2752698212172428,
      "test_f1_std": 0.027003737293773956,
      "test_kappa_mean": -0.0533333333333334,
      "test_kappa_std": 0.0421637021355784,
      "confusion_matrix": [
        [
          33.999999999999986,
          5.333333333333334,
          60.666666666666664
        ],
        [
          23.999999999999996,
          3.3333333333333335,
          72.66666666666666
        ],
        [
          4.0,
          44.0,
          52.0
        ]
      ]
    },
    {
      "participant": "3244",
      "n_seeds": 10,
      "test_acc_mean": 0.38,
      "test_acc_std": 0.05179891477643581,
      "test_bal_acc_mean": 0.38,
      "test_bal_acc_std": 0.05179891477643581,
      "test_f1_mean": 0.3779523724957293,
      "test_f1_std": 0.055890779868052506,
      "test_kappa_mean": 0.06999999999999995,
      "test_kappa_std": 0.07769837216465376,
      "confusion_matrix": [
        [
          35.999999999999986,
          31.999999999999993,
          32.0
        ],
        [
          16.0,
          40.0,
          44.00000000000001
        ],
        [
          45.33333333333333,
          16.666666666666668,
          38.00000000000001
        ]
      ]
    },
    {
      "participant": "3245",
      "n_seeds": 10,
      "test_acc_mean": 0.29777777777777775,
      "test_acc_std": 0.01553790886178003,
      "test_bal_acc_mean": 0.2977777777777778,
      "test_bal_acc_std": 0.015537908861780006,
      "test_f1_mean": 0.15884391640182344,
      "test_f1_std": 0.014426756299093773,
      "test_kappa_mean": -0.05333333333333323,
      "test_kappa_std": 0.023306863292669937,
      "confusion_matrix": [
        [
          87.99999999999999,
          11.999999999999998,
          0.0
        ],
        [
          98.66666666666666,
          1.3333333333333335,
          0.0
        ],
        [
          100.0,
          0.0,
          0.0
        ]
      ]
    },
    {
      "participant": "3246",
      "n_seeds": 10,
      "test_acc_mean": 0.3311111111111112,
      "test_acc_std": 0.03220305943597654,
      "test_bal_acc_mean": 0.3311111111111112,
      "test_bal_acc_std": 0.03220305943597651,
      "test_f1_mean": 0.3084906732926883,
      "test_f1_std": 0.0397866813268288,
      "test_kappa_mean": -0.0033333333333333327,
      "test_kappa_std": 0.0483045891539648,
      "confusion_matrix": [
        [
          40.666666666666664,
          16.0,
          43.333333333333336
        ],
        [
          14.666666666666668,
          10.666666666666666,
          74.66666666666666
        ],
        [
          37.99999999999999,
          13.999999999999996,
          47.99999999999999
        ]
      ]
    },
    {
      "participant": "3247",
      "n_seeds": 10,
      "test_acc_mean": 0.3044444444444444,
      "test_acc_std": 0.010734353145325526,
      "test_bal_acc_mean": 0.3044444444444444,
      "test_bal_acc_std": 0.010734353145325498,
      "test_f1_mean": 0.15973160708772385,
      "test_f1_std": 0.011276294193260294,
      "test_kappa_mean": -0.043333333333333404,
      "test_kappa_std": 0.01610152971798821,
      "confusion_matrix": [
        [
          90.66666666666667,
          0.0,
          9.333333333333334
        ],
        [
          97.33333333333334,
          0.0,
          2.666666666666667
        ],
        [
          99.33333333333333,
          0.0,
          0.6666666666666667
        ]
      ]
    },
    {
      "participant": "3248",
      "n_seeds": 10,
      "test_acc_mean": 0.32666666666666666,
      "test_acc_std": 0.029722077996650196,
      "test_bal_acc_mean": 0.32666666666666666,
      "test_bal_acc_std": 0.029722077996650186,
      "test_f1_mean": 0.28725963964071044,
      "test_f1_std": 0.035970358178354436,
      "test_kappa_mean": -0.010000000000000031,
      "test_kappa_std": 0.0445831169949753,
      "confusion_matrix": [
        [
          66.66666666666666,
          19.333333333333336,
          14.0
        ],
        [
          44.0,
          15.333333333333334,
          40.66666666666666
        ],
        [
          65.33333333333333,
          18.666666666666668,
          16.0
        ]
      ]
    },
    {
      "participant": "3249",
      "n_seeds": 10,
      "test_acc_mean": 0.24,
      "test_acc_std": 0.14470062752088628,
      "test_bal_acc_mean": 0.24,
      "test_bal_acc_std": 0.14470062752088628,
      "test_f1_mean": 0.36821994243921824,
      "test_f1_std": 0.1811367803977087,
      "test_kappa_mean": 0.0,
      "test_kappa_std": 0.0,
      "confusion_matrix": [
        [
          0.0,
          0.0,
          0.0
        ],
        [
          0.0,
          0.0,
          0.0
        ],
        [
          29.333333333333332,
          46.66666666666667,
          24.0
        ]
      ]
    },
    {
      "participant": "3250",
      "n_seeds": 10,
      "test_acc_mean": 0.5599999999999999,
      "test_acc_std": 0.034426518632954824,
      "test_bal_acc_mean": 0.5599999999999999,
      "test_bal_acc_std": 0.03442651863295481,
      "test_f1_mean": 0.5516052221932586,
      "test_f1_std": 0.037937170350781146,
      "test_kappa_mean": 0.3400000000000001,
      "test_kappa_std": 0.05163977794943222,
      "confusion_matrix": [
        [
          58.0,
          12.666666666666666,
          29.333333333333332
        ],
        [
          18.666666666666664,
          70.66666666666666,
          10.666666666666668
        ],
        [
          9.333333333333334,
          51.33333333333333,
          39.33333333333333
        ]
      ]
    }
  ],
  "selected_features": [
    "SCR_Peaks_N",
    "SCR_Peaks_Amplitude_Mean",
    "EDA_Tonic_SD",
    "HRV_Prc80NN",
    "HRV_pNN50",
    "HRV_pNN20",
    "HRV_MinNN",
    "HRV_MaxNN",
    "HRV_VHF",
    "HRV_PSS",
    "HRV_PAS",
    "HRV_DFA_alpha1",
    "HRV_ShanEn"
  ],
  "n_participants": 38,
  "n_seeds": 10,
  "n_features": 13,
  "timestamp": "2025-10-17T16:23:49.645503"
}