{
  "name": "gsr",
  "config": {
    "n_seeds": 10,
    "feature_selection": "backward",
    "use_pca": false,
    "pca_variance": 0.95,
    "write_cm": true,
    "tune_hyperparameters": false,
    "tune_n_iter": 30,
    "tune_cv_folds": 5,
    "use_pose_derivatives": true,
    "use_time_features": false,
    "class_config": "all",
    "include_order": false,
    "name": "gsr",
    "feature_groups": [
      "gsr"
    ],
    "split_strategy": "lopo"
  },
  "metrics": {
    "test_acc_mean": 0.351477472899729,
    "test_acc_std": 0.0785448965316843,
    "test_bal_acc_mean": 0.35321969696969696,
    "test_bal_acc_std": 0.0840859819138541,
    "test_f1_mean": 0.32974284966534617,
    "test_f1_std": 0.08390537734134929,
    "test_kappa_mean": 0.02783398332651859,
    "test_kappa_std": 0.12005295158513257
  },
  "confusion_matrix": [
    [
      44.37500000000001,
      26.866666666666667,
      28.758333333333333
    ],
    [
      31.265151515151523,
      30.390909090909094,
      38.34393939393938
    ],
    [
      34.90833333333333,
      33.891666666666666,
      31.2
    ]
  ],
  "participant_results": [
    {
      "participant": "3208",
      "n_seeds": 10,
      "test_acc_mean": 0.3977777777777778,
      "test_acc_std": 0.02445566521365804,
      "test_bal_acc_mean": 0.39777777777777773,
      "test_bal_acc_std": 0.024455665213658044,
      "test_f1_mean": 0.34859663392171136,
      "test_f1_std": 0.020606377955423923,
      "test_kappa_mean": 0.09666666666666661,
      "test_kappa_std": 0.036683497820487014,
      "confusion_matrix": [
        [
          6.666666666666666,
          60.666666666666664,
          32.66666666666667
        ],
        [
          0.0,
          56.0,
          44.0
        ],
        [
          6.666666666666666,
          36.66666666666666,
          56.666666666666664
        ]
      ]
    },
    {
      "participant": "3209",
      "n_seeds": 10,
      "test_acc_mean": 0.45777777777777773,
      "test_acc_std": 0.03345656234262581,
      "test_bal_acc_mean": 0.45777777777777773,
      "test_bal_acc_std": 0.0334565623426258,
      "test_f1_mean": 0.45214005530861956,
      "test_f1_std": 0.03334999453951415,
      "test_kappa_mean": 0.18666666666666662,
      "test_kappa_std": 0.05018484351393874,
      "confusion_matrix": [
        [
          54.666666666666664,
          23.333333333333332,
          22.0
        ],
        [
          11.333333333333336,
          56.66666666666665,
          31.999999999999993
        ],
        [
          22.666666666666664,
          51.333333333333336,
          26.0
        ]
      ]
    },
    {
      "participant": "3210",
      "n_seeds": 10,
      "test_acc_mean": 0.2911111111111111,
      "test_acc_std": 0.03544736626371971,
      "test_bal_acc_mean": 0.2911111111111111,
      "test_bal_acc_std": 0.03544736626371969,
      "test_f1_mean": 0.2882636714176388,
      "test_f1_std": 0.03527040006141804,
      "test_kappa_mean": -0.06333333333333334,
      "test_kappa_std": 0.053171049395579546,
      "confusion_matrix": [
        [
          48.666666666666664,
          23.333333333333332,
          27.999999999999993
        ],
        [
          28.666666666666664,
          14.0,
          57.33333333333333
        ],
        [
          22.0,
          53.333333333333336,
          24.666666666666664
        ]
      ]
    },
    {
      "participant": "3214",
      "n_seeds": 10,
      "test_acc_mean": 0.33333333333333337,
      "test_acc_std": 0.03312693299999689,
      "test_bal_acc_mean": 0.33333333333333337,
      "test_bal_acc_std": 0.03312693299999688,
      "test_f1_mean": 0.3061618187644571,
      "test_f1_std": 0.0319900315153423,
      "test_kappa_mean": -1.1102230246251566e-17,
      "test_kappa_std": 0.049690399499995305,
      "confusion_matrix": [
        [
          49.33333333333333,
          17.333333333333336,
          33.33333333333333
        ],
        [
          36.0,
          10.000000000000002,
          54.0
        ],
        [
          51.333333333333336,
          8.0,
          40.66666666666667
        ]
      ]
    },
    {
      "participant": "3215",
      "n_seeds": 10,
      "test_acc_mean": 0.43555555555555553,
      "test_acc_std": 0.02999771367602457,
      "test_bal_acc_mean": 0.43555555555555553,
      "test_bal_acc_std": 0.02999771367602455,
      "test_f1_mean": 0.44078865496091185,
      "test_f1_std": 0.03280292386819746,
      "test_kappa_mean": 0.15333333333333327,
      "test_kappa_std": 0.04499657051403686,
      "confusion_matrix": [
        [
          35.33333333333333,
          50.00000000000001,
          14.666666666666668
        ],
        [
          18.0,
          48.66666666666667,
          33.33333333333333
        ],
        [
          0.0,
          53.33333333333333,
          46.66666666666667
        ]
      ]
    },
    {
      "participant": "3216",
      "n_seeds": 10,
      "test_acc_mean": 0.3111111111111111,
      "test_acc_std": 0.03312693299999689,
      "test_bal_acc_mean": 0.3111111111111111,
      "test_bal_acc_std": 0.03312693299999688,
      "test_f1_mean": 0.2803158745448916,
      "test_f1_std": 0.038517839788007414,
      "test_kappa_mean": -0.03333333333333334,
      "test_kappa_std": 0.04969039949999534,
      "confusion_matrix": [
        [
          63.999999999999986,
          28.666666666666668,
          7.333333333333333
        ],
        [
          45.333333333333336,
          16.0,
          38.666666666666664
        ],
        [
          43.33333333333333,
          43.333333333333336,
          13.333333333333334
        ]
      ]
    },
    {
      "participant": "3217",
      "n_seeds": 10,
      "test_acc_mean": 0.27111111111111114,
      "test_acc_std": 0.031075817723560047,
      "test_bal_acc_mean": 0.27111111111111114,
      "test_bal_acc_std": 0.03107581772356005,
      "test_f1_mean": 0.25416909624679196,
      "test_f1_std": 0.03338985104156779,
      "test_kappa_mean": -0.09333333333333335,
      "test_kappa_std": 0.04661372658534005,
      "confusion_matrix": [
        [
          34.0,
          18.666666666666664,
          47.33333333333333
        ],
        [
          44.0,
          7.333333333333334,
          48.666666666666664
        ],
        [
          24.666666666666664,
          35.33333333333333,
          40.0
        ]
      ]
    },
    {
      "participant": "3218",
      "n_seeds": 10,
      "test_acc_mean": 0.27555555555555555,
      "test_acc_std": 0.03947529657621993,
      "test_bal_acc_mean": 0.27555555555555555,
      "test_bal_acc_std": 0.039475296576219926,
      "test_f1_mean": 0.260150942833979,
      "test_f1_std": 0.039357033894037156,
      "test_kappa_mean": -0.08666666666666667,
      "test_kappa_std": 0.05921294486432991,
      "confusion_matrix": [
        [
          7.333333333333334,
          16.666666666666664,
          76.00000000000001
        ],
        [
          37.333333333333336,
          29.999999999999993,
          32.66666666666667
        ],
        [
          26.666666666666664,
          28.0,
          45.33333333333333
        ]
      ]
    },
    {
      "participant": "3219",
      "n_seeds": 10,
      "test_acc_mean": 0.3075,
      "test_acc_std": 0.02648374763678451,
      "test_bal_acc_mean": 0.27999999999999997,
      "test_bal_acc_std": 0.026604866660841435,
      "test_f1_mean": 0.29159323031748663,
      "test_f1_std": 0.031976796057683374,
      "test_kappa_mean": -0.05875696266816248,
      "test_kappa_std": 0.03973452685723159,
      "confusion_matrix": [
        [
          54.666666666666664,
          14.666666666666666,
          30.666666666666664
        ],
        [
          49.33333333333333,
          23.333333333333336,
          27.333333333333332
        ],
        [
          71.0,
          23.0,
          6.0
        ]
      ]
    },
    {
      "participant": "3220",
      "n_seeds": 10,
      "test_acc_mean": 0.22444444444444445,
      "test_acc_std": 0.02660486666084143,
      "test_bal_acc_mean": 0.22444444444444445,
      "test_bal_acc_std": 0.026604866660841442,
      "test_f1_mean": 0.21038057102988797,
      "test_f1_std": 0.02927300502052526,
      "test_kappa_mean": -0.16333333333333339,
      "test_kappa_std": 0.03990729999126218,
      "confusion_matrix": [
        [
          43.333333333333336,
          5.999999999999999,
          50.666666666666664
        ],
        [
          49.99999999999999,
          10.666666666666666,
          39.33333333333333
        ],
        [
          40.0,
          46.66666666666667,
          13.333333333333334
        ]
      ]
    },
    {
      "participant": "3221",
      "n_seeds": 10,
      "test_acc_mean": 0.2977777777777778,
      "test_acc_std": 0.029997713676024572,
      "test_bal_acc_mean": 0.2977777777777778,
      "test_bal_acc_std": 0.029997713676024565,
      "test_f1_mean": 0.28064291286499177,
      "test_f1_std": 0.027696998717002954,
      "test_kappa_mean": -0.053333333333333434,
      "test_kappa_std": 0.0449965705140368,
      "confusion_matrix": [
        [
          47.333333333333336,
          22.0,
          30.666666666666668
        ],
        [
          56.666666666666664,
          13.333333333333332,
          29.999999999999993
        ],
        [
          71.33333333333333,
          0.0,
          28.666666666666664
        ]
      ]
    },
    {
      "participant": "3222",
      "n_seeds": 10,
      "test_acc_mean": 0.28048780487804875,
      "test_acc_std": 0.030958427259609386,
      "test_bal_acc_mean": 0.2676767676767677,
      "test_bal_acc_std": 0.03087745863464074,
      "test_f1_mean": 0.26891350748371523,
      "test_f1_std": 0.02880002875912284,
      "test_kappa_mean": -0.08765102977137983,
      "test_kappa_std": 0.045842977521212545,
      "confusion_matrix": [
        [
          48.666666666666664,
          27.999999999999993,
          23.333333333333332
        ],
        [
          57.27272727272727,
          13.636363636363637,
          29.090909090909093
        ],
        [
          43.333333333333336,
          38.666666666666664,
          18.000000000000004
        ]
      ]
    },
    {
      "participant": "3223",
      "n_seeds": 10,
      "test_acc_mean": 0.3288888888888889,
      "test_acc_std": 0.01752912528325812,
      "test_bal_acc_mean": 0.3288888888888889,
      "test_bal_acc_std": 0.01752912528325812,
      "test_f1_mean": 0.3268259269967626,
      "test_f1_std": 0.019943824165558566,
      "test_kappa_mean": -0.006666666666666732,
      "test_kappa_std": 0.026293687924887187,
      "confusion_matrix": [
        [
          29.999999999999993,
          55.33333333333333,
          14.666666666666666
        ],
        [
          6.666666666666666,
          45.99999999999999,
          47.33333333333333
        ],
        [
          22.0,
          55.33333333333333,
          22.666666666666664
        ]
      ]
    },
    {
      "participant": "3224",
      "n_seeds": 10,
      "test_acc_mean": 0.35777777777777786,
      "test_acc_std": 0.019457667461575855,
      "test_bal_acc_mean": 0.35777777777777786,
      "test_bal_acc_std": 0.01945766746157584,
      "test_f1_mean": 0.33764501139731945,
      "test_f1_std": 0.019657515822862265,
      "test_kappa_mean": 0.03666666666666666,
      "test_kappa_std": 0.029186501192363767,
      "confusion_matrix": [
        [
          27.333333333333332,
          30.666666666666664,
          42.0
        ],
        [
          21.999999999999993,
          19.333333333333336,
          58.66666666666665
        ],
        [
          24.666666666666664,
          14.666666666666666,
          60.666666666666664
        ]
      ]
    },
    {
      "participant": "3225",
      "n_seeds": 10,
      "test_acc_mean": 0.3711111111111111,
      "test_acc_std": 0.018294946718856994,
      "test_bal_acc_mean": 0.3711111111111111,
      "test_bal_acc_std": 0.018294946718856984,
      "test_f1_mean": 0.35179847160222133,
      "test_f1_std": 0.0163755314951734,
      "test_kappa_mean": 0.05666666666666666,
      "test_kappa_std": 0.02744242007828548,
      "confusion_matrix": [
        [
          67.33333333333333,
          31.999999999999993,
          0.6666666666666667
        ],
        [
          38.66666666666667,
          28.0,
          33.33333333333333
        ],
        [
          21.333333333333332,
          62.666666666666664,
          16.0
        ]
      ]
    },
    {
      "participant": "3226",
      "n_seeds": 10,
      "test_acc_mean": 0.2977777777777778,
      "test_acc_std": 0.029997713676024575,
      "test_bal_acc_mean": 0.2977777777777778,
      "test_bal_acc_std": 0.029997713676024572,
      "test_f1_mean": 0.27633234467592027,
      "test_f1_std": 0.027971581280969788,
      "test_kappa_mean": -0.05333333333333338,
      "test_kappa_std": 0.044996570514036896,
      "confusion_matrix": [
        [
          51.333333333333336,
          16.0,
          32.666666666666664
        ],
        [
          46.00000000000001,
          13.333333333333334,
          40.66666666666667
        ],
        [
          58.0,
          17.333333333333332,
          24.666666666666664
        ]
      ]
    },
    {
      "participant": "3227",
      "n_seeds": 10,
      "test_acc_mean": 0.4444444444444445,
      "test_acc_std": 0.023424278964210215,
      "test_bal_acc_mean": 0.4444444444444445,
      "test_bal_acc_std": 0.02342427896421022,
      "test_f1_mean": 0.44565094220312984,
      "test_f1_std": 0.02334522568444774,
      "test_kappa_mean": 0.16666666666666663,
      "test_kappa_std": 0.03513641844631532,
      "confusion_matrix": [
        [
          44.0,
          18.666666666666668,
          37.33333333333333
        ],
        [
          38.0,
          45.333333333333336,
          16.666666666666668
        ],
        [
          31.999999999999993,
          24.0,
          44.0
        ]
      ]
    },
    {
      "participant": "3228",
      "n_seeds": 10,
      "test_acc_mean": 0.4333333333333334,
      "test_acc_std": 0.0234242789642102,
      "test_bal_acc_mean": 0.5433333333333332,
      "test_bal_acc_std": 0.02693792080884173,
      "test_f1_mean": 0.39340266955224884,
      "test_f1_std": 0.01894997806468138,
      "test_kappa_mean": 0.20310065883362047,
      "test_kappa_std": 0.03148528163532112,
      "confusion_matrix": [
        [
          98.33333333333334,
          0.0,
          1.6666666666666665
        ],
        [
          45.33333333333333,
          14.0,
          40.666666666666664
        ],
        [
          38.0,
          11.333333333333334,
          50.666666666666664
        ]
      ]
    },
    {
      "participant": "3229",
      "n_seeds": 10,
      "test_acc_mean": 0.39111111111111113,
      "test_acc_std": 0.011475506210984955,
      "test_bal_acc_mean": 0.3911111111111111,
      "test_bal_acc_std": 0.011475506210984927,
      "test_f1_mean": 0.36211206406021484,
      "test_f1_std": 0.015404274433420236,
      "test_kappa_mean": 0.08666666666666664,
      "test_kappa_std": 0.017213259316477405,
      "confusion_matrix": [
        [
          19.333333333333332,
          14.666666666666668,
          65.99999999999997
        ],
        [
          0.0,
          24.666666666666664,
          75.33333333333334
        ],
        [
          0.0,
          26.666666666666664,
          73.33333333333334
        ]
      ]
    },
    {
      "participant": "3230",
      "n_seeds": 10,
      "test_acc_mean": 0.31333333333333335,
      "test_acc_std": 0.030451562653473284,
      "test_bal_acc_mean": 0.31333333333333335,
      "test_bal_acc_std": 0.030451562653473277,
      "test_f1_mean": 0.2978446883460355,
      "test_f1_std": 0.027791924157994873,
      "test_kappa_mean": -0.03000000000000006,
      "test_kappa_std": 0.04567734398020996,
      "confusion_matrix": [
        [
          48.00000000000001,
          15.333333333333334,
          36.66666666666667
        ],
        [
          65.33333333333331,
          14.666666666666666,
          20.0
        ],
        [
          46.00000000000001,
          22.666666666666664,
          31.333333333333332
        ]
      ]
    },
    {
      "participant": "3231",
      "n_seeds": 10,
      "test_acc_mean": 0.2666666666666666,
      "test_acc_std": 0.03474382044313652,
      "test_bal_acc_mean": 0.2666666666666666,
      "test_bal_acc_std": 0.03474382044313651,
      "test_f1_mean": 0.2619782431256938,
      "test_f1_std": 0.033013378395671554,
      "test_kappa_mean": -0.10000000000000002,
      "test_kappa_std": 0.052115730664704735,
      "confusion_matrix": [
        [
          26.0,
          55.33333333333333,
          18.666666666666668
        ],
        [
          37.99999999999999,
          36.0,
          26.0
        ],
        [
          16.666666666666668,
          65.33333333333331,
          18.0
        ]
      ]
    },
    {
      "participant": "3232",
      "n_seeds": 10,
      "test_acc_mean": 0.33999999999999997,
      "test_acc_std": 0.03151414427582615,
      "test_bal_acc_mean": 0.33999999999999997,
      "test_bal_acc_std": 0.03151414427582614,
      "test_f1_mean": 0.33619870331551976,
      "test_f1_std": 0.029279224057340094,
      "test_kappa_mean": 0.009999999999999943,
      "test_kappa_std": 0.047271216413739235,
      "confusion_matrix": [
        [
          26.666666666666668,
          14.666666666666666,
          58.666666666666664
        ],
        [
          13.333333333333332,
          27.999999999999993,
          58.666666666666664
        ],
        [
          30.666666666666664,
          21.999999999999993,
          47.333333333333336
        ]
      ]
    },
    {
      "participant": "3233",
      "n_seeds": 10,
      "test_acc_mean": 0.3288888888888889,
      "test_acc_std": 0.025228720542113187,
      "test_bal_acc_mean": 0.32888888888888884,
      "test_bal_acc_std": 0.025228720542113198,
      "test_f1_mean": 0.28191544401774005,
      "test_f1_std": 0.031042512553955556,
      "test_kappa_mean": -0.006666666666666698,
      "test_kappa_std": 0.0378430808131698,
      "confusion_matrix": [
        [
          72.0,
          20.0,
          8.0
        ],
        [
          51.33333333333333,
          14.0,
          34.66666666666667
        ],
        [
          56.0,
          31.333333333333336,
          12.666666666666668
        ]
      ]
    },
    {
      "participant": "3234",
      "n_seeds": 10,
      "test_acc_mean": 0.39555555555555555,
      "test_acc_std": 0.025228720542113184,
      "test_bal_acc_mean": 0.39555555555555555,
      "test_bal_acc_std": 0.02522872054211318,
      "test_f1_mean": 0.3606472872952571,
      "test_f1_std": 0.031156407462873043,
      "test_kappa_mean": 0.09333333333333331,
      "test_kappa_std": 0.037843080813169776,
      "confusion_matrix": [
        [
          16.666666666666668,
          73.99999999999999,
          9.333333333333334
        ],
        [
          16.000000000000004,
          75.33333333333334,
          8.666666666666666
        ],
        [
          22.0,
          51.33333333333333,
          26.666666666666664
        ]
      ]
    },
    {
      "participant": "3235",
      "n_seeds": 10,
      "test_acc_mean": 0.4111111111111111,
      "test_acc_std": 0.03186046395200973,
      "test_bal_acc_mean": 0.4111111111111111,
      "test_bal_acc_std": 0.03186046395200973,
      "test_f1_mean": 0.38300439846040346,
      "test_f1_std": 0.04053715104477116,
      "test_kappa_mean": 0.11666666666666665,
      "test_kappa_std": 0.04779069592801458,
      "confusion_matrix": [
        [
          70.0,
          12.0,
          18.0
        ],
        [
          18.666666666666668,
          16.000000000000004,
          65.33333333333333
        ],
        [
          48.0,
          14.666666666666668,
          37.33333333333333
        ]
      ]
    },
    {
      "participant": "3236",
      "n_seeds": 10,
      "test_acc_mean": 0.35111111111111115,
      "test_acc_std": 0.02295101242196988,
      "test_bal_acc_mean": 0.35111111111111115,
      "test_bal_acc_std": 0.02295101242196988,
      "test_f1_mean": 0.300873440285205,
      "test_f1_std": 0.016269335393867906,
      "test_kappa_mean": 0.02666666666666665,
      "test_kappa_std": 0.03442651863295483,
      "confusion_matrix": [
        [
          46.66666666666667,
          39.33333333333333,
          14.0
        ],
        [
          20.666666666666668,
          58.66666666666667,
          20.666666666666668
        ],
        [
          60.0,
          40.0,
          0.0
        ]
      ]
    },
    {
      "participant": "3237",
      "n_seeds": 10,
      "test_acc_mean": 0.4488888888888888,
      "test_acc_std": 0.04293741258130203,
      "test_bal_acc_mean": 0.4488888888888889,
      "test_bal_acc_std": 0.04293741258130203,
      "test_f1_mean": 0.44054091666994893,
      "test_f1_std": 0.04563312332038788,
      "test_kappa_mean": 0.17333333333333328,
      "test_kappa_std": 0.06440611887195305,
      "confusion_matrix": [
        [
          54.0,
          25.33333333333333,
          20.666666666666668
        ],
        [
          23.333333333333332,
          52.000000000000014,
          24.666666666666664
        ],
        [
          32.0,
          39.33333333333333,
          28.666666666666664
        ]
      ]
    },
    {
      "participant": "3238",
      "n_seeds": 10,
      "test_acc_mean": 0.3111111111111111,
      "test_acc_std": 0.02095131203515696,
      "test_bal_acc_mean": 0.3111111111111111,
      "test_bal_acc_std": 0.020951312035156953,
      "test_f1_mean": 0.2764479574606627,
      "test_f1_std": 0.02285853848455045,
      "test_kappa_mean": -0.033333333333333395,
      "test_kappa_std": 0.031426968052735434,
      "confusion_matrix": [
        [
          54.0,
          16.666666666666664,
          29.333333333333325
        ],
        [
          42.66666666666667,
          3.3333333333333335,
          54.0
        ],
        [
          39.33333333333333,
          24.666666666666664,
          36.0
        ]
      ]
    },
    {
      "participant": "3239",
      "n_seeds": 10,
      "test_acc_mean": 0.32222222222222224,
      "test_acc_std": 0.03008903112828134,
      "test_bal_acc_mean": 0.32222222222222224,
      "test_bal_acc_std": 0.03008903112828133,
      "test_f1_mean": 0.2987818284159417,
      "test_f1_std": 0.02861118345486107,
      "test_kappa_mean": -0.016666666666666673,
      "test_kappa_std": 0.04513354669242202,
      "confusion_matrix": [
        [
          47.333333333333336,
          25.333333333333336,
          27.333333333333332
        ],
        [
          61.33333333333333,
          8.000000000000002,
          30.666666666666664
        ],
        [
          43.33333333333333,
          15.333333333333334,
          41.333333333333336
        ]
      ]
    },
    {
      "participant": "3240",
      "n_seeds": 10,
      "test_acc_mean": 0.5266666666666666,
      "test_acc_std": 0.027814790156323835,
      "test_bal_acc_mean": 0.5266666666666666,
      "test_bal_acc_std": 0.027814790156323828,
      "test_f1_mean": 0.5201400717739951,
      "test_f1_std": 0.026217156456437237,
      "test_kappa_mean": 0.2899999999999999,
      "test_kappa_std": 0.04172218523448579,
      "confusion_matrix": [
        [
          65.99999999999999,
          33.33333333333333,
          0.6666666666666667
        ],
        [
          5.333333333333333,
          57.33333333333333,
          37.33333333333333
        ],
        [
          34.666666666666664,
          30.666666666666664,
          34.66666666666666
        ]
      ]
    },
    {
      "participant": "3241",
      "n_seeds": 10,
      "test_acc_mean": 0.5377777777777778,
      "test_acc_std": 0.01405456737852615,
      "test_bal_acc_mean": 0.5377777777777777,
      "test_bal_acc_std": 0.014054567378526103,
      "test_f1_mean": 0.5005041882118142,
      "test_f1_std": 0.020354631139219394,
      "test_kappa_mean": 0.3066666666666667,
      "test_kappa_std": 0.021081851067789214,
      "confusion_matrix": [
        [
          93.33333333333334,
          2.0,
          4.666666666666666
        ],
        [
          40.0,
          46.00000000000001,
          13.999999999999996
        ],
        [
          59.33333333333333,
          18.666666666666664,
          22.0
        ]
      ]
    },
    {
      "participant": "3242",
      "n_seeds": 10,
      "test_acc_mean": 0.1933333333333333,
      "test_acc_std": 0.03636425987743282,
      "test_bal_acc_mean": 0.1933333333333333,
      "test_bal_acc_std": 0.036364259877432824,
      "test_f1_mean": 0.1919173180745952,
      "test_f1_std": 0.036194204017949136,
      "test_kappa_mean": -0.21000000000000002,
      "test_kappa_std": 0.05454638981614919,
      "confusion_matrix": [
        [
          20.666666666666664,
          46.00000000000001,
          33.33333333333333
        ],
        [
          42.66666666666667,
          16.000000000000004,
          41.33333333333333
        ],
        [
          50.0,
          28.666666666666664,
          21.333333333333332
        ]
      ]
    },
    {
      "participant": "3243",
      "n_seeds": 10,
      "test_acc_mean": 0.37555555555555553,
      "test_acc_std": 0.04619989964300054,
      "test_bal_acc_mean": 0.37555555555555553,
      "test_bal_acc_std": 0.04619989964300051,
      "test_f1_mean": 0.3604598266651809,
      "test_f1_std": 0.051856253528408995,
      "test_kappa_mean": 0.06333333333333331,
      "test_kappa_std": 0.06929984946450077,
      "confusion_matrix": [
        [
          64.66666666666666,
          18.666666666666664,
          16.666666666666668
        ],
        [
          54.66666666666665,
          22.0,
          23.333333333333332
        ],
        [
          16.0,
          58.0,
          26.0
        ]
      ]
    },
    {
      "participant": "3244",
      "n_seeds": 10,
      "test_acc_mean": 0.22222222222222224,
      "test_acc_std": 0.014814814814814808,
      "test_bal_acc_mean": 0.22222222222222224,
      "test_bal_acc_std": 0.014814814814814817,
      "test_f1_mean": 0.13574898024477855,
      "test_f1_std": 0.010952545389628322,
      "test_kappa_mean": -0.16666666666666666,
      "test_kappa_std": 0.022222222222222216,
      "confusion_matrix": [
        [
          65.99999999999999,
          24.666666666666664,
          9.333333333333332
        ],
        [
          76.00000000000001,
          0.6666666666666667,
          23.333333333333332
        ],
        [
          89.33333333333333,
          10.666666666666668,
          0.0
        ]
      ]
    },
    {
      "participant": "3245",
      "n_seeds": 10,
      "test_acc_mean": 0.2733333333333333,
      "test_acc_std": 0.010734353145325498,
      "test_bal_acc_mean": 0.2733333333333333,
      "test_bal_acc_std": 0.010734353145325524,
      "test_f1_mean": 0.22068226699805646,
      "test_f1_std": 0.00859651198222477,
      "test_kappa_mean": -0.09000000000000005,
      "test_kappa_std": 0.016101529717988314,
      "confusion_matrix": [
        [
          0.0,
          7.333333333333333,
          92.66666666666666
        ],
        [
          0.0,
          66.66666666666664,
          33.33333333333332
        ],
        [
          9.333333333333332,
          75.33333333333334,
          15.333333333333332
        ]
      ]
    },
    {
      "participant": "3246",
      "n_seeds": 10,
      "test_acc_mean": 0.37333333333333335,
      "test_acc_std": 0.022951012421969886,
      "test_bal_acc_mean": 0.37333333333333335,
      "test_bal_acc_std": 0.022951012421969865,
      "test_f1_mean": 0.37597329042953015,
      "test_f1_std": 0.023575822648454273,
      "test_kappa_mean": 0.06,
      "test_kappa_std": 0.034426518632954824,
      "confusion_matrix": [
        [
          37.33333333333333,
          31.99999999999999,
          30.666666666666668
        ],
        [
          14.0,
          24.666666666666664,
          61.33333333333333
        ],
        [
          8.666666666666668,
          41.333333333333336,
          50.0
        ]
      ]
    },
    {
      "participant": "3247",
      "n_seeds": 10,
      "test_acc_mean": 0.3466666666666666,
      "test_acc_std": 0.04084162593211919,
      "test_bal_acc_mean": 0.3466666666666666,
      "test_bal_acc_std": 0.04084162593211916,
      "test_f1_mean": 0.328119831452773,
      "test_f1_std": 0.036872656681810785,
      "test_kappa_mean": 0.020000000000000007,
      "test_kappa_std": 0.061262438898178784,
      "confusion_matrix": [
        [
          38.66666666666667,
          13.333333333333334,
          48.0
        ],
        [
          14.0,
          14.0,
          72.0
        ],
        [
          39.333333333333336,
          9.333333333333334,
          51.33333333333333
        ]
      ]
    },
    {
      "participant": "3248",
      "n_seeds": 10,
      "test_acc_mean": 0.4666666666666667,
      "test_acc_std": 0.03777051491550211,
      "test_bal_acc_mean": 0.4666666666666667,
      "test_bal_acc_std": 0.03777051491550212,
      "test_f1_mean": 0.4681012233178519,
      "test_f1_std": 0.04012484835721371,
      "test_kappa_mean": 0.19999999999999998,
      "test_kappa_std": 0.05665577237325317,
      "confusion_matrix": [
        [
          49.99999999999999,
          8.0,
          42.0
        ],
        [
          12.666666666666668,
          36.0,
          51.333333333333336
        ],
        [
          22.666666666666664,
          23.333333333333332,
          54.0
        ]
      ]
    },
    {
      "participant": "3249",
      "n_seeds": 10,
      "test_acc_mean": 0.36222222222222217,
      "test_acc_std": 0.023541109010475125,
      "test_bal_acc_mean": 0.36222222222222217,
      "test_bal_acc_std": 0.023541109010475115,
      "test_f1_mean": 0.29850851388569033,
      "test_f1_std": 0.0329939528279592,
      "test_kappa_mean": 0.04333333333333332,
      "test_kappa_std": 0.03531166351571267,
      "confusion_matrix": [
        [
          4.666666666666666,
          86.0,
          9.333333333333334
        ],
        [
          6.666666666666666,
          78.66666666666666,
          14.666666666666668
        ],
        [
          14.666666666666668,
          60.0,
          25.333333333333332
        ]
      ]
    },
    {
      "participant": "3250",
      "n_seeds": 10,
      "test_acc_mean": 0.3844444444444445,
      "test_acc_std": 0.025766706860631247,
      "test_bal_acc_mean": 0.3844444444444445,
      "test_bal_acc_std": 0.025766706860631244,
      "test_f1_mean": 0.3754411679842714,
      "test_f1_std": 0.02463181112345609,
      "test_kappa_mean": 0.07666666666666663,
      "test_kappa_std": 0.03865006029094684,
      "confusion_matrix": [
        [
          40.666666666666664,
          28.666666666666664,
          30.666666666666657
        ],
        [
          3.3333333333333335,
          57.333333333333336,
          39.33333333333333
        ],
        [
          39.33333333333333,
          43.333333333333336,
          17.333333333333336
        ]
      ]
    }
  ],
  "selected_features": [
    "t_end_sec",
    "SCR_Peaks_N",
    "SCR_Peaks_Amplitude_Mean",
    "EDA_Tonic_SD",
    "EDA_Autocorrelation"
  ],
  "n_participants": 40,
  "n_seeds": 10,
  "n_features": 5,
  "timestamp": "2025-10-17T15:32:20.388083"
}