{
  "name": "pose",
  "config": {
    "n_seeds": 10,
    "feature_selection": "backward",
    "use_pca": false,
    "pca_variance": 0.95,
    "write_cm": true,
    "tune_hyperparameters": false,
    "tune_n_iter": 30,
    "tune_cv_folds": 5,
    "use_pose_derivatives": true,
    "use_time_features": false,
    "class_config": "all",
    "include_order": false,
    "name": "pose",
    "feature_groups": [
      "pose"
    ],
    "split_strategy": "lopo"
  },
  "metrics": {
    "test_acc_mean": 0.35168563685636856,
    "test_acc_std": 0.10397171677199366,
    "test_bal_acc_mean": 0.35202244668911337,
    "test_bal_acc_std": 0.10470324413277547,
    "test_f1_mean": 0.29649447230452486,
    "test_f1_std": 0.11126626660324482,
    "test_kappa_mean": 0.02778722034995026,
    "test_kappa_std": 0.15651138811182588
  },
  "confusion_matrix": [
    [
      43.68888888888889,
      27.43703703703704,
      28.874074074074073
    ],
    [
      37.74814814814816,
      26.962962962962955,
      35.28888888888889
    ],
    [
      34.63703703703703,
      30.408080808080797,
      34.954882154882156
    ]
  ],
  "participant_results": [
    {
      "participant": "3105",
      "n_seeds": 10,
      "test_acc_mean": 0.22222222222222224,
      "test_acc_std": 0.01814436846506057,
      "test_bal_acc_mean": 0.22222222222222224,
      "test_bal_acc_std": 0.01814436846506058,
      "test_f1_mean": 0.1610356485736235,
      "test_f1_std": 0.011120242691244982,
      "test_kappa_mean": -0.16666666666666669,
      "test_kappa_std": 0.02721655269759086,
      "confusion_matrix": [
        [
          53.33333333333333,
          46.666666666666664,
          0.0
        ],
        [
          86.66666666666666,
          13.333333333333332,
          0.0
        ],
        [
          73.33333333333334,
          26.666666666666664,
          0.0
        ]
      ]
    },
    {
      "participant": "3206",
      "n_seeds": 10,
      "test_acc_mean": 0.2422222222222222,
      "test_acc_std": 0.05284758216810953,
      "test_bal_acc_mean": 0.2422222222222222,
      "test_bal_acc_std": 0.05284758216810954,
      "test_f1_mean": 0.2419591990356466,
      "test_f1_std": 0.05151283186364448,
      "test_kappa_mean": -0.1366666666666667,
      "test_kappa_std": 0.07927137325216431,
      "confusion_matrix": [
        [
          28.666666666666664,
          70.0,
          1.3333333333333335
        ],
        [
          48.666666666666664,
          26.0,
          25.33333333333333
        ],
        [
          31.333333333333332,
          50.666666666666664,
          18.0
        ]
      ]
    },
    {
      "participant": "3207",
      "n_seeds": 10,
      "test_acc_mean": 0.29333333333333333,
      "test_acc_std": 0.03442651863295482,
      "test_bal_acc_mean": 0.29333333333333333,
      "test_bal_acc_std": 0.03442651863295481,
      "test_f1_mean": 0.26485082169852986,
      "test_f1_std": 0.04422330461487462,
      "test_kappa_mean": -0.06000000000000003,
      "test_kappa_std": 0.05163977794943225,
      "confusion_matrix": [
        [
          54.666666666666664,
          21.333333333333332,
          24.000000000000004
        ],
        [
          74.0,
          8.0,
          18.0
        ],
        [
          50.666666666666664,
          23.999999999999996,
          25.333333333333332
        ]
      ]
    },
    {
      "participant": "3208",
      "n_seeds": 10,
      "test_acc_mean": 0.3311111111111111,
      "test_acc_std": 0.05179891477643581,
      "test_bal_acc_mean": 0.3311111111111111,
      "test_bal_acc_std": 0.051798914776435806,
      "test_f1_mean": 0.28069818993568496,
      "test_f1_std": 0.052720657027864486,
      "test_kappa_mean": -0.003333333333333377,
      "test_kappa_std": 0.07769837216465374,
      "confusion_matrix": [
        [
          11.333333333333334,
          45.33333333333333,
          43.33333333333333
        ],
        [
          42.66666666666667,
          12.0,
          45.33333333333333
        ],
        [
          3.3333333333333335,
          20.666666666666664,
          76.0
        ]
      ]
    },
    {
      "participant": "3209",
      "n_seeds": 10,
      "test_acc_mean": 0.2755555555555556,
      "test_acc_std": 0.03947529657621993,
      "test_bal_acc_mean": 0.2755555555555556,
      "test_bal_acc_std": 0.039475296576219926,
      "test_f1_mean": 0.2174758432620679,
      "test_f1_std": 0.046055586184390165,
      "test_kappa_mean": -0.08666666666666668,
      "test_kappa_std": 0.059212944864329896,
      "confusion_matrix": [
        [
          16.666666666666664,
          66.00000000000001,
          17.333333333333332
        ],
        [
          34.666666666666664,
          62.66666666666665,
          2.666666666666667
        ],
        [
          4.0,
          92.66666666666666,
          3.3333333333333335
        ]
      ]
    },
    {
      "participant": "3210",
      "n_seeds": 10,
      "test_acc_mean": 0.1622222222222222,
      "test_acc_std": 0.025766706860631247,
      "test_bal_acc_mean": 0.1622222222222222,
      "test_bal_acc_std": 0.025766706860631247,
      "test_f1_mean": 0.17871568793819867,
      "test_f1_std": 0.02815704803924973,
      "test_kappa_mean": -0.25666666666666665,
      "test_kappa_std": 0.03865006029094688,
      "confusion_matrix": [
        [
          20.0,
          0.0,
          80.0
        ],
        [
          30.666666666666668,
          15.333333333333334,
          54.0
        ],
        [
          84.0,
          2.666666666666667,
          13.333333333333334
        ]
      ]
    },
    {
      "participant": "3211",
      "n_seeds": 10,
      "test_acc_mean": 0.34,
      "test_acc_std": 0.010734353145325526,
      "test_bal_acc_mean": 0.34,
      "test_bal_acc_std": 0.010734353145325526,
      "test_f1_mean": 0.18336098027755815,
      "test_f1_std": 0.02178590505557449,
      "test_kappa_mean": 0.009999999999999986,
      "test_kappa_std": 0.01610152971798824,
      "confusion_matrix": [
        [
          99.33333333333334,
          0.0,
          0.6666666666666667
        ],
        [
          99.33333333333334,
          0.6666666666666667,
          0.0
        ],
        [
          98.0,
          0.0,
          2.0
        ]
      ]
    },
    {
      "participant": "3213",
      "n_seeds": 10,
      "test_acc_mean": 0.36,
      "test_acc_std": 0.035985060152566285,
      "test_bal_acc_mean": 0.36,
      "test_bal_acc_std": 0.03598506015256627,
      "test_f1_mean": 0.2849319779318449,
      "test_f1_std": 0.02753537019986627,
      "test_kappa_mean": 0.039999999999999966,
      "test_kappa_std": 0.05397759022884944,
      "confusion_matrix": [
        [
          38.666666666666664,
          2.0,
          59.33333333333333
        ],
        [
          68.66666666666666,
          0.0,
          31.333333333333332
        ],
        [
          30.666666666666668,
          0.0,
          69.33333333333331
        ]
      ]
    },
    {
      "participant": "3214",
      "n_seeds": 10,
      "test_acc_mean": 0.62,
      "test_acc_std": 0.06905197740101583,
      "test_bal_acc_mean": 0.62,
      "test_bal_acc_std": 0.0690519774010158,
      "test_f1_mean": 0.5891977380772866,
      "test_f1_std": 0.07614487731239815,
      "test_kappa_mean": 0.43,
      "test_kappa_std": 0.10357796610152371,
      "confusion_matrix": [
        [
          98.0,
          2.0,
          0.0
        ],
        [
          22.0,
          57.333333333333336,
          20.666666666666664
        ],
        [
          16.666666666666668,
          52.666666666666664,
          30.666666666666664
        ]
      ]
    },
    {
      "participant": "3215",
      "n_seeds": 10,
      "test_acc_mean": 0.4555555555555556,
      "test_acc_std": 0.06478835438716998,
      "test_bal_acc_mean": 0.4555555555555556,
      "test_bal_acc_std": 0.06478835438716998,
      "test_f1_mean": 0.42500896183096104,
      "test_f1_std": 0.07862734137084831,
      "test_kappa_mean": 0.1833333333333333,
      "test_kappa_std": 0.09718253158075502,
      "confusion_matrix": [
        [
          49.33333333333333,
          1.3333333333333335,
          49.333333333333336
        ],
        [
          55.33333333333333,
          24.666666666666664,
          19.999999999999996
        ],
        [
          25.333333333333332,
          11.999999999999998,
          62.66666666666667
        ]
      ]
    },
    {
      "participant": "3216",
      "n_seeds": 10,
      "test_acc_mean": 0.23555555555555557,
      "test_acc_std": 0.0446906759377729,
      "test_bal_acc_mean": 0.23555555555555557,
      "test_bal_acc_std": 0.044690675937772914,
      "test_f1_mean": 0.13931256169324982,
      "test_f1_std": 0.03726391044367299,
      "test_kappa_mean": -0.14666666666666667,
      "test_kappa_std": 0.06703601390665938,
      "confusion_matrix": [
        [
          68.0,
          16.0,
          16.0
        ],
        [
          95.33333333333333,
          2.666666666666667,
          2.0
        ],
        [
          99.33333333333333,
          0.6666666666666667,
          0.0
        ]
      ]
    },
    {
      "participant": "3217",
      "n_seeds": 10,
      "test_acc_mean": 0.36444444444444446,
      "test_acc_std": 0.021468706290651025,
      "test_bal_acc_mean": 0.36444444444444446,
      "test_bal_acc_std": 0.021468706290651014,
      "test_f1_mean": 0.22859862638340273,
      "test_f1_std": 0.038594953033353495,
      "test_kappa_mean": 0.046666666666666655,
      "test_kappa_std": 0.032203059435976525,
      "confusion_matrix": [
        [
          8.666666666666668,
          86.66666666666666,
          4.666666666666666
        ],
        [
          0.0,
          100.0,
          0.0
        ],
        [
          0.0,
          99.33333333333334,
          0.6666666666666667
        ]
      ]
    },
    {
      "participant": "3218",
      "n_seeds": 10,
      "test_acc_mean": 0.5066666666666666,
      "test_acc_std": 0.06440611887195306,
      "test_bal_acc_mean": 0.5066666666666666,
      "test_bal_acc_std": 0.06440611887195306,
      "test_f1_mean": 0.41072779134897547,
      "test_f1_std": 0.061358373716304156,
      "test_kappa_mean": 0.26,
      "test_kappa_std": 0.09660917830792962,
      "confusion_matrix": [
        [
          0.0,
          4.0,
          96.0
        ],
        [
          0.0,
          91.33333333333333,
          8.666666666666668
        ],
        [
          0.0,
          39.33333333333333,
          60.666666666666664
        ]
      ]
    },
    {
      "participant": "3219",
      "n_seeds": 10,
      "test_acc_mean": 0.5199999999999999,
      "test_acc_std": 0.035058250566516264,
      "test_bal_acc_mean": 0.5199999999999999,
      "test_bal_acc_std": 0.03505825056651624,
      "test_f1_mean": 0.44825002619910786,
      "test_f1_std": 0.04155580143190827,
      "test_kappa_mean": 0.28,
      "test_kappa_std": 0.0525873758497744,
      "confusion_matrix": [
        [
          100.0,
          0.0,
          0.0
        ],
        [
          49.99999999999999,
          11.333333333333332,
          38.66666666666666
        ],
        [
          46.66666666666667,
          8.666666666666668,
          44.66666666666667
        ]
      ]
    },
    {
      "participant": "3220",
      "n_seeds": 10,
      "test_acc_mean": 0.45555555555555555,
      "test_acc_std": 0.09026709338484401,
      "test_bal_acc_mean": 0.45555555555555555,
      "test_bal_acc_std": 0.090267093384844,
      "test_f1_mean": 0.4066884941722703,
      "test_f1_std": 0.09162987750153014,
      "test_kappa_mean": 0.18333333333333335,
      "test_kappa_std": 0.135400640077266,
      "confusion_matrix": [
        [
          79.33333333333334,
          9.333333333333332,
          11.333333333333334
        ],
        [
          67.33333333333334,
          7.333333333333334,
          25.333333333333336
        ],
        [
          12.0,
          38.0,
          50.0
        ]
      ]
    },
    {
      "participant": "3221",
      "n_seeds": 10,
      "test_acc_mean": 0.24444444444444446,
      "test_acc_std": 0.059259259259259255,
      "test_bal_acc_mean": 0.24444444444444446,
      "test_bal_acc_std": 0.05925925925925926,
      "test_f1_mean": 0.21673633876727183,
      "test_f1_std": 0.049877947819785905,
      "test_kappa_mean": -0.13333333333333336,
      "test_kappa_std": 0.08888888888888884,
      "confusion_matrix": [
        [
          58.666666666666664,
          38.0,
          3.3333333333333335
        ],
        [
          34.66666666666666,
          0.0,
          65.33333333333331
        ],
        [
          41.99999999999999,
          43.33333333333333,
          14.666666666666668
        ]
      ]
    },
    {
      "participant": "3222",
      "n_seeds": 10,
      "test_acc_mean": 0.3711111111111111,
      "test_acc_std": 0.05243063220499672,
      "test_bal_acc_mean": 0.3711111111111111,
      "test_bal_acc_std": 0.0524306322049967,
      "test_f1_mean": 0.340850201096312,
      "test_f1_std": 0.050531857759214954,
      "test_kappa_mean": 0.05666666666666664,
      "test_kappa_std": 0.07864594830749504,
      "confusion_matrix": [
        [
          69.33333333333333,
          21.333333333333332,
          9.333333333333334
        ],
        [
          42.0,
          15.333333333333332,
          42.66666666666667
        ],
        [
          36.0,
          37.333333333333336,
          26.666666666666668
        ]
      ]
    },
    {
      "participant": "3223",
      "n_seeds": 10,
      "test_acc_mean": 0.22444444444444445,
      "test_acc_std": 0.04499657051403686,
      "test_bal_acc_mean": 0.22444444444444445,
      "test_bal_acc_std": 0.04499657051403686,
      "test_f1_mean": 0.22129890884720022,
      "test_f1_std": 0.04539468772889062,
      "test_kappa_mean": -0.16333333333333339,
      "test_kappa_std": 0.06749485577105527,
      "confusion_matrix": [
        [
          41.33333333333333,
          45.999999999999986,
          12.666666666666668
        ],
        [
          99.33333333333333,
          0.6666666666666667,
          0.0
        ],
        [
          34.66666666666667,
          39.99999999999999,
          25.333333333333336
        ]
      ]
    },
    {
      "participant": "3224",
      "n_seeds": 10,
      "test_acc_mean": 0.34222222222222226,
      "test_acc_std": 0.011475506210984955,
      "test_bal_acc_mean": 0.34222222222222226,
      "test_bal_acc_std": 0.011475506210984955,
      "test_f1_mean": 0.1844632768361582,
      "test_f1_std": 0.02297532493512874,
      "test_kappa_mean": 0.01333333333333333,
      "test_kappa_std": 0.017213259316477405,
      "confusion_matrix": [
        [
          2.666666666666667,
          0.0,
          97.33333333333334
        ],
        [
          0.0,
          0.0,
          100.0
        ],
        [
          0.0,
          0.0,
          100.0
        ]
      ]
    },
    {
      "participant": "3225",
      "n_seeds": 10,
      "test_acc_mean": 0.08444444444444445,
      "test_acc_std": 0.01752912528325812,
      "test_bal_acc_mean": 0.08444444444444445,
      "test_bal_acc_std": 0.01752912528325812,
      "test_f1_mean": 0.06821053025479595,
      "test_f1_std": 0.018234286824525638,
      "test_kappa_mean": -0.3733333333333333,
      "test_kappa_std": 0.026293687924887187,
      "confusion_matrix": [
        [
          2.666666666666667,
          0.0,
          97.33333333333334
        ],
        [
          43.99999999999999,
          2.0,
          54.0
        ],
        [
          38.666666666666664,
          40.66666666666667,
          20.666666666666664
        ]
      ]
    },
    {
      "participant": "3226",
      "n_seeds": 10,
      "test_acc_mean": 0.4333333333333333,
      "test_acc_std": 0.03666479606152468,
      "test_bal_acc_mean": 0.4333333333333334,
      "test_bal_acc_std": 0.03666479606152465,
      "test_f1_mean": 0.388643710117684,
      "test_f1_std": 0.055164967119622606,
      "test_kappa_mean": 0.14999999999999997,
      "test_kappa_std": 0.054997194092287004,
      "confusion_matrix": [
        [
          38.666666666666664,
          56.666666666666664,
          4.666666666666666
        ],
        [
          12.666666666666668,
          80.0,
          7.333333333333333
        ],
        [
          2.0,
          86.66666666666666,
          11.333333333333332
        ]
      ]
    },
    {
      "participant": "3227",
      "n_seeds": 10,
      "test_acc_mean": 0.32666666666666666,
      "test_acc_std": 0.0297220779966502,
      "test_bal_acc_mean": 0.32666666666666666,
      "test_bal_acc_std": 0.029722077996650186,
      "test_f1_mean": 0.24664472564010373,
      "test_f1_std": 0.03341641209345214,
      "test_kappa_mean": -0.010000000000000054,
      "test_kappa_std": 0.04458311699497533,
      "confusion_matrix": [
        [
          71.33333333333333,
          25.333333333333336,
          3.3333333333333335
        ],
        [
          73.33333333333334,
          26.666666666666668,
          0.0
        ],
        [
          43.33333333333333,
          56.666666666666664,
          0.0
        ]
      ]
    },
    {
      "participant": "3228",
      "n_seeds": 10,
      "test_acc_mean": 0.3311111111111111,
      "test_acc_std": 0.007027283689263058,
      "test_bal_acc_mean": 0.3311111111111111,
      "test_bal_acc_std": 0.007027283689263058,
      "test_f1_mean": 0.16581920903954803,
      "test_f1_std": 0.002679896322176586,
      "test_kappa_mean": -0.0033333333333333435,
      "test_kappa_std": 0.01054092553389463,
      "confusion_matrix": [
        [
          0.0,
          0.0,
          100.0
        ],
        [
          0.0,
          0.0,
          100.0
        ],
        [
          0.0,
          0.6666666666666667,
          99.33333333333333
        ]
      ]
    },
    {
      "participant": "3229",
      "n_seeds": 10,
      "test_acc_mean": 0.32222222222222224,
      "test_acc_std": 0.047140452079103175,
      "test_bal_acc_mean": 0.32222222222222224,
      "test_bal_acc_std": 0.047140452079103175,
      "test_f1_mean": 0.30955220891090857,
      "test_f1_std": 0.0345167267373378,
      "test_kappa_mean": -0.016666666666666684,
      "test_kappa_std": 0.07071067811865477,
      "confusion_matrix": [
        [
          66.66666666666666,
          14.0,
          19.333333333333332
        ],
        [
          30.0,
          14.666666666666668,
          55.33333333333333
        ],
        [
          19.333333333333332,
          65.33333333333333,
          15.333333333333332
        ]
      ]
    },
    {
      "participant": "3230",
      "n_seeds": 10,
      "test_acc_mean": 0.52,
      "test_acc_std": 0.0672403301802087,
      "test_bal_acc_mean": 0.52,
      "test_bal_acc_std": 0.0672403301802087,
      "test_f1_mean": 0.5066765584592308,
      "test_f1_std": 0.07450101232958363,
      "test_kappa_mean": 0.27999999999999997,
      "test_kappa_std": 0.10086049527031309,
      "confusion_matrix": [
        [
          62.0,
          33.33333333333333,
          4.666666666666666
        ],
        [
          26.666666666666664,
          61.33333333333333,
          12.000000000000002
        ],
        [
          32.0,
          35.33333333333333,
          32.66666666666667
        ]
      ]
    },
    {
      "participant": "3231",
      "n_seeds": 10,
      "test_acc_mean": 0.4533333333333333,
      "test_acc_std": 0.03658989343771398,
      "test_bal_acc_mean": 0.4533333333333333,
      "test_bal_acc_std": 0.03658989343771398,
      "test_f1_mean": 0.43440093230943094,
      "test_f1_std": 0.03749215281890647,
      "test_kappa_mean": 0.18,
      "test_kappa_std": 0.05488484015657096,
      "confusion_matrix": [
        [
          15.333333333333334,
          14.666666666666668,
          69.99999999999999
        ],
        [
          20.666666666666664,
          63.999999999999986,
          15.333333333333334
        ],
        [
          22.666666666666664,
          20.666666666666668,
          56.666666666666664
        ]
      ]
    },
    {
      "participant": "3232",
      "n_seeds": 10,
      "test_acc_mean": 0.3088888888888889,
      "test_acc_std": 0.05684913734622191,
      "test_bal_acc_mean": 0.3088888888888889,
      "test_bal_acc_std": 0.0568491373462219,
      "test_f1_mean": 0.26918046889307007,
      "test_f1_std": 0.05641444074947865,
      "test_kappa_mean": -0.036666666666666646,
      "test_kappa_std": 0.08527370601933289,
      "confusion_matrix": [
        [
          63.999999999999986,
          4.0,
          31.999999999999993
        ],
        [
          52.66666666666667,
          20.0,
          27.333333333333332
        ],
        [
          62.666666666666664,
          28.666666666666668,
          8.666666666666668
        ]
      ]
    },
    {
      "participant": "3233",
      "n_seeds": 10,
      "test_acc_mean": 0.36666666666666664,
      "test_acc_std": 0.03666479606152469,
      "test_bal_acc_mean": 0.36666666666666664,
      "test_bal_acc_std": 0.03666479606152468,
      "test_f1_mean": 0.31522442258610844,
      "test_f1_std": 0.0339966720156339,
      "test_kappa_mean": 0.04999999999999997,
      "test_kappa_std": 0.05499719409228704,
      "confusion_matrix": [
        [
          66.66666666666666,
          18.0,
          15.333333333333334
        ],
        [
          36.0,
          43.33333333333333,
          20.666666666666668
        ],
        [
          80.66666666666666,
          19.333333333333336,
          0.0
        ]
      ]
    },
    {
      "participant": "3234",
      "n_seeds": 10,
      "test_acc_mean": 0.34444444444444444,
      "test_acc_std": 0.042228719448116236,
      "test_bal_acc_mean": 0.34444444444444444,
      "test_bal_acc_std": 0.04222871944811621,
      "test_f1_mean": 0.2821830253441228,
      "test_f1_std": 0.03504594529376299,
      "test_kappa_mean": 0.016666666666666698,
      "test_kappa_std": 0.06334307917217431,
      "confusion_matrix": [
        [
          1.3333333333333335,
          52.666666666666664,
          46.0
        ],
        [
          5.333333333333333,
          51.33333333333333,
          43.33333333333333
        ],
        [
          0.0,
          49.33333333333333,
          50.66666666666666
        ]
      ]
    },
    {
      "participant": "3235",
      "n_seeds": 10,
      "test_acc_mean": 0.3622222222222222,
      "test_acc_std": 0.0210818510677892,
      "test_bal_acc_mean": 0.3622222222222222,
      "test_bal_acc_std": 0.02108185106778919,
      "test_f1_mean": 0.23706634344814143,
      "test_f1_std": 0.03339258535967469,
      "test_kappa_mean": 0.0433333333333333,
      "test_kappa_std": 0.03162277660168378,
      "confusion_matrix": [
        [
          99.33333333333334,
          0.6666666666666667,
          0.0
        ],
        [
          60.666666666666664,
          4.666666666666666,
          34.66666666666666
        ],
        [
          95.33333333333334,
          0.0,
          4.666666666666666
        ]
      ]
    },
    {
      "participant": "3236",
      "n_seeds": 10,
      "test_acc_mean": 0.34888888888888886,
      "test_acc_std": 0.06022363444200843,
      "test_bal_acc_mean": 0.34888888888888886,
      "test_bal_acc_std": 0.06022363444200844,
      "test_f1_mean": 0.2783573810129674,
      "test_f1_std": 0.051681036272915266,
      "test_kappa_mean": 0.023333333333333307,
      "test_kappa_std": 0.0903354516630127,
      "confusion_matrix": [
        [
          0.0,
          73.33333333333333,
          26.666666666666664
        ],
        [
          0.6666666666666667,
          40.00000000000001,
          59.33333333333333
        ],
        [
          4.666666666666666,
          30.666666666666668,
          64.66666666666667
        ]
      ]
    },
    {
      "participant": "3237",
      "n_seeds": 10,
      "test_acc_mean": 0.18222222222222223,
      "test_acc_std": 0.0292569150490837,
      "test_bal_acc_mean": 0.1822222222222222,
      "test_bal_acc_std": 0.029256915049083693,
      "test_f1_mean": 0.10440525616256284,
      "test_f1_std": 0.014105433821217341,
      "test_kappa_mean": -0.22666666666666674,
      "test_kappa_std": 0.043885372573625465,
      "confusion_matrix": [
        [
          54.66666666666667,
          45.33333333333333,
          0.0
        ],
        [
          100.0,
          0.0,
          0.0
        ],
        [
          93.33333333333334,
          6.666666666666666,
          0.0
        ]
      ]
    },
    {
      "participant": "3238",
      "n_seeds": 10,
      "test_acc_mean": 0.36444444444444446,
      "test_acc_std": 0.059444155993300385,
      "test_bal_acc_mean": 0.36444444444444446,
      "test_bal_acc_std": 0.05944415599330037,
      "test_f1_mean": 0.3033842348548501,
      "test_f1_std": 0.06558253704407108,
      "test_kappa_mean": 0.046666666666666655,
      "test_kappa_std": 0.08916623398995055,
      "confusion_matrix": [
        [
          50.666666666666664,
          0.0,
          49.33333333333333
        ],
        [
          22.0,
          3.3333333333333335,
          74.66666666666666
        ],
        [
          44.66666666666667,
          0.0,
          55.333333333333336
        ]
      ]
    },
    {
      "participant": "3239",
      "n_seeds": 10,
      "test_acc_mean": 0.5658536585365853,
      "test_acc_std": 0.0668448936295755,
      "test_bal_acc_mean": 0.581010101010101,
      "test_bal_acc_std": 0.06712558435401249,
      "test_f1_mean": 0.560316317424322,
      "test_f1_std": 0.08100831337599741,
      "test_kappa_mean": 0.36042491574776225,
      "test_kappa_std": 0.0955377249631196,
      "confusion_matrix": [
        [
          52.666666666666664,
          6.0,
          41.33333333333333
        ],
        [
          23.333333333333332,
          48.0,
          28.666666666666668
        ],
        [
          20.000000000000004,
          6.363636363636365,
          73.63636363636365
        ]
      ]
    },
    {
      "participant": "3240",
      "n_seeds": 10,
      "test_acc_mean": 0.44000000000000006,
      "test_acc_std": 0.04030065335921612,
      "test_bal_acc_mean": 0.44000000000000006,
      "test_bal_acc_std": 0.04030065335921612,
      "test_f1_mean": 0.3568434660983072,
      "test_f1_std": 0.04935970637529005,
      "test_kappa_mean": 0.15999999999999998,
      "test_kappa_std": 0.0604509800388242,
      "confusion_matrix": [
        [
          32.0,
          3.3333333333333335,
          64.66666666666666
        ],
        [
          24.666666666666668,
          5.333333333333334,
          69.99999999999999
        ],
        [
          2.0,
          3.3333333333333335,
          94.66666666666667
        ]
      ]
    },
    {
      "participant": "3241",
      "n_seeds": 10,
      "test_acc_mean": 0.31999999999999995,
      "test_acc_std": 0.03658989343771399,
      "test_bal_acc_mean": 0.31999999999999995,
      "test_bal_acc_std": 0.03658989343771398,
      "test_f1_mean": 0.25999138705475533,
      "test_f1_std": 0.031162158681333315,
      "test_kappa_mean": -0.020000000000000028,
      "test_kappa_std": 0.05488484015657099,
      "confusion_matrix": [
        [
          30.0,
          7.333333333333333,
          62.666666666666664
        ],
        [
          26.0,
          2.666666666666667,
          71.33333333333334
        ],
        [
          36.0,
          0.6666666666666667,
          63.33333333333333
        ]
      ]
    },
    {
      "participant": "3242",
      "n_seeds": 10,
      "test_acc_mean": 0.37555555555555553,
      "test_acc_std": 0.05967447129221579,
      "test_bal_acc_mean": 0.37555555555555553,
      "test_bal_acc_std": 0.05967447129221578,
      "test_f1_mean": 0.39906732687948127,
      "test_f1_std": 0.058143840903049825,
      "test_kappa_mean": 0.06333333333333331,
      "test_kappa_std": 0.08951170693832368,
      "confusion_matrix": [
        [
          55.33333333333333,
          28.0,
          16.666666666666664
        ],
        [
          0.6666666666666667,
          15.333333333333334,
          84.0
        ],
        [
          0.6666666666666667,
          57.33333333333333,
          42.0
        ]
      ]
    },
    {
      "participant": "3243",
      "n_seeds": 10,
      "test_acc_mean": 0.40888888888888897,
      "test_acc_std": 0.029997713676024572,
      "test_bal_acc_mean": 0.40888888888888886,
      "test_bal_acc_std": 0.02999771367602457,
      "test_f1_mean": 0.32494628193580033,
      "test_f1_std": 0.028072350072409054,
      "test_kappa_mean": 0.11333333333333331,
      "test_kappa_std": 0.04499657051403685,
      "confusion_matrix": [
        [
          0.0,
          100.0,
          0.0
        ],
        [
          0.6666666666666667,
          85.99999999999999,
          13.333333333333334
        ],
        [
          0.0,
          63.333333333333336,
          36.66666666666667
        ]
      ]
    },
    {
      "participant": "3244",
      "n_seeds": 10,
      "test_acc_mean": 0.38,
      "test_acc_std": 0.046199899643000523,
      "test_bal_acc_mean": 0.38,
      "test_bal_acc_std": 0.04619989964300051,
      "test_f1_mean": 0.3502687136476059,
      "test_f1_std": 0.049970911870831546,
      "test_kappa_mean": 0.06999999999999998,
      "test_kappa_std": 0.06929984946450077,
      "confusion_matrix": [
        [
          44.66666666666667,
          20.0,
          35.33333333333333
        ],
        [
          35.33333333333333,
          12.0,
          52.666666666666664
        ],
        [
          33.33333333333333,
          9.333333333333334,
          57.333333333333336
        ]
      ]
    },
    {
      "participant": "3245",
      "n_seeds": 10,
      "test_acc_mean": 0.33999999999999997,
      "test_acc_std": 0.07842762034113437,
      "test_bal_acc_mean": 0.33999999999999997,
      "test_bal_acc_std": 0.07842762034113437,
      "test_f1_mean": 0.304958963551334,
      "test_f1_std": 0.06674522197414262,
      "test_kappa_mean": 0.009999999999999953,
      "test_kappa_std": 0.11764143051170158,
      "confusion_matrix": [
        [
          51.999999999999986,
          34.0,
          14.0
        ],
        [
          8.666666666666668,
          1.3333333333333335,
          89.99999999999999
        ],
        [
          23.333333333333332,
          28.0,
          48.66666666666666
        ]
      ]
    },
    {
      "participant": "3246",
      "n_seeds": 10,
      "test_acc_mean": 0.32,
      "test_acc_std": 0.0546343375246986,
      "test_bal_acc_mean": 0.32,
      "test_bal_acc_std": 0.054634337524698595,
      "test_f1_mean": 0.2907378867392715,
      "test_f1_std": 0.05282897412473237,
      "test_kappa_mean": -0.020000000000000028,
      "test_kappa_std": 0.0819515062870479,
      "confusion_matrix": [
        [
          52.666666666666664,
          6.0,
          41.33333333333333
        ],
        [
          0.6666666666666667,
          6.666666666666667,
          92.66666666666666
        ],
        [
          58.0,
          5.333333333333334,
          36.66666666666667
        ]
      ]
    },
    {
      "participant": "3247",
      "n_seeds": 10,
      "test_acc_mean": 0.35111111111111115,
      "test_acc_std": 0.03442651863295482,
      "test_bal_acc_mean": 0.35111111111111115,
      "test_bal_acc_std": 0.03442651863295482,
      "test_f1_mean": 0.31812342232507446,
      "test_f1_std": 0.03780961081549768,
      "test_kappa_mean": 0.02666666666666665,
      "test_kappa_std": 0.05163977794943225,
      "confusion_matrix": [
        [
          57.333333333333336,
          35.33333333333333,
          7.333333333333334
        ],
        [
          38.666666666666664,
          37.33333333333333,
          24.0
        ],
        [
          61.333333333333336,
          28.0,
          10.666666666666668
        ]
      ]
    },
    {
      "participant": "3248",
      "n_seeds": 10,
      "test_acc_mean": 0.35333333333333333,
      "test_acc_std": 0.060586977916084556,
      "test_bal_acc_mean": 0.35333333333333333,
      "test_bal_acc_std": 0.060586977916084535,
      "test_f1_mean": 0.2960056495973714,
      "test_f1_std": 0.05329117666112903,
      "test_kappa_mean": 0.02999999999999998,
      "test_kappa_std": 0.09088046687412676,
      "confusion_matrix": [
        [
          71.33333333333333,
          10.666666666666666,
          18.000000000000004
        ],
        [
          87.33333333333334,
          3.3333333333333335,
          9.333333333333334
        ],
        [
          62.666666666666664,
          6.0,
          31.333333333333332
        ]
      ]
    },
    {
      "participant": "3249",
      "n_seeds": 10,
      "test_acc_mean": 0.29555555555555557,
      "test_acc_std": 0.08318093059928768,
      "test_bal_acc_mean": 0.29555555555555557,
      "test_bal_acc_std": 0.08318093059928766,
      "test_f1_mean": 0.21532765250823788,
      "test_f1_std": 0.07023652744300601,
      "test_kappa_mean": -0.05666666666666673,
      "test_kappa_std": 0.1247713958989315,
      "confusion_matrix": [
        [
          11.999999999999998,
          88.0,
          0.0
        ],
        [
          15.333333333333332,
          73.33333333333333,
          11.333333333333334
        ],
        [
          33.33333333333333,
          63.33333333333333,
          3.3333333333333335
        ]
      ]
    },
    {
      "participant": "3250",
      "n_seeds": 10,
      "test_acc_mean": 0.36,
      "test_acc_std": 0.05907378381445003,
      "test_bal_acc_mean": 0.36,
      "test_bal_acc_std": 0.05907378381445003,
      "test_f1_mean": 0.33175390500318064,
      "test_f1_std": 0.0499155629879359,
      "test_kappa_mean": 0.039999999999999925,
      "test_kappa_std": 0.08861067572167508,
      "confusion_matrix": [
        [
          14.666666666666666,
          82.00000000000001,
          3.3333333333333335
        ],
        [
          1.3333333333333335,
          62.0,
          36.66666666666666
        ],
        [
          0.6666666666666667,
          67.99999999999999,
          31.333333333333332
        ]
      ]
    }
  ],
  "selected_features": [
    "head_rotation_rad_min",
    "head_rotation_rad_rms",
    "head_rotation_rad_std",
    "head_rotation_rad_median",
    "head_rotation_rad_p75",
    "head_tx_max",
    "head_tx_p75",
    "head_ty_min",
    "head_ty_rms",
    "head_ty_p75",
    "head_ty_autocorr1",
    "head_scalex_min",
    "head_scalex_p75",
    "head_scaley_min",
    "head_scaley_p75",
    "head_motion_mag_min",
    "head_motion_mag_rms",
    "head_motion_mag_p75",
    "head_motion_mag_autocorr1",
    "blink_aperture_min",
    "blink_aperture_max",
    "blink_aperture_p25",
    "blink_aperture_p75",
    "mouth_aperture_max",
    "mouth_aperture_median",
    "mouth_aperture_autocorr1",
    "pupil_dx_max",
    "pupil_dx_mean",
    "pupil_dy_max",
    "pupil_dy_p25",
    "pupil_metric_min",
    "head_rotation_rad_vel_p25",
    "head_rotation_rad_vel_p75",
    "head_rotation_rad_acc_autocorr1",
    "head_tx_vel_p25",
    "head_scalex_vel_autocorr1",
    "head_scaley_vel_autocorr1",
    "head_scaley_acc_autocorr1",
    "head_motion_mag_vel_autocorr1",
    "blink_aperture_vel_median",
    "blink_aperture_vel_autocorr1",
    "mouth_aperture_vel_min",
    "pupil_dx_acc_max",
    "pupil_dx_acc_p75",
    "pupil_metric_vel_max",
    "pupil_metric_acc_min"
  ],
  "n_participants": 45,
  "n_seeds": 10,
  "n_features": 46,
  "timestamp": "2025-10-17T15:24:05.811074"
}