{
  "name": "pose_eye_gsr",
  "config": {
    "n_seeds": 10,
    "feature_selection": "backward",
    "use_pca": false,
    "pca_variance": 0.95,
    "write_cm": true,
    "tune_hyperparameters": false,
    "tune_n_iter": 30,
    "tune_cv_folds": 5,
    "use_pose_derivatives": true,
    "use_time_features": false,
    "class_config": "all",
    "include_order": false,
    "name": "pose_eye_gsr",
    "feature_groups": [
      "pose",
      "eye_tracking",
      "gsr"
    ],
    "split_strategy": "lopo"
  },
  "metrics": {
    "test_acc_mean": 0.407565207895077,
    "test_acc_std": 0.11705451572507869,
    "test_bal_acc_mean": 0.40157481407481405,
    "test_bal_acc_std": 0.1187629530447297,
    "test_f1_mean": 0.3397106011977396,
    "test_f1_std": 0.1301579661362677,
    "test_kappa_mean": 0.09741366659481938,
    "test_kappa_std": 0.18391439283746114
  },
  "confusion_matrix": [
    [
      50.333333333333336,
      21.55952380952381,
      25.60714285714285
    ],
    [
      34.29761904761905,
      30.020833333333332,
      35.68154761904762
    ],
    [
      31.04607892107892,
      29.70231018981019,
      39.251610889110886
    ]
  ],
  "participant_results": [
    {
      "participant": "3208",
      "n_seeds": 10,
      "test_acc_mean": 0.24444444444444446,
      "test_acc_std": 0.057377531054924685,
      "test_bal_acc_mean": 0.24444444444444446,
      "test_bal_acc_std": 0.05737753105492469,
      "test_f1_mean": 0.1823560583914275,
      "test_f1_std": 0.040776941305802346,
      "test_kappa_mean": -0.13333333333333336,
      "test_kappa_std": 0.08606629658238704,
      "confusion_matrix": [
        [
          0.0,
          55.333333333333336,
          44.666666666666664
        ],
        [
          0.0,
          20.666666666666668,
          79.33333333333334
        ],
        [
          0.0,
          47.33333333333333,
          52.666666666666664
        ]
      ]
    },
    {
      "participant": "3209",
      "n_seeds": 10,
      "test_acc_mean": 0.3386363636363636,
      "test_acc_std": 0.052976162839536635,
      "test_bal_acc_mean": 0.34730158730158733,
      "test_bal_acc_std": 0.053146561349603265,
      "test_f1_mean": 0.2853236486185051,
      "test_f1_std": 0.05345001035850378,
      "test_kappa_mean": 0.020213899088575748,
      "test_kappa_std": 0.07732423855041555,
      "confusion_matrix": [
        [
          15.333333333333334,
          29.333333333333332,
          55.33333333333333
        ],
        [
          2.666666666666667,
          16.0,
          81.33333333333334
        ],
        [
          12.142857142857139,
          14.999999999999996,
          72.85714285714286
        ]
      ]
    },
    {
      "participant": "3210",
      "n_seeds": 10,
      "test_acc_mean": 0.3466666666666667,
      "test_acc_std": 0.054884840156570976,
      "test_bal_acc_mean": 0.3466666666666667,
      "test_bal_acc_std": 0.054884840156570976,
      "test_f1_mean": 0.262606597887501,
      "test_f1_std": 0.042028474919216345,
      "test_kappa_mean": -0.1516987713951661,
      "test_kappa_std": 0.06561704261328452,
      "confusion_matrix": [
        [
          0.0,
          0.0,
          0.0
        ],
        [
          1.3333333333333335,
          0.6666666666666667,
          98.0
        ],
        [
          25.333333333333332,
          6.0,
          68.66666666666666
        ]
      ]
    },
    {
      "participant": "3214",
      "n_seeds": 10,
      "test_acc_mean": 0.788888888888889,
      "test_acc_std": 0.05263952001315516,
      "test_bal_acc_mean": 0.788888888888889,
      "test_bal_acc_std": 0.05263952001315514,
      "test_f1_mean": 0.7773998642052817,
      "test_f1_std": 0.05664196234942096,
      "test_kappa_mean": 0.6833333333333333,
      "test_kappa_std": 0.07895928001973276,
      "confusion_matrix": [
        [
          96.0,
          4.0,
          0.0
        ],
        [
          12.0,
          84.66666666666666,
          3.3333333333333335
        ],
        [
          13.999999999999996,
          29.999999999999993,
          56.0
        ]
      ]
    },
    {
      "participant": "3215",
      "n_seeds": 10,
      "test_acc_mean": 0.4688888888888889,
      "test_acc_std": 0.0384186740144887,
      "test_bal_acc_mean": 0.4688888888888889,
      "test_bal_acc_std": 0.03841867401448871,
      "test_f1_mean": 0.40539150557180503,
      "test_f1_std": 0.0593473393715489,
      "test_kappa_mean": 0.2033333333333333,
      "test_kappa_std": 0.0576280110217331,
      "confusion_matrix": [
        [
          98.0,
          2.0,
          0.0
        ],
        [
          78.0,
          21.999999999999996,
          0.0
        ],
        [
          62.0,
          17.333333333333336,
          20.666666666666668
        ]
      ]
    },
    {
      "participant": "3216",
      "n_seeds": 10,
      "test_acc_mean": 0.3279069767441861,
      "test_acc_std": 0.04167342652935073,
      "test_bal_acc_mean": 0.3225641025641025,
      "test_bal_acc_std": 0.04307971169315393,
      "test_f1_mean": 0.25306320663746834,
      "test_f1_std": 0.04449490060091454,
      "test_kappa_mean": -0.02053432610749841,
      "test_kappa_std": 0.06455411711792476,
      "confusion_matrix": [
        [
          73.33333333333334,
          16.0,
          10.666666666666668
        ],
        [
          80.0,
          2.666666666666667,
          17.333333333333332
        ],
        [
          73.84615384615384,
          5.384615384615385,
          20.769230769230766
        ]
      ]
    },
    {
      "participant": "3217",
      "n_seeds": 10,
      "test_acc_mean": 0.5844444444444445,
      "test_acc_std": 0.0726152647890517,
      "test_bal_acc_mean": 0.5844444444444444,
      "test_bal_acc_std": 0.07261526478905171,
      "test_f1_mean": 0.5601692494251598,
      "test_f1_std": 0.08387377108923992,
      "test_kappa_mean": 0.37666666666666665,
      "test_kappa_std": 0.10892289718357749,
      "confusion_matrix": [
        [
          90.0,
          5.333333333333334,
          4.666666666666666
        ],
        [
          50.0,
          45.333333333333336,
          4.666666666666667
        ],
        [
          21.999999999999996,
          38.0,
          40.0
        ]
      ]
    },
    {
      "participant": "3218",
      "n_seeds": 10,
      "test_acc_mean": 0.45777777777777773,
      "test_acc_std": 0.06641929413765894,
      "test_bal_acc_mean": 0.4577777777777777,
      "test_bal_acc_std": 0.0664192941376589,
      "test_f1_mean": 0.347187261526967,
      "test_f1_std": 0.06850765854530327,
      "test_kappa_mean": 0.18666666666666668,
      "test_kappa_std": 0.09962894120648844,
      "confusion_matrix": [
        [
          0.0,
          38.0,
          62.0
        ],
        [
          0.0,
          98.0,
          2.0
        ],
        [
          0.0,
          60.666666666666664,
          39.33333333333333
        ]
      ]
    },
    {
      "participant": "3219",
      "n_seeds": 10,
      "test_acc_mean": 0.5263157894736842,
      "test_acc_std": 0.021486752129677024,
      "test_bal_acc_mean": 0.5171428571428571,
      "test_bal_acc_std": 0.02345771835163319,
      "test_f1_mean": 0.460923618683925,
      "test_f1_std": 0.019062571805591844,
      "test_kappa_mean": 0.28148572396258603,
      "test_kappa_std": 0.033052398624808965,
      "confusion_matrix": [
        [
          97.14285714285714,
          1.4285714285714284,
          1.4285714285714284
        ],
        [
          45.71428571428571,
          14.999999999999995,
          39.28571428571428
        ],
        [
          50.0,
          7.0,
          43.0
        ]
      ]
    },
    {
      "participant": "3220",
      "n_seeds": 10,
      "test_acc_mean": 0.3955555555555556,
      "test_acc_std": 0.06267909867053682,
      "test_bal_acc_mean": 0.39555555555555555,
      "test_bal_acc_std": 0.06267909867053682,
      "test_f1_mean": 0.30242706100810135,
      "test_f1_std": 0.08252354536376648,
      "test_kappa_mean": 0.09333333333333335,
      "test_kappa_std": 0.09401864800580526,
      "confusion_matrix": [
        [
          89.33333333333334,
          6.0,
          4.666666666666666
        ],
        [
          99.33333333333333,
          0.0,
          0.6666666666666667
        ],
        [
          69.99999999999999,
          0.6666666666666667,
          29.333333333333332
        ]
      ]
    },
    {
      "participant": "3221",
      "n_seeds": 10,
      "test_acc_mean": 0.21333333333333332,
      "test_acc_std": 0.04823354250696209,
      "test_bal_acc_mean": 0.21333333333333332,
      "test_bal_acc_std": 0.048233542506962095,
      "test_f1_mean": 0.2191250337823952,
      "test_f1_std": 0.04507744587442892,
      "test_kappa_mean": -0.18000000000000002,
      "test_kappa_std": 0.07235031376044312,
      "confusion_matrix": [
        [
          37.33333333333333,
          59.33333333333333,
          3.3333333333333335
        ],
        [
          38.66666666666667,
          9.333333333333332,
          52.0
        ],
        [
          14.666666666666668,
          67.99999999999999,
          17.33333333333333
        ]
      ]
    },
    {
      "participant": "3222",
      "n_seeds": 10,
      "test_acc_mean": 0.4853658536585366,
      "test_acc_std": 0.042166837332975424,
      "test_bal_acc_mean": 0.44222222222222224,
      "test_bal_acc_std": 0.03841867401448871,
      "test_f1_mean": 0.41314911557381323,
      "test_f1_std": 0.03828474609896879,
      "test_kappa_mean": 0.19037126138102484,
      "test_kappa_std": 0.0650003791748042,
      "confusion_matrix": [
        [
          42.66666666666666,
          1.3333333333333335,
          55.999999999999986
        ],
        [
          0.0,
          0.0,
          100.0
        ],
        [
          7.333333333333334,
          2.666666666666667,
          90.0
        ]
      ]
    },
    {
      "participant": "3223",
      "n_seeds": 10,
      "test_acc_mean": 0.21555555555555556,
      "test_acc_std": 0.023541109010475108,
      "test_bal_acc_mean": 0.21555555555555556,
      "test_bal_acc_std": 0.02354110901047511,
      "test_f1_mean": 0.15985376672705132,
      "test_f1_std": 0.027298716376039985,
      "test_kappa_mean": -0.17666666666666667,
      "test_kappa_std": 0.0353116635157127,
      "confusion_matrix": [
        [
          56.66666666666667,
          16.666666666666668,
          26.666666666666668
        ],
        [
          99.33333333333333,
          0.6666666666666667,
          0.0
        ],
        [
          54.66666666666667,
          38.00000000000001,
          7.333333333333333
        ]
      ]
    },
    {
      "participant": "3224",
      "n_seeds": 10,
      "test_acc_mean": 0.47000000000000003,
      "test_acc_std": 0.018921540406584884,
      "test_bal_acc_mean": 0.33690476190476193,
      "test_bal_acc_std": 0.014900780440887766,
      "test_f1_mean": 0.3231765299048339,
      "test_f1_std": 0.03107707266817614,
      "test_kappa_mean": 0.014780691089043663,
      "test_kappa_std": 0.03762421083111281,
      "confusion_matrix": [
        [
          0.0,
          60.0,
          40.0
        ],
        [
          0.0,
          98.57142857142858,
          1.4285714285714284
        ],
        [
          0.0,
          97.49999999999999,
          2.4999999999999996
        ]
      ]
    },
    {
      "participant": "3225",
      "n_seeds": 10,
      "test_acc_mean": 0.3222222222222223,
      "test_acc_std": 0.026189140043946214,
      "test_bal_acc_mean": 0.3222222222222223,
      "test_bal_acc_std": 0.0261891400439462,
      "test_f1_mean": 0.1950176365646305,
      "test_f1_std": 0.03878231908709946,
      "test_kappa_mean": -0.01666666666666672,
      "test_kappa_std": 0.039283710065919304,
      "confusion_matrix": [
        [
          2.0,
          0.0,
          98.0
        ],
        [
          0.6666666666666667,
          4.666666666666666,
          94.66666666666667
        ],
        [
          0.0,
          10.0,
          89.99999999999999
        ]
      ]
    },
    {
      "participant": "3226",
      "n_seeds": 10,
      "test_acc_mean": 0.45999999999999996,
      "test_acc_std": 0.03151414427582614,
      "test_bal_acc_mean": 0.45999999999999996,
      "test_bal_acc_std": 0.03151414427582615,
      "test_f1_mean": 0.37837511449706773,
      "test_f1_std": 0.03968154848767843,
      "test_kappa_mean": 0.19,
      "test_kappa_std": 0.04727121641373923,
      "confusion_matrix": [
        [
          44.66666666666666,
          44.666666666666664,
          10.666666666666666
        ],
        [
          6.666666666666666,
          92.0,
          1.3333333333333335
        ],
        [
          10.666666666666668,
          88.0,
          1.3333333333333335
        ]
      ]
    },
    {
      "participant": "3227",
      "n_seeds": 10,
      "test_acc_mean": 0.3288888888888889,
      "test_acc_std": 0.009369711585684077,
      "test_bal_acc_mean": 0.3288888888888889,
      "test_bal_acc_std": 0.009369711585684077,
      "test_f1_mean": 0.17695436912056478,
      "test_f1_std": 0.011167395245816635,
      "test_kappa_mean": -0.006666666666666643,
      "test_kappa_std": 0.014054567378526197,
      "confusion_matrix": [
        [
          98.66666666666666,
          1.3333333333333335,
          0.0
        ],
        [
          100.0,
          0.0,
          0.0
        ],
        [
          73.99999999999999,
          26.0,
          0.0
        ]
      ]
    },
    {
      "participant": "3228",
      "n_seeds": 10,
      "test_acc_mean": 0.3,
      "test_acc_std": 0.03414646095293662,
      "test_bal_acc_mean": 0.24,
      "test_bal_acc_std": 0.0273171687623493,
      "test_f1_mean": 0.1970858145903708,
      "test_f1_std": 0.024520698917257607,
      "test_kappa_mean": -0.1999999999999999,
      "test_kappa_std": 0.05853679020503415,
      "confusion_matrix": [
        [
          0.0,
          0.0,
          100.0
        ],
        [
          0.0,
          1.3333333333333335,
          98.66666666666667
        ],
        [
          0.0,
          29.333333333333332,
          70.66666666666666
        ]
      ]
    },
    {
      "participant": "3229",
      "n_seeds": 10,
      "test_acc_mean": 0.3866666666666667,
      "test_acc_std": 0.033456562342625826,
      "test_bal_acc_mean": 0.3866666666666666,
      "test_bal_acc_std": 0.033456562342625826,
      "test_f1_mean": 0.33271422064566264,
      "test_f1_std": 0.03641672385894313,
      "test_kappa_mean": 0.07999999999999997,
      "test_kappa_std": 0.05018484351393873,
      "confusion_matrix": [
        [
          84.0,
          15.333333333333334,
          0.6666666666666667
        ],
        [
          40.666666666666664,
          24.0,
          35.33333333333333
        ],
        [
          26.666666666666664,
          65.33333333333333,
          8.000000000000002
        ]
      ]
    },
    {
      "participant": "3230",
      "n_seeds": 10,
      "test_acc_mean": 0.4,
      "test_acc_std": 0.058325984251939335,
      "test_bal_acc_mean": 0.4,
      "test_bal_acc_std": 0.058325984251939335,
      "test_f1_mean": 0.3119407063207286,
      "test_f1_std": 0.07805127680793443,
      "test_kappa_mean": 0.09999999999999999,
      "test_kappa_std": 0.08748897637790903,
      "confusion_matrix": [
        [
          95.33333333333334,
          0.0,
          4.666666666666666
        ],
        [
          56.0,
          13.999999999999996,
          30.0
        ],
        [
          79.33333333333334,
          9.999999999999998,
          10.666666666666668
        ]
      ]
    },
    {
      "participant": "3231",
      "n_seeds": 10,
      "test_acc_mean": 0.4222222222222222,
      "test_acc_std": 0.04319223625811333,
      "test_bal_acc_mean": 0.42222222222222217,
      "test_bal_acc_std": 0.04319223625811333,
      "test_f1_mean": 0.37129908973433023,
      "test_f1_std": 0.04828655517707616,
      "test_kappa_mean": 0.1333333333333333,
      "test_kappa_std": 0.06478835438717,
      "confusion_matrix": [
        [
          26.666666666666664,
          4.666666666666667,
          68.66666666666666
        ],
        [
          34.66666666666667,
          15.999999999999996,
          49.33333333333333
        ],
        [
          8.666666666666666,
          7.333333333333333,
          84.00000000000001
        ]
      ]
    },
    {
      "participant": "3232",
      "n_seeds": 10,
      "test_acc_mean": 0.4888888888888888,
      "test_acc_std": 0.04684855792842043,
      "test_bal_acc_mean": 0.4888888888888888,
      "test_bal_acc_std": 0.04684855792842043,
      "test_f1_mean": 0.3969811067668105,
      "test_f1_std": 0.04140757198475624,
      "test_kappa_mean": 0.23333333333333334,
      "test_kappa_std": 0.07027283689263068,
      "confusion_matrix": [
        [
          90.66666666666667,
          9.333333333333334,
          0.0
        ],
        [
          51.33333333333333,
          0.6666666666666667,
          48.00000000000001
        ],
        [
          39.33333333333333,
          5.333333333333334,
          55.333333333333336
        ]
      ]
    },
    {
      "participant": "3233",
      "n_seeds": 10,
      "test_acc_mean": 0.35555555555555557,
      "test_acc_std": 0.014814814814814817,
      "test_bal_acc_mean": 0.35555555555555557,
      "test_bal_acc_std": 0.014814814814814817,
      "test_f1_mean": 0.2186245307232165,
      "test_f1_std": 0.02439934573781991,
      "test_kappa_mean": 0.03333333333333334,
      "test_kappa_std": 0.022222222222222237,
      "confusion_matrix": [
        [
          98.66666666666666,
          0.0,
          1.3333333333333335
        ],
        [
          87.99999999999999,
          8.0,
          4.0
        ],
        [
          100.0,
          0.0,
          0.0
        ]
      ]
    },
    {
      "participant": "3234",
      "n_seeds": 10,
      "test_acc_mean": 0.43999999999999995,
      "test_acc_std": 0.035985060152566264,
      "test_bal_acc_mean": 0.43999999999999995,
      "test_bal_acc_std": 0.03598506015256628,
      "test_f1_mean": 0.3760865498335243,
      "test_f1_std": 0.051294208637354614,
      "test_kappa_mean": 0.15999999999999998,
      "test_kappa_std": 0.053977590228849424,
      "confusion_matrix": [
        [
          24.0,
          1.3333333333333335,
          74.66666666666666
        ],
        [
          11.333333333333334,
          14.666666666666666,
          74.0
        ],
        [
          5.333333333333334,
          1.3333333333333335,
          93.33333333333333
        ]
      ]
    },
    {
      "participant": "3235",
      "n_seeds": 10,
      "test_acc_mean": 0.275,
      "test_acc_std": 0.06378949828794207,
      "test_bal_acc_mean": 0.2777777777777778,
      "test_bal_acc_std": 0.0633110293878474,
      "test_f1_mean": 0.22180474548938714,
      "test_f1_std": 0.05869877346073,
      "test_kappa_mean": -0.08153294752889703,
      "test_kappa_std": 0.09430737672216362,
      "confusion_matrix": [
        [
          39.99999999999999,
          0.0,
          60.0
        ],
        [
          48.66666666666667,
          2.0,
          49.33333333333333
        ],
        [
          58.666666666666664,
          0.0,
          41.33333333333333
        ]
      ]
    },
    {
      "participant": "3236",
      "n_seeds": 10,
      "test_acc_mean": 0.5513513513513513,
      "test_acc_std": 0.07558982689514605,
      "test_bal_acc_mean": 0.5752380952380952,
      "test_bal_acc_std": 0.10450827081150284,
      "test_f1_mean": 0.5503121983286698,
      "test_f1_std": 0.0710482232880709,
      "test_kappa_mean": 0.3304070096941883,
      "test_kappa_std": 0.11673078949214986,
      "confusion_matrix": [
        [
          37.999999999999986,
          21.999999999999993,
          40.0
        ],
        [
          0.0,
          68.57142857142858,
          31.428571428571427
        ],
        [
          1.3333333333333335,
          32.666666666666664,
          66.0
        ]
      ]
    },
    {
      "participant": "3237",
      "n_seeds": 10,
      "test_acc_mean": 0.27380952380952384,
      "test_acc_std": 0.03764616262105214,
      "test_bal_acc_mean": 0.26388888888888884,
      "test_bal_acc_std": 0.036312354724310325,
      "test_f1_mean": 0.2216245361804718,
      "test_f1_std": 0.04739023793618262,
      "test_kappa_mean": -0.09844306389899656,
      "test_kappa_std": 0.054852106581286086,
      "confusion_matrix": [
        [
          60.666666666666664,
          38.666666666666664,
          0.6666666666666667
        ],
        [
          71.66666666666666,
          12.499999999999996,
          15.833333333333334
        ],
        [
          71.33333333333334,
          22.666666666666664,
          6.0
        ]
      ]
    },
    {
      "participant": "3238",
      "n_seeds": 10,
      "test_acc_mean": 0.4644444444444445,
      "test_acc_std": 0.05780626078556049,
      "test_bal_acc_mean": 0.4644444444444445,
      "test_bal_acc_std": 0.057806260785560525,
      "test_f1_mean": 0.4437421583953503,
      "test_f1_std": 0.07600053609100078,
      "test_kappa_mean": 0.19666666666666663,
      "test_kappa_std": 0.08670939117834078,
      "confusion_matrix": [
        [
          57.33333333333333,
          0.0,
          42.666666666666664
        ],
        [
          74.00000000000001,
          20.666666666666668,
          5.333333333333333
        ],
        [
          38.666666666666664,
          0.0,
          61.33333333333333
        ]
      ]
    },
    {
      "participant": "3239",
      "n_seeds": 10,
      "test_acc_mean": 0.5599999999999999,
      "test_acc_std": 0.04281744192888375,
      "test_bal_acc_mean": 0.5521500721500721,
      "test_bal_acc_std": 0.04468756965890812,
      "test_f1_mean": 0.5204327407723713,
      "test_f1_std": 0.06013867834735642,
      "test_kappa_mean": 0.33783131859001275,
      "test_kappa_std": 0.0645731406363242,
      "confusion_matrix": [
        [
          87.33333333333334,
          0.0,
          12.666666666666668
        ],
        [
          27.857142857142854,
          22.857142857142854,
          49.28571428571428
        ],
        [
          40.90909090909091,
          3.6363636363636367,
          55.45454545454546
        ]
      ]
    },
    {
      "participant": "3240",
      "n_seeds": 10,
      "test_acc_mean": 0.49767441860465117,
      "test_acc_std": 0.0843502047053361,
      "test_bal_acc_mean": 0.5017460317460317,
      "test_bal_acc_std": 0.08348881103636084,
      "test_f1_mean": 0.4828296801249067,
      "test_f1_std": 0.09629885932013241,
      "test_kappa_mean": 0.24931153862987393,
      "test_kappa_std": 0.12524679574408995,
      "confusion_matrix": [
        [
          47.142857142857146,
          12.142857142857142,
          40.714285714285715
        ],
        [
          55.33333333333333,
          32.66666666666667,
          12.0
        ],
        [
          5.7142857142857135,
          23.571428571428573,
          70.71428571428572
        ]
      ]
    },
    {
      "participant": "3241",
      "n_seeds": 10,
      "test_acc_mean": 0.35555555555555557,
      "test_acc_std": 0.020951312035156974,
      "test_bal_acc_mean": 0.35555555555555557,
      "test_bal_acc_std": 0.02095131203515696,
      "test_f1_mean": 0.2935191613423277,
      "test_f1_std": 0.024715402228291692,
      "test_kappa_mean": 0.033333333333333326,
      "test_kappa_std": 0.03142696805273543,
      "confusion_matrix": [
        [
          78.0,
          1.3333333333333335,
          20.666666666666664
        ],
        [
          69.99999999999999,
          28.666666666666668,
          1.3333333333333335
        ],
        [
          100.0,
          0.0,
          0.0
        ]
      ]
    },
    {
      "participant": "3242",
      "n_seeds": 10,
      "test_acc_mean": 0.3933333333333333,
      "test_acc_std": 0.04063960510917098,
      "test_bal_acc_mean": 0.3933333333333333,
      "test_bal_acc_std": 0.040639605109170966,
      "test_f1_mean": 0.30469317911526256,
      "test_f1_std": 0.06148060226744288,
      "test_kappa_mean": 0.08999999999999998,
      "test_kappa_std": 0.06095940766375644,
      "confusion_matrix": [
        [
          18.666666666666668,
          33.33333333333333,
          48.0
        ],
        [
          2.0,
          97.33333333333333,
          0.6666666666666667
        ],
        [
          1.3333333333333335,
          96.66666666666666,
          2.0
        ]
      ]
    },
    {
      "participant": "3243",
      "n_seeds": 10,
      "test_acc_mean": 0.5340909090909091,
      "test_acc_std": 0.053835872740726876,
      "test_bal_acc_mean": 0.5222222222222223,
      "test_bal_acc_std": 0.05263952001315517,
      "test_f1_mean": 0.4450181519669786,
      "test_f1_std": 0.05299904946535848,
      "test_kappa_mean": 0.2931034482758621,
      "test_kappa_std": 0.08168201381351664,
      "confusion_matrix": [
        [
          0.0,
          97.85714285714286,
          2.142857142857143
        ],
        [
          0.0,
          94.00000000000001,
          6.0
        ],
        [
          0.0,
          37.333333333333336,
          62.66666666666667
        ]
      ]
    },
    {
      "participant": "3244",
      "n_seeds": 10,
      "test_acc_mean": 0.3311111111111111,
      "test_acc_std": 0.04737267246020587,
      "test_bal_acc_mean": 0.3311111111111111,
      "test_bal_acc_std": 0.04737267246020588,
      "test_f1_mean": 0.3111338157018129,
      "test_f1_std": 0.05464323093302621,
      "test_kappa_mean": -0.003333333333333377,
      "test_kappa_std": 0.07105900869030883,
      "confusion_matrix": [
        [
          22.666666666666664,
          35.99999999999999,
          41.33333333333333
        ],
        [
          1.3333333333333335,
          18.666666666666664,
          80.0
        ],
        [
          21.333333333333336,
          20.666666666666664,
          58.0
        ]
      ]
    },
    {
      "participant": "3245",
      "n_seeds": 10,
      "test_acc_mean": 0.4325581395348837,
      "test_acc_std": 0.06950856363243377,
      "test_bal_acc_mean": 0.427008547008547,
      "test_bal_acc_std": 0.06664377331127493,
      "test_f1_mean": 0.41526075875343677,
      "test_f1_std": 0.05967631653786621,
      "test_kappa_mean": 0.1521787404353599,
      "test_kappa_std": 0.10149781060167302,
      "confusion_matrix": [
        [
          82.0,
          13.333333333333332,
          4.666666666666666
        ],
        [
          5.333333333333334,
          15.333333333333334,
          79.33333333333334
        ],
        [
          29.230769230769234,
          40.0,
          30.769230769230774
        ]
      ]
    },
    {
      "participant": "3246",
      "n_seeds": 10,
      "test_acc_mean": 0.36888888888888893,
      "test_acc_std": 0.04708221802095023,
      "test_bal_acc_mean": 0.36888888888888893,
      "test_bal_acc_std": 0.04708221802095022,
      "test_f1_mean": 0.3219456683580286,
      "test_f1_std": 0.03572371554574636,
      "test_kappa_mean": 0.053333333333333253,
      "test_kappa_std": 0.07062332703142535,
      "confusion_matrix": [
        [
          56.666666666666664,
          6.0,
          37.333333333333336
        ],
        [
          0.0,
          0.6666666666666667,
          99.33333333333334
        ],
        [
          34.66666666666667,
          12.000000000000002,
          53.33333333333333
        ]
      ]
    },
    {
      "participant": "3247",
      "n_seeds": 10,
      "test_acc_mean": 0.39333333333333337,
      "test_acc_std": 0.0671178150522921,
      "test_bal_acc_mean": 0.39333333333333337,
      "test_bal_acc_std": 0.0671178150522921,
      "test_f1_mean": 0.324463569163709,
      "test_f1_std": 0.05678117272982743,
      "test_kappa_mean": 0.08999999999999993,
      "test_kappa_std": 0.10067672257843817,
      "confusion_matrix": [
        [
          62.0,
          34.0,
          4.0
        ],
        [
          38.666666666666664,
          54.666666666666664,
          6.666666666666667
        ],
        [
          64.0,
          34.666666666666664,
          1.3333333333333335
        ]
      ]
    },
    {
      "participant": "3248",
      "n_seeds": 10,
      "test_acc_mean": 0.5454545454545454,
      "test_acc_std": 0.038628935709036256,
      "test_bal_acc_mean": 0.5523809523809524,
      "test_bal_acc_std": 0.039537654375173356,
      "test_f1_mean": 0.4485465360197073,
      "test_f1_std": 0.021467061630654562,
      "test_kappa_mean": 0.3224054749101393,
      "test_kappa_std": 0.056783609851130935,
      "confusion_matrix": [
        [
          85.71428571428572,
          14.285714285714283,
          0.0
        ],
        [
          50.66666666666666,
          0.0,
          49.33333333333333
        ],
        [
          20.000000000000004,
          0.0,
          79.99999999999999
        ]
      ]
    },
    {
      "participant": "3249",
      "n_seeds": 10,
      "test_acc_mean": 0.31333333333333335,
      "test_acc_std": 0.04376016440812425,
      "test_bal_acc_mean": 0.31333333333333335,
      "test_bal_acc_std": 0.04376016440812423,
      "test_f1_mean": 0.20204299273014872,
      "test_f1_std": 0.05460585234664413,
      "test_kappa_mean": -0.030000000000000037,
      "test_kappa_std": 0.06564024661218636,
      "confusion_matrix": [
        [
          11.333333333333332,
          88.66666666666666,
          0.0
        ],
        [
          17.333333333333336,
          82.66666666666666,
          0.0
        ],
        [
          2.666666666666667,
          97.33333333333333,
          0.0
        ]
      ]
    },
    {
      "participant": "3250",
      "n_seeds": 10,
      "test_acc_mean": 0.2444444444444444,
      "test_acc_std": 0.04684855792842043,
      "test_bal_acc_mean": 0.2444444444444444,
      "test_bal_acc_std": 0.046848557928420444,
      "test_f1_mean": 0.17382249872587324,
      "test_f1_std": 0.04360506918461952,
      "test_kappa_mean": -0.13333333333333333,
      "test_kappa_std": 0.07027283689263066,
      "confusion_matrix": [
        [
          5.333333333333334,
          93.33333333333333,
          1.3333333333333335
        ],
        [
          12.666666666666668,
          60.66666666666667,
          26.666666666666668
        ],
        [
          2.0,
          90.66666666666666,
          7.333333333333334
        ]
      ]
    }
  ],
  "selected_features": [
    "head_rotation_rad_max",
    "head_rotation_rad_rms",
    "head_rotation_rad_median",
    "head_rotation_rad_p25",
    "head_rotation_rad_p75",
    "head_tx_max",
    "head_tx_p25",
    "head_tx_p75",
    "head_tx_autocorr1",
    "head_ty_max",
    "head_ty_rms",
    "head_ty_p75",
    "head_ty_autocorr1",
    "head_scalex_min",
    "head_scalex_rms",
    "head_scalex_p75",
    "head_scaley_std",
    "head_scaley_p75",
    "head_scaley_autocorr1",
    "head_motion_mag_min",
    "head_motion_mag_rms",
    "head_motion_mag_p75",
    "head_motion_mag_autocorr1",
    "blink_aperture_p25",
    "blink_aperture_p75",
    "mouth_aperture_min",
    "mouth_aperture_max",
    "mouth_aperture_mean",
    "mouth_aperture_std",
    "mouth_aperture_median",
    "mouth_aperture_p25",
    "mouth_aperture_p75",
    "mouth_aperture_autocorr1",
    "pupil_dx_p75",
    "pupil_dy_max",
    "pupil_dy_mean",
    "pupil_metric_min",
    "head_rotation_rad_vel_min",
    "head_rotation_rad_vel_median",
    "head_rotation_rad_vel_p25",
    "head_rotation_rad_vel_autocorr1",
    "head_rotation_rad_acc_std",
    "head_rotation_rad_acc_median",
    "head_rotation_rad_acc_p75",
    "head_tx_vel_autocorr1",
    "head_tx_acc_median",
    "head_tx_acc_p75",
    "head_tx_acc_autocorr1",
    "head_ty_vel_max",
    "head_scalex_vel_median",
    "head_scaley_vel_min",
    "head_scaley_vel_p25",
    "head_scaley_acc_max",
    "head_scaley_acc_std",
    "head_scaley_acc_p75",
    "head_motion_mag_vel_autocorr1",
    "head_motion_mag_acc_median",
    "head_motion_mag_acc_autocorr1",
    "blink_aperture_vel_median",
    "blink_aperture_vel_p25",
    "blink_aperture_acc_median",
    "blink_aperture_acc_p75",
    "blink_aperture_acc_autocorr1",
    "mouth_aperture_acc_min",
    "mouth_aperture_acc_median",
    "pupil_dx_acc_max",
    "pupil_dx_acc_std",
    "pupil_dx_acc_autocorr1",
    "pupil_dy_acc_autocorr1",
    "pupil_metric_vel_autocorr1",
    "pct_missing",
    "mean_vel",
    "rms_disp",
    "fix_mean_dur",
    "blink_mean_dur",
    "blink_rate",
    "sac_rate",
    "SCR_Peaks_Amplitude_Mean",
    "EDA_Tonic_SD"
  ],
  "n_participants": 40,
  "n_seeds": 10,
  "n_features": 79,
  "timestamp": "2025-10-17T16:40:36.060729"
}