{
  "name": "pose_gsr",
  "config": {
    "n_seeds": 10,
    "feature_selection": "backward",
    "use_pca": false,
    "pca_variance": 0.95,
    "write_cm": true,
    "tune_hyperparameters": false,
    "tune_n_iter": 30,
    "tune_cv_folds": 5,
    "use_pose_derivatives": true,
    "use_time_features": false,
    "class_config": "all",
    "include_order": false,
    "name": "pose_gsr",
    "feature_groups": [
      "pose",
      "gsr"
    ],
    "split_strategy": "lopo"
  },
  "metrics": {
    "test_acc_mean": 0.3651365176151761,
    "test_acc_std": 0.11530100454254007,
    "test_bal_acc_mean": 0.3628939393939394,
    "test_bal_acc_std": 0.1151269791923627,
    "test_f1_mean": 0.29918465134848665,
    "test_f1_std": 0.12043948302227413,
    "test_kappa_mean": 0.04397463601264551,
    "test_kappa_std": 0.1730349018098173
  },
  "confusion_matrix": [
    [
      49.35000000000001,
      27.583333333333332,
      23.066666666666663
    ],
    [
      36.021212121212116,
      33.14242424242424,
      30.836363636363636
    ],
    [
      39.07045454545454,
      34.55378787878789,
      26.375757575757568
    ]
  ],
  "participant_results": [
    {
      "participant": "3208",
      "n_seeds": 10,
      "test_acc_mean": 0.36666666666666664,
      "test_acc_std": 0.047140452079103175,
      "test_bal_acc_mean": 0.36666666666666664,
      "test_bal_acc_std": 0.047140452079103154,
      "test_f1_mean": 0.29307369480251044,
      "test_f1_std": 0.03952486010890242,
      "test_kappa_mean": 0.049999999999999975,
      "test_kappa_std": 0.07071067811865477,
      "confusion_matrix": [
        [
          0.0,
          60.66666666666665,
          39.33333333333333
        ],
        [
          1.3333333333333335,
          57.333333333333336,
          41.333333333333336
        ],
        [
          0.0,
          47.33333333333333,
          52.666666666666664
        ]
      ]
    },
    {
      "participant": "3209",
      "n_seeds": 10,
      "test_acc_mean": 0.4288888888888889,
      "test_acc_std": 0.04196804584952679,
      "test_bal_acc_mean": 0.4288888888888889,
      "test_bal_acc_std": 0.04196804584952678,
      "test_f1_mean": 0.3434003395013677,
      "test_f1_std": 0.04224070645496888,
      "test_kappa_mean": 0.1433333333333333,
      "test_kappa_std": 0.0629520687742902,
      "confusion_matrix": [
        [
          1.3333333333333335,
          54.0,
          44.66666666666667
        ],
        [
          0.0,
          75.33333333333334,
          24.666666666666664
        ],
        [
          0.6666666666666667,
          47.33333333333333,
          52.0
        ]
      ]
    },
    {
      "participant": "3210",
      "n_seeds": 10,
      "test_acc_mean": 0.09111111111111111,
      "test_acc_std": 0.0354473662637197,
      "test_bal_acc_mean": 0.09111111111111111,
      "test_bal_acc_std": 0.0354473662637197,
      "test_f1_mean": 0.07384864381782513,
      "test_f1_std": 0.028447800951760575,
      "test_kappa_mean": -0.36333333333333334,
      "test_kappa_std": 0.053171049395579525,
      "confusion_matrix": [
        [
          3.3333333333333335,
          0.0,
          96.66666666666667
        ],
        [
          32.666666666666664,
          2.666666666666667,
          64.66666666666666
        ],
        [
          35.33333333333333,
          43.33333333333333,
          21.333333333333332
        ]
      ]
    },
    {
      "participant": "3214",
      "n_seeds": 10,
      "test_acc_mean": 0.5622222222222222,
      "test_acc_std": 0.036364259877432824,
      "test_bal_acc_mean": 0.5622222222222222,
      "test_bal_acc_std": 0.036364259877432824,
      "test_f1_mean": 0.5201107927549483,
      "test_f1_std": 0.04648934456616722,
      "test_kappa_mean": 0.3433333333333334,
      "test_kappa_std": 0.05454638981614922,
      "confusion_matrix": [
        [
          99.33333333333334,
          0.0,
          0.6666666666666667
        ],
        [
          62.666666666666664,
          24.666666666666664,
          12.666666666666668
        ],
        [
          24.0,
          31.333333333333325,
          44.666666666666664
        ]
      ]
    },
    {
      "participant": "3215",
      "n_seeds": 10,
      "test_acc_mean": 0.48,
      "test_acc_std": 0.059444155993300364,
      "test_bal_acc_mean": 0.48,
      "test_bal_acc_std": 0.059444155993300385,
      "test_f1_mean": 0.4409819773857784,
      "test_f1_std": 0.08448791277272297,
      "test_kappa_mean": 0.22000000000000003,
      "test_kappa_std": 0.08916623398995058,
      "confusion_matrix": [
        [
          18.666666666666668,
          6.666666666666666,
          74.66666666666666
        ],
        [
          21.333333333333336,
          47.33333333333333,
          31.333333333333332
        ],
        [
          8.000000000000002,
          13.999999999999996,
          78.0
        ]
      ]
    },
    {
      "participant": "3216",
      "n_seeds": 10,
      "test_acc_mean": 0.3044444444444444,
      "test_acc_std": 0.018294946718856994,
      "test_bal_acc_mean": 0.3044444444444444,
      "test_bal_acc_std": 0.018294946718856984,
      "test_f1_mean": 0.15550206609451742,
      "test_f1_std": 0.007237853389340011,
      "test_kappa_mean": -0.043333333333333376,
      "test_kappa_std": 0.02744242007828543,
      "confusion_matrix": [
        [
          91.33333333333334,
          0.6666666666666667,
          7.999999999999998
        ],
        [
          100.0,
          0.0,
          0.0
        ],
        [
          100.0,
          0.0,
          0.0
        ]
      ]
    },
    {
      "participant": "3217",
      "n_seeds": 10,
      "test_acc_mean": 0.47555555555555556,
      "test_acc_std": 0.05660732792457126,
      "test_bal_acc_mean": 0.47555555555555556,
      "test_bal_acc_std": 0.056607327924571245,
      "test_f1_mean": 0.38654306255846876,
      "test_f1_std": 0.05957001073330857,
      "test_kappa_mean": 0.21333333333333332,
      "test_kappa_std": 0.08491099188685691,
      "confusion_matrix": [
        [
          79.33333333333334,
          20.666666666666668,
          0.0
        ],
        [
          37.33333333333333,
          60.666666666666664,
          2.0
        ],
        [
          32.66666666666667,
          64.66666666666666,
          2.666666666666667
        ]
      ]
    },
    {
      "participant": "3218",
      "n_seeds": 10,
      "test_acc_mean": 0.4066666666666666,
      "test_acc_std": 0.05742532575796831,
      "test_bal_acc_mean": 0.4066666666666666,
      "test_bal_acc_std": 0.05742532575796831,
      "test_f1_mean": 0.3286312133828996,
      "test_f1_std": 0.058241334752578616,
      "test_kappa_mean": 0.10999999999999996,
      "test_kappa_std": 0.08613798863695243,
      "confusion_matrix": [
        [
          6.0,
          47.33333333333333,
          46.66666666666667
        ],
        [
          1.3333333333333335,
          83.33333333333334,
          15.333333333333332
        ],
        [
          0.0,
          67.33333333333333,
          32.666666666666664
        ]
      ]
    },
    {
      "participant": "3219",
      "n_seeds": 10,
      "test_acc_mean": 0.47000000000000003,
      "test_acc_std": 0.04048319267163708,
      "test_bal_acc_mean": 0.44666666666666677,
      "test_bal_acc_std": 0.048799019531853643,
      "test_f1_mean": 0.3802337276431659,
      "test_f1_std": 0.0489992507748311,
      "test_kappa_mean": 0.18675703445603084,
      "test_kappa_std": 0.06479733657464558,
      "confusion_matrix": [
        [
          99.33333333333334,
          0.0,
          0.6666666666666667
        ],
        [
          52.0,
          8.666666666666666,
          39.33333333333333
        ],
        [
          55.0,
          19.0,
          26.0
        ]
      ]
    },
    {
      "participant": "3220",
      "n_seeds": 10,
      "test_acc_mean": 0.3244444444444444,
      "test_acc_std": 0.02608417312838372,
      "test_bal_acc_mean": 0.3244444444444444,
      "test_bal_acc_std": 0.02608417312838372,
      "test_f1_mean": 0.22671580626688984,
      "test_f1_std": 0.025782535158576994,
      "test_kappa_mean": -0.013333333333333397,
      "test_kappa_std": 0.03912625969257557,
      "confusion_matrix": [
        [
          84.66666666666667,
          13.333333333333332,
          2.0
        ],
        [
          98.66666666666667,
          0.6666666666666667,
          0.6666666666666667
        ],
        [
          80.00000000000001,
          8.0,
          12.0
        ]
      ]
    },
    {
      "participant": "3221",
      "n_seeds": 10,
      "test_acc_mean": 0.3377777777777778,
      "test_acc_std": 0.034426518632954824,
      "test_bal_acc_mean": 0.3377777777777778,
      "test_bal_acc_std": 0.03442651863295481,
      "test_f1_mean": 0.2551484727179891,
      "test_f1_std": 0.02636831918747387,
      "test_kappa_mean": 0.006666666666666665,
      "test_kappa_std": 0.0516397779494322,
      "confusion_matrix": [
        [
          87.33333333333334,
          11.333333333333334,
          1.3333333333333335
        ],
        [
          33.33333333333333,
          0.0,
          66.66666666666666
        ],
        [
          63.33333333333333,
          22.666666666666668,
          14.0
        ]
      ]
    },
    {
      "participant": "3222",
      "n_seeds": 10,
      "test_acc_mean": 0.40975609756097564,
      "test_acc_std": 0.06879413268717458,
      "test_bal_acc_mean": 0.4234343434343434,
      "test_bal_acc_std": 0.06834403117195037,
      "test_f1_mean": 0.38648172696016236,
      "test_f1_std": 0.06834205910140241,
      "test_kappa_mean": 0.11158640253147438,
      "test_kappa_std": 0.10566283516960914,
      "confusion_matrix": [
        [
          54.666666666666664,
          10.666666666666668,
          34.66666666666667
        ],
        [
          28.18181818181818,
          56.36363636363636,
          15.454545454545457
        ],
        [
          50.666666666666664,
          33.33333333333333,
          16.0
        ]
      ]
    },
    {
      "participant": "3223",
      "n_seeds": 10,
      "test_acc_mean": 0.048888888888888885,
      "test_acc_std": 0.03598506015256628,
      "test_bal_acc_mean": 0.048888888888888885,
      "test_bal_acc_std": 0.03598506015256628,
      "test_f1_mean": 0.04354114228140064,
      "test_f1_std": 0.03301711875592814,
      "test_kappa_mean": -0.4266666666666666,
      "test_kappa_std": 0.053977590228849424,
      "confusion_matrix": [
        [
          9.333333333333332,
          89.33333333333333,
          1.3333333333333335
        ],
        [
          87.33333333333334,
          4.0,
          8.666666666666668
        ],
        [
          14.0,
          84.66666666666666,
          1.3333333333333335
        ]
      ]
    },
    {
      "participant": "3224",
      "n_seeds": 10,
      "test_acc_mean": 0.5822222222222221,
      "test_acc_std": 0.04163990910386725,
      "test_bal_acc_mean": 0.5822222222222222,
      "test_bal_acc_std": 0.04163990910386726,
      "test_f1_mean": 0.5248760578394862,
      "test_f1_std": 0.0438302552485718,
      "test_kappa_mean": 0.37333333333333335,
      "test_kappa_std": 0.06245986365580086,
      "confusion_matrix": [
        [
          90.0,
          9.333333333333332,
          0.6666666666666667
        ],
        [
          26.0,
          67.33333333333333,
          6.666666666666667
        ],
        [
          28.666666666666664,
          54.0,
          17.333333333333332
        ]
      ]
    },
    {
      "participant": "3225",
      "n_seeds": 10,
      "test_acc_mean": 0.20444444444444443,
      "test_acc_std": 0.0344265186329548,
      "test_bal_acc_mean": 0.20444444444444443,
      "test_bal_acc_std": 0.034426518632954824,
      "test_f1_mean": 0.1533428690507032,
      "test_f1_std": 0.041640043405926655,
      "test_kappa_mean": -0.1933333333333333,
      "test_kappa_std": 0.05163977794943222,
      "confusion_matrix": [
        [
          6.0,
          0.6666666666666667,
          93.33333333333334
        ],
        [
          22.666666666666664,
          4.0,
          73.33333333333334
        ],
        [
          2.0,
          46.66666666666667,
          51.333333333333336
        ]
      ]
    },
    {
      "participant": "3226",
      "n_seeds": 10,
      "test_acc_mean": 0.4466666666666666,
      "test_acc_std": 0.03841867401448871,
      "test_bal_acc_mean": 0.4466666666666666,
      "test_bal_acc_std": 0.03841867401448871,
      "test_f1_mean": 0.3513693487885016,
      "test_f1_std": 0.047622568648831465,
      "test_kappa_mean": 0.16999999999999996,
      "test_kappa_std": 0.05762801102173305,
      "confusion_matrix": [
        [
          35.33333333333333,
          64.00000000000001,
          0.6666666666666667
        ],
        [
          1.3333333333333335,
          98.66666666666667,
          0.0
        ],
        [
          0.0,
          100.0,
          0.0
        ]
      ]
    },
    {
      "participant": "3227",
      "n_seeds": 10,
      "test_acc_mean": 0.28222222222222226,
      "test_acc_std": 0.03784308081316978,
      "test_bal_acc_mean": 0.28222222222222226,
      "test_bal_acc_std": 0.03784308081316978,
      "test_f1_mean": 0.20650778025459596,
      "test_f1_std": 0.05435668442587503,
      "test_kappa_mean": -0.0766666666666667,
      "test_kappa_std": 0.05676462121975468,
      "confusion_matrix": [
        [
          66.0,
          23.333333333333332,
          10.666666666666666
        ],
        [
          81.33333333333334,
          18.666666666666664,
          0.0
        ],
        [
          86.66666666666666,
          13.333333333333332,
          0.0
        ]
      ]
    },
    {
      "participant": "3228",
      "n_seeds": 10,
      "test_acc_mean": 0.3916666666666666,
      "test_acc_std": 0.04233010907652763,
      "test_bal_acc_mean": 0.31333333333333335,
      "test_bal_acc_std": 0.03386408726122211,
      "test_f1_mean": 0.2533909803000242,
      "test_f1_std": 0.036725493065511185,
      "test_kappa_mean": -0.04285714285714285,
      "test_kappa_std": 0.07256590127404731,
      "confusion_matrix": [
        [
          0.0,
          0.0,
          100.0
        ],
        [
          0.0,
          3.3333333333333335,
          96.66666666666667
        ],
        [
          0.0,
          9.333333333333332,
          90.66666666666666
        ]
      ]
    },
    {
      "participant": "3229",
      "n_seeds": 10,
      "test_acc_mean": 0.2977777777777778,
      "test_acc_std": 0.08127921021834195,
      "test_bal_acc_mean": 0.2977777777777778,
      "test_bal_acc_std": 0.08127921021834193,
      "test_f1_mean": 0.24647170415826852,
      "test_f1_std": 0.03973779137954244,
      "test_kappa_mean": -0.053333333333333365,
      "test_kappa_std": 0.12191881532751289,
      "confusion_matrix": [
        [
          18.0,
          62.666666666666664,
          19.333333333333336
        ],
        [
          0.0,
          68.66666666666667,
          31.333333333333336
        ],
        [
          0.0,
          97.33333333333333,
          2.666666666666667
        ]
      ]
    },
    {
      "participant": "3230",
      "n_seeds": 10,
      "test_acc_mean": 0.5133333333333333,
      "test_acc_std": 0.06237195388154336,
      "test_bal_acc_mean": 0.5133333333333333,
      "test_bal_acc_std": 0.06237195388154335,
      "test_f1_mean": 0.4735412733807551,
      "test_f1_std": 0.08045051182320125,
      "test_kappa_mean": 0.26999999999999996,
      "test_kappa_std": 0.09355793082231507,
      "confusion_matrix": [
        [
          90.00000000000003,
          1.3333333333333335,
          8.666666666666668
        ],
        [
          52.0,
          45.33333333333333,
          2.666666666666667
        ],
        [
          70.66666666666666,
          10.666666666666668,
          18.666666666666668
        ]
      ]
    },
    {
      "participant": "3231",
      "n_seeds": 10,
      "test_acc_mean": 0.48888888888888893,
      "test_acc_std": 0.03919631571947541,
      "test_bal_acc_mean": 0.48888888888888893,
      "test_bal_acc_std": 0.0391963157194754,
      "test_f1_mean": 0.4689802831928672,
      "test_f1_std": 0.04465762743636425,
      "test_kappa_mean": 0.2333333333333333,
      "test_kappa_std": 0.0587944735792132,
      "confusion_matrix": [
        [
          20.666666666666664,
          8.0,
          71.33333333333331
        ],
        [
          28.666666666666664,
          49.33333333333333,
          21.999999999999996
        ],
        [
          15.333333333333332,
          7.999999999999998,
          76.66666666666666
        ]
      ]
    },
    {
      "participant": "3232",
      "n_seeds": 10,
      "test_acc_mean": 0.3511111111111111,
      "test_acc_std": 0.031075817723560047,
      "test_bal_acc_mean": 0.35111111111111115,
      "test_bal_acc_std": 0.031075817723560054,
      "test_f1_mean": 0.2575394634882301,
      "test_f1_std": 0.03301356009054028,
      "test_kappa_mean": 0.02666666666666665,
      "test_kappa_std": 0.046613726585340076,
      "confusion_matrix": [
        [
          81.33333333333333,
          0.0,
          18.666666666666668
        ],
        [
          48.00000000000001,
          0.0,
          51.999999999999986
        ],
        [
          74.0,
          2.0,
          24.0
        ]
      ]
    },
    {
      "participant": "3233",
      "n_seeds": 10,
      "test_acc_mean": 0.2533333333333333,
      "test_acc_std": 0.036589893437713975,
      "test_bal_acc_mean": 0.2533333333333333,
      "test_bal_acc_std": 0.036589893437713975,
      "test_f1_mean": 0.20901702274220174,
      "test_f1_std": 0.03608369669287501,
      "test_kappa_mean": -0.12000000000000004,
      "test_kappa_std": 0.054884840156570934,
      "confusion_matrix": [
        [
          64.0,
          24.0,
          12.0
        ],
        [
          24.666666666666664,
          6.000000000000001,
          69.33333333333333
        ],
        [
          74.0,
          20.000000000000004,
          6.0
        ]
      ]
    },
    {
      "participant": "3234",
      "n_seeds": 10,
      "test_acc_mean": 0.3688888888888889,
      "test_acc_std": 0.03345656234262584,
      "test_bal_acc_mean": 0.3688888888888889,
      "test_bal_acc_std": 0.033456562342625826,
      "test_f1_mean": 0.2999632099259892,
      "test_f1_std": 0.02838316018213473,
      "test_kappa_mean": 0.053333333333333344,
      "test_kappa_std": 0.050184843513938704,
      "confusion_matrix": [
        [
          3.3333333333333335,
          62.0,
          34.66666666666667
        ],
        [
          0.6666666666666667,
          70.66666666666666,
          28.666666666666664
        ],
        [
          0.6666666666666667,
          62.66666666666665,
          36.666666666666664
        ]
      ]
    },
    {
      "participant": "3235",
      "n_seeds": 10,
      "test_acc_mean": 0.26444444444444437,
      "test_acc_std": 0.053875841617683495,
      "test_bal_acc_mean": 0.26444444444444437,
      "test_bal_acc_std": 0.0538758416176835,
      "test_f1_mean": 0.17131867438720524,
      "test_f1_std": 0.03660502232620892,
      "test_kappa_mean": -0.10333333333333335,
      "test_kappa_std": 0.08081376242652524,
      "confusion_matrix": [
        [
          76.66666666666667,
          0.0,
          23.333333333333332
        ],
        [
          45.33333333333333,
          1.3333333333333335,
          53.33333333333333
        ],
        [
          98.66666666666667,
          0.0,
          1.3333333333333335
        ]
      ]
    },
    {
      "participant": "3236",
      "n_seeds": 10,
      "test_acc_mean": 0.4688888888888889,
      "test_acc_std": 0.06148594361317667,
      "test_bal_acc_mean": 0.4688888888888889,
      "test_bal_acc_std": 0.0614859436131767,
      "test_f1_mean": 0.4482719335208336,
      "test_f1_std": 0.06952710424794432,
      "test_kappa_mean": 0.2033333333333333,
      "test_kappa_std": 0.09222891541976506,
      "confusion_matrix": [
        [
          27.333333333333332,
          44.0,
          28.666666666666664
        ],
        [
          24.666666666666664,
          43.33333333333333,
          32.0
        ],
        [
          15.333333333333334,
          14.666666666666668,
          69.99999999999999
        ]
      ]
    },
    {
      "participant": "3237",
      "n_seeds": 10,
      "test_acc_mean": 0.3111111111111111,
      "test_acc_std": 0.020951312035156967,
      "test_bal_acc_mean": 0.3111111111111111,
      "test_bal_acc_std": 0.02095131203515694,
      "test_f1_mean": 0.24540671746536194,
      "test_f1_std": 0.021141349833112777,
      "test_kappa_mean": -0.03333333333333331,
      "test_kappa_std": 0.03142696805273545,
      "confusion_matrix": [
        [
          58.666666666666664,
          38.66666666666666,
          2.666666666666667
        ],
        [
          65.33333333333333,
          34.66666666666667,
          0.0
        ],
        [
          63.333333333333336,
          36.66666666666667,
          0.0
        ]
      ]
    },
    {
      "participant": "3238",
      "n_seeds": 10,
      "test_acc_mean": 0.37777777777777777,
      "test_acc_std": 0.023424278964210215,
      "test_bal_acc_mean": 0.37777777777777777,
      "test_bal_acc_std": 0.023424278964210205,
      "test_f1_mean": 0.25052580812828473,
      "test_f1_std": 0.03365229398173998,
      "test_kappa_mean": 0.06666666666666665,
      "test_kappa_std": 0.03513641844631532,
      "confusion_matrix": [
        [
          99.33333333333333,
          0.0,
          0.6666666666666667
        ],
        [
          86.0,
          1.3333333333333335,
          12.666666666666666
        ],
        [
          87.33333333333334,
          0.0,
          12.666666666666668
        ]
      ]
    },
    {
      "participant": "3239",
      "n_seeds": 10,
      "test_acc_mean": 0.4829268292682928,
      "test_acc_std": 0.03599340426207912,
      "test_bal_acc_mean": 0.48121212121212126,
      "test_bal_acc_std": 0.039332594902961815,
      "test_f1_mean": 0.4177930905209388,
      "test_f1_std": 0.05422743331884222,
      "test_kappa_mean": 0.22683247970879178,
      "test_kappa_std": 0.05570880464079545,
      "confusion_matrix": [
        [
          86.66666666666667,
          0.0,
          13.333333333333334
        ],
        [
          38.666666666666664,
          11.333333333333332,
          50.0
        ],
        [
          51.81818181818181,
          1.8181818181818183,
          46.36363636363636
        ]
      ]
    },
    {
      "participant": "3240",
      "n_seeds": 10,
      "test_acc_mean": 0.4688888888888889,
      "test_acc_std": 0.0758671859500407,
      "test_bal_acc_mean": 0.4688888888888889,
      "test_bal_acc_std": 0.07586718595004067,
      "test_f1_mean": 0.42831989823051997,
      "test_f1_std": 0.06698404548285716,
      "test_kappa_mean": 0.2033333333333333,
      "test_kappa_std": 0.11380077892506105,
      "confusion_matrix": [
        [
          12.666666666666664,
          76.66666666666666,
          10.666666666666668
        ],
        [
          1.3333333333333335,
          74.0,
          24.666666666666668
        ],
        [
          0.0,
          46.0,
          54.0
        ]
      ]
    },
    {
      "participant": "3241",
      "n_seeds": 10,
      "test_acc_mean": 0.2333333333333333,
      "test_acc_std": 0.030089031128281332,
      "test_bal_acc_mean": 0.2333333333333333,
      "test_bal_acc_std": 0.030089031128281332,
      "test_f1_mean": 0.1328290029428628,
      "test_f1_std": 0.019509663330933735,
      "test_kappa_mean": -0.15000000000000002,
      "test_kappa_std": 0.04513354669242202,
      "confusion_matrix": [
        [
          68.66666666666666,
          2.0,
          29.333333333333336
        ],
        [
          97.33333333333333,
          1.3333333333333335,
          1.3333333333333335
        ],
        [
          100.0,
          0.0,
          0.0
        ]
      ]
    },
    {
      "participant": "3242",
      "n_seeds": 10,
      "test_acc_mean": 0.31333333333333335,
      "test_acc_std": 0.03696288874036933,
      "test_bal_acc_mean": 0.31333333333333335,
      "test_bal_acc_std": 0.03696288874036932,
      "test_f1_mean": 0.33813358496579976,
      "test_f1_std": 0.03476435207127165,
      "test_kappa_mean": -0.030000000000000047,
      "test_kappa_std": 0.055444333110554016,
      "confusion_matrix": [
        [
          54.0,
          28.666666666666668,
          17.333333333333332
        ],
        [
          5.333333333333334,
          12.0,
          82.66666666666667
        ],
        [
          1.3333333333333335,
          70.66666666666666,
          28.0
        ]
      ]
    },
    {
      "participant": "3243",
      "n_seeds": 10,
      "test_acc_mean": 0.23333333333333334,
      "test_acc_std": 0.06307180135528297,
      "test_bal_acc_mean": 0.23333333333333334,
      "test_bal_acc_std": 0.06307180135528298,
      "test_f1_mean": 0.15093414554703868,
      "test_f1_std": 0.03183645077494067,
      "test_kappa_mean": -0.15000000000000005,
      "test_kappa_std": 0.09460770203292443,
      "confusion_matrix": [
        [
          2.666666666666667,
          96.66666666666667,
          0.6666666666666667
        ],
        [
          7.333333333333333,
          64.0,
          28.666666666666664
        ],
        [
          13.333333333333334,
          83.33333333333334,
          3.3333333333333335
        ]
      ]
    },
    {
      "participant": "3244",
      "n_seeds": 10,
      "test_acc_mean": 0.3333333333333333,
      "test_acc_std": 0.04057204129667899,
      "test_bal_acc_mean": 0.3333333333333333,
      "test_bal_acc_std": 0.040572041296678955,
      "test_f1_mean": 0.3293743591866345,
      "test_f1_std": 0.03976493247724083,
      "test_kappa_mean": 0.0,
      "test_kappa_std": 0.06085806194501845,
      "confusion_matrix": [
        [
          44.0,
          47.33333333333333,
          8.666666666666668
        ],
        [
          64.66666666666666,
          13.333333333333332,
          21.999999999999996
        ],
        [
          38.66666666666667,
          18.666666666666664,
          42.666666666666664
        ]
      ]
    },
    {
      "participant": "3245",
      "n_seeds": 10,
      "test_acc_mean": 0.44222222222222224,
      "test_acc_std": 0.06744402749682984,
      "test_bal_acc_mean": 0.44222222222222224,
      "test_bal_acc_std": 0.06744402749682986,
      "test_f1_mean": 0.3868622925627391,
      "test_f1_std": 0.07907681695152897,
      "test_kappa_mean": 0.16333333333333333,
      "test_kappa_std": 0.10116604124524481,
      "confusion_matrix": [
        [
          90.66666666666667,
          3.3333333333333335,
          6.0
        ],
        [
          23.333333333333332,
          13.333333333333334,
          63.33333333333333
        ],
        [
          57.333333333333336,
          14.0,
          28.666666666666668
        ]
      ]
    },
    {
      "participant": "3246",
      "n_seeds": 10,
      "test_acc_mean": 0.36,
      "test_acc_std": 0.04542136212372117,
      "test_bal_acc_mean": 0.36,
      "test_bal_acc_std": 0.04542136212372115,
      "test_f1_mean": 0.3341080736680492,
      "test_f1_std": 0.061792773254686684,
      "test_kappa_mean": 0.03999999999999998,
      "test_kappa_std": 0.06813204318558173,
      "confusion_matrix": [
        [
          57.33333333333333,
          0.0,
          42.666666666666664
        ],
        [
          0.0,
          10.666666666666666,
          89.33333333333333
        ],
        [
          59.33333333333333,
          0.6666666666666667,
          40.0
        ]
      ]
    },
    {
      "participant": "3247",
      "n_seeds": 10,
      "test_acc_mean": 0.4688888888888889,
      "test_acc_std": 0.05284758216810953,
      "test_bal_acc_mean": 0.4688888888888889,
      "test_bal_acc_std": 0.05284758216810953,
      "test_f1_mean": 0.40921702258302384,
      "test_f1_std": 0.07817414543989369,
      "test_kappa_mean": 0.2033333333333333,
      "test_kappa_std": 0.07927137325216431,
      "confusion_matrix": [
        [
          92.66666666666667,
          6.666666666666667,
          0.6666666666666667
        ],
        [
          38.0,
          33.33333333333333,
          28.666666666666664
        ],
        [
          68.66666666666666,
          16.666666666666664,
          14.666666666666666
        ]
      ]
    },
    {
      "participant": "3248",
      "n_seeds": 10,
      "test_acc_mean": 0.34222222222222226,
      "test_acc_std": 0.028109134757052266,
      "test_bal_acc_mean": 0.34222222222222226,
      "test_bal_acc_std": 0.02810913475705225,
      "test_f1_mean": 0.22608086164623603,
      "test_f1_std": 0.041660621304490233,
      "test_kappa_mean": 0.01333333333333333,
      "test_kappa_std": 0.04216370213557838,
      "confusion_matrix": [
        [
          90.66666666666666,
          3.3333333333333335,
          6.0
        ],
        [
          99.33333333333333,
          0.0,
          0.6666666666666667
        ],
        [
          87.33333333333334,
          0.6666666666666667,
          12.0
        ]
      ]
    },
    {
      "participant": "3249",
      "n_seeds": 10,
      "test_acc_mean": 0.34,
      "test_acc_std": 0.051373454472295424,
      "test_bal_acc_mean": 0.34,
      "test_bal_acc_std": 0.0513734544722954,
      "test_f1_mean": 0.23745582935859075,
      "test_f1_std": 0.07144824930533684,
      "test_kappa_mean": 0.009999999999999986,
      "test_kappa_std": 0.07706018170844312,
      "confusion_matrix": [
        [
          2.0,
          91.33333333333334,
          6.666666666666667
        ],
        [
          2.666666666666667,
          85.33333333333334,
          12.0
        ],
        [
          4.666666666666667,
          80.66666666666666,
          14.666666666666668
        ]
      ]
    },
    {
      "participant": "3250",
      "n_seeds": 10,
      "test_acc_mean": 0.2777777777777778,
      "test_acc_std": 0.04090874450810096,
      "test_bal_acc_mean": 0.2777777777777778,
      "test_bal_acc_std": 0.04090874450810097,
      "test_f1_mean": 0.18154209993580012,
      "test_f1_std": 0.03923048440323719,
      "test_kappa_mean": -0.08333333333333337,
      "test_kappa_std": 0.06136311676215147,
      "confusion_matrix": [
        [
          0.6666666666666667,
          94.66666666666667,
          4.666666666666667
        ],
        [
          0.0,
          73.33333333333334,
          26.666666666666664
        ],
        [
          0.0,
          90.66666666666667,
          9.333333333333334
        ]
      ]
    }
  ],
  "selected_features": [
    "head_rotation_rad_min",
    "head_rotation_rad_rms",
    "head_rotation_rad_p25",
    "head_tx_max",
    "head_tx_median",
    "head_tx_p25",
    "head_ty_min",
    "head_ty_max",
    "head_ty_rms",
    "head_ty_p75",
    "head_scalex_min",
    "head_scalex_p75",
    "head_scaley_min",
    "head_scaley_p75",
    "head_motion_mag_min",
    "head_motion_mag_rms",
    "head_motion_mag_p75",
    "head_motion_mag_autocorr1",
    "blink_aperture_max",
    "blink_aperture_std",
    "blink_aperture_p25",
    "blink_aperture_p75",
    "mouth_aperture_max",
    "mouth_aperture_autocorr1",
    "pupil_dx_p25",
    "pupil_dy_max",
    "pupil_metric_min",
    "head_rotation_rad_vel_min",
    "head_rotation_rad_vel_p75",
    "head_rotation_rad_acc_median",
    "head_tx_acc_p75",
    "head_ty_vel_max",
    "head_scalex_vel_median",
    "head_scaley_vel_p75",
    "head_scaley_vel_autocorr1",
    "head_scaley_acc_mean",
    "head_motion_mag_acc_mean",
    "head_motion_mag_acc_autocorr1",
    "blink_aperture_vel_max",
    "blink_aperture_vel_autocorr1",
    "mouth_aperture_acc_min",
    "pupil_dx_acc_min",
    "pupil_dy_acc_p75",
    "pupil_dy_acc_autocorr1",
    "pupil_metric_acc_autocorr1",
    "SCR_Peaks_Amplitude_Mean",
    "EDA_Tonic_SD",
    "EDA_Autocorrelation"
  ],
  "n_participants": 40,
  "n_seeds": 10,
  "n_features": 48,
  "timestamp": "2025-10-17T15:57:16.084196"
}