{
  "name": "pose_eye",
  "config": {
    "n_seeds": 10,
    "feature_selection": "backward",
    "use_pca": false,
    "pca_variance": 0.95,
    "write_cm": true,
    "tune_hyperparameters": false,
    "tune_n_iter": 30,
    "tune_cv_folds": 5,
    "use_pose_derivatives": true,
    "use_time_features": false,
    "class_config": "all",
    "include_order": false,
    "name": "pose_eye",
    "feature_groups": [
      "pose",
      "eye_tracking"
    ],
    "split_strategy": "lopo"
  },
  "metrics": {
    "test_acc_mean": 0.41730223018180246,
    "test_acc_std": 0.14965142476951263,
    "test_bal_acc_mean": 0.41554351333421097,
    "test_bal_acc_std": 0.15137378217138953,
    "test_f1_mean": 0.36595145099918164,
    "test_f1_std": 0.15233908590760242,
    "test_kappa_mean": 0.12042697427421234,
    "test_kappa_std": 0.2258459068235056
  },
  "confusion_matrix": [
    [
      50.37763012181616,
      23.6046511627907,
      23.6921373200443
    ],
    [
      35.14371287627101,
      29.422782643712882,
      35.43350448001611
    ],
    [
      28.49029265308336,
      27.321484716833552,
      44.1882226300831
    ]
  ],
  "participant_results": [
    {
      "participant": "3105",
      "n_seeds": 10,
      "test_acc_mean": 0.11111111111111112,
      "test_acc_std": 0.02962962962962963,
      "test_bal_acc_mean": 0.11111111111111112,
      "test_bal_acc_std": 0.02962962962962963,
      "test_f1_mean": 0.09252363253069808,
      "test_f1_std": 0.0223489791651523,
      "test_kappa_mean": -0.3333333333333333,
      "test_kappa_std": 0.04444444444444445,
      "confusion_matrix": [
        [
          19.333333333333332,
          57.33333333333333,
          23.33333333333333
        ],
        [
          84.66666666666666,
          13.999999999999996,
          1.3333333333333335
        ],
        [
          61.33333333333333,
          38.666666666666664,
          0.0
        ]
      ]
    },
    {
      "participant": "3206",
      "n_seeds": 10,
      "test_acc_mean": 0.22926829268292687,
      "test_acc_std": 0.03487416356020685,
      "test_bal_acc_mean": 0.23797979797979796,
      "test_bal_acc_std": 0.03421511645812737,
      "test_f1_mean": 0.22021653011245812,
      "test_f1_std": 0.039455729732182365,
      "test_kappa_mean": -0.11450825028464626,
      "test_kappa_std": 0.048335951831731845,
      "confusion_matrix": [
        [
          30.666666666666664,
          68.66666666666666,
          0.6666666666666667
        ],
        [
          42.72727272727273,
          32.727272727272734,
          24.54545454545455
        ],
        [
          24.0,
          67.99999999999999,
          8.0
        ]
      ]
    },
    {
      "participant": "3207",
      "n_seeds": 10,
      "test_acc_mean": 0.3953488372093023,
      "test_acc_std": 0.03466772058139209,
      "test_bal_acc_mean": 0.399047619047619,
      "test_bal_acc_std": 0.03349001556800419,
      "test_f1_mean": 0.29060529921855227,
      "test_f1_std": 0.03392831458386549,
      "test_kappa_mean": 0.0934512221370942,
      "test_kappa_std": 0.051278201526800904,
      "confusion_matrix": [
        [
          23.999999999999993,
          3.3333333333333335,
          72.66666666666666
        ],
        [
          68.57142857142857,
          0.0,
          31.428571428571423
        ],
        [
          4.285714285714285,
          0.0,
          95.71428571428572
        ]
      ]
    },
    {
      "participant": "3208",
      "n_seeds": 10,
      "test_acc_mean": 0.44666666666666666,
      "test_acc_std": 0.04619989964300051,
      "test_bal_acc_mean": 0.44666666666666666,
      "test_bal_acc_std": 0.046199899643000523,
      "test_f1_mean": 0.37705387801117013,
      "test_f1_std": 0.051782897601148334,
      "test_kappa_mean": 0.16999999999999998,
      "test_kappa_std": 0.06929984946450078,
      "confusion_matrix": [
        [
          34.66666666666667,
          22.0,
          43.33333333333333
        ],
        [
          0.6666666666666667,
          4.666666666666667,
          94.66666666666666
        ],
        [
          2.0,
          3.3333333333333335,
          94.66666666666666
        ]
      ]
    },
    {
      "participant": "3209",
      "n_seeds": 10,
      "test_acc_mean": 0.3045454545454545,
      "test_acc_std": 0.02667699524493789,
      "test_bal_acc_mean": 0.3103174603174603,
      "test_bal_acc_std": 0.02571722499368201,
      "test_f1_mean": 0.2886849682880128,
      "test_f1_std": 0.03538870795205586,
      "test_kappa_mean": -0.031991558767722125,
      "test_kappa_std": 0.038082808643166086,
      "confusion_matrix": [
        [
          32.666666666666664,
          15.333333333333334,
          52.0
        ],
        [
          10.0,
          4.0,
          86.0
        ],
        [
          0.0,
          43.57142857142857,
          56.42857142857142
        ]
      ]
    },
    {
      "participant": "3210",
      "n_seeds": 10,
      "test_acc_mean": 0.29000000000000004,
      "test_acc_std": 0.0498144706032442,
      "test_bal_acc_mean": 0.29000000000000004,
      "test_bal_acc_std": 0.0498144706032442,
      "test_f1_mean": 0.22952171688239797,
      "test_f1_std": 0.029048841243648947,
      "test_kappa_mean": -0.15079887445741103,
      "test_kappa_std": 0.04415158034387219,
      "confusion_matrix": [
        [
          0.0,
          0.0,
          0.0
        ],
        [
          6.666666666666667,
          0.0,
          93.33333333333334
        ],
        [
          40.0,
          2.0,
          58.0
        ]
      ]
    },
    {
      "participant": "3214",
      "n_seeds": 10,
      "test_acc_mean": 0.7355555555555556,
      "test_acc_std": 0.033864087261222114,
      "test_bal_acc_mean": 0.7355555555555555,
      "test_bal_acc_std": 0.033864087261222114,
      "test_f1_mean": 0.726147629341322,
      "test_f1_std": 0.03633989181187559,
      "test_kappa_mean": 0.6033333333333333,
      "test_kappa_std": 0.050796130891833165,
      "confusion_matrix": [
        [
          97.33333333333334,
          2.0,
          0.6666666666666667
        ],
        [
          23.333333333333336,
          70.66666666666666,
          6.0
        ],
        [
          33.99999999999999,
          13.333333333333334,
          52.66666666666667
        ]
      ]
    },
    {
      "participant": "3215",
      "n_seeds": 10,
      "test_acc_mean": 0.4,
      "test_acc_std": 0.0,
      "test_bal_acc_mean": 0.39999999999999997,
      "test_bal_acc_std": 0.0,
      "test_f1_mean": 0.2871762740183793,
      "test_f1_std": 0.0013209179867035542,
      "test_kappa_mean": 0.09999999999999995,
      "test_kappa_std": 4.7175407225030635e-17,
      "confusion_matrix": [
        [
          100.0,
          0.0,
          0.0
        ],
        [
          100.0,
          0.0,
          0.0
        ],
        [
          78.66666666666666,
          1.3333333333333335,
          20.0
        ]
      ]
    },
    {
      "participant": "3216",
      "n_seeds": 10,
      "test_acc_mean": 0.3441860465116279,
      "test_acc_std": 0.05568460463897045,
      "test_bal_acc_mean": 0.34974358974358977,
      "test_bal_acc_std": 0.053725879028204526,
      "test_f1_mean": 0.3066659925601174,
      "test_f1_std": 0.03499024652287844,
      "test_kappa_mean": 0.014593188648093437,
      "test_kappa_std": 0.08403203980110674,
      "confusion_matrix": [
        [
          55.999999999999986,
          36.66666666666667,
          7.333333333333334
        ],
        [
          57.333333333333336,
          2.0,
          40.66666666666667
        ],
        [
          33.84615384615385,
          19.230769230769226,
          46.92307692307692
        ]
      ]
    },
    {
      "participant": "3217",
      "n_seeds": 10,
      "test_acc_mean": 0.6133333333333334,
      "test_acc_std": 0.06641929413765896,
      "test_bal_acc_mean": 0.6133333333333334,
      "test_bal_acc_std": 0.06641929413765897,
      "test_f1_mean": 0.6052973883432862,
      "test_f1_std": 0.06884801214387729,
      "test_kappa_mean": 0.42000000000000004,
      "test_kappa_std": 0.0996289412064884,
      "confusion_matrix": [
        [
          75.33333333333334,
          12.666666666666666,
          12.0
        ],
        [
          20.666666666666668,
          46.666666666666664,
          32.66666666666667
        ],
        [
          1.3333333333333335,
          36.666666666666664,
          61.999999999999986
        ]
      ]
    },
    {
      "participant": "3218",
      "n_seeds": 10,
      "test_acc_mean": 0.5555555555555556,
      "test_acc_std": 0.04684855792842043,
      "test_bal_acc_mean": 0.5555555555555556,
      "test_bal_acc_std": 0.04684855792842045,
      "test_f1_mean": 0.4535955479503671,
      "test_f1_std": 0.04326921988896779,
      "test_kappa_mean": 0.3333333333333333,
      "test_kappa_std": 0.07027283689263067,
      "confusion_matrix": [
        [
          0.0,
          15.333333333333332,
          84.66666666666666
        ],
        [
          0.0,
          86.0,
          14.0
        ],
        [
          0.0,
          19.333333333333332,
          80.66666666666667
        ]
      ]
    },
    {
      "participant": "3219",
      "n_seeds": 10,
      "test_acc_mean": 0.6325581395348838,
      "test_acc_std": 0.03431929243593591,
      "test_bal_acc_mean": 0.6307936507936508,
      "test_bal_acc_std": 0.03495428873782698,
      "test_f1_mean": 0.6184010542338614,
      "test_f1_std": 0.036429712975953425,
      "test_kappa_mean": 0.4477400205962656,
      "test_kappa_std": 0.05202192566656249,
      "confusion_matrix": [
        [
          80.71428571428572,
          13.57142857142857,
          5.714285714285713
        ],
        [
          24.285714285714285,
          37.857142857142854,
          37.857142857142854
        ],
        [
          18.666666666666664,
          10.666666666666668,
          70.66666666666666
        ]
      ]
    },
    {
      "participant": "3220",
      "n_seeds": 10,
      "test_acc_mean": 0.4688888888888889,
      "test_acc_std": 0.04117612476944384,
      "test_bal_acc_mean": 0.4688888888888889,
      "test_bal_acc_std": 0.04117612476944385,
      "test_f1_mean": 0.39746690937660045,
      "test_f1_std": 0.0354358415744962,
      "test_kappa_mean": 0.2033333333333333,
      "test_kappa_std": 0.06176418715416578,
      "confusion_matrix": [
        [
          83.33333333333334,
          6.0,
          10.666666666666668
        ],
        [
          94.66666666666667,
          0.6666666666666667,
          4.666666666666666
        ],
        [
          38.66666666666667,
          4.666666666666667,
          56.66666666666665
        ]
      ]
    },
    {
      "participant": "3221",
      "n_seeds": 10,
      "test_acc_mean": 0.2755555555555555,
      "test_acc_std": 0.0865114152335196,
      "test_bal_acc_mean": 0.2755555555555555,
      "test_bal_acc_std": 0.0865114152335196,
      "test_f1_mean": 0.2785343204690628,
      "test_f1_std": 0.06846302689724683,
      "test_kappa_mean": -0.08666666666666668,
      "test_kappa_std": 0.1297671228502794,
      "confusion_matrix": [
        [
          36.666666666666664,
          62.0,
          1.3333333333333335
        ],
        [
          28.666666666666668,
          0.0,
          71.33333333333334
        ],
        [
          5.333333333333334,
          48.666666666666664,
          46.0
        ]
      ]
    },
    {
      "participant": "3222",
      "n_seeds": 10,
      "test_acc_mean": 0.38222222222222224,
      "test_acc_std": 0.04030065335921613,
      "test_bal_acc_mean": 0.38222222222222224,
      "test_bal_acc_std": 0.040300653359216135,
      "test_f1_mean": 0.34920938800073276,
      "test_f1_std": 0.03660674824707565,
      "test_kappa_mean": 0.07333333333333332,
      "test_kappa_std": 0.060450980038824174,
      "confusion_matrix": [
        [
          48.0,
          2.0,
          50.0
        ],
        [
          1.3333333333333335,
          1.3333333333333335,
          97.33333333333334
        ],
        [
          8.0,
          26.666666666666664,
          65.33333333333333
        ]
      ]
    },
    {
      "participant": "3223",
      "n_seeds": 10,
      "test_acc_mean": 0.13999999999999999,
      "test_acc_std": 0.045722368480032485,
      "test_bal_acc_mean": 0.13999999999999999,
      "test_bal_acc_std": 0.045722368480032485,
      "test_f1_mean": 0.10763629513119517,
      "test_f1_std": 0.03332148527513256,
      "test_kappa_mean": -0.2899999999999999,
      "test_kappa_std": 0.06858355272004872,
      "confusion_matrix": [
        [
          40.0,
          42.66666666666666,
          17.333333333333336
        ],
        [
          98.66666666666666,
          1.3333333333333335,
          0.0
        ],
        [
          26.0,
          73.33333333333334,
          0.6666666666666667
        ]
      ]
    },
    {
      "participant": "3224",
      "n_seeds": 10,
      "test_acc_mean": 0.4666666666666667,
      "test_acc_std": 0.0,
      "test_bal_acc_mean": 0.33333333333333337,
      "test_bal_acc_std": 5.851389114294502e-17,
      "test_f1_mean": 0.29696969696969694,
      "test_f1_std": 0.0,
      "test_kappa_mean": 0.0,
      "test_kappa_std": 0.0,
      "confusion_matrix": [
        [
          0.0,
          100.0,
          0.0
        ],
        [
          0.0,
          100.0,
          0.0
        ],
        [
          0.0,
          100.0,
          0.0
        ]
      ]
    },
    {
      "participant": "3225",
      "n_seeds": 10,
      "test_acc_mean": 0.26222222222222225,
      "test_acc_std": 0.0273171687623493,
      "test_bal_acc_mean": 0.26222222222222225,
      "test_bal_acc_std": 0.027317168762349294,
      "test_f1_mean": 0.20022231665699994,
      "test_f1_std": 0.0332211347350335,
      "test_kappa_mean": -0.10666666666666673,
      "test_kappa_std": 0.04097575314352394,
      "confusion_matrix": [
        [
          4.0,
          4.0,
          92.00000000000001
        ],
        [
          12.0,
          12.666666666666668,
          75.33333333333333
        ],
        [
          6.000000000000001,
          32.0,
          62.000000000000014
        ]
      ]
    },
    {
      "participant": "3226",
      "n_seeds": 10,
      "test_acc_mean": 0.24222222222222226,
      "test_acc_std": 0.05179891477643581,
      "test_bal_acc_mean": 0.24222222222222226,
      "test_bal_acc_std": 0.05179891477643582,
      "test_f1_mean": 0.23594423061641234,
      "test_f1_std": 0.05135367593432196,
      "test_kappa_mean": -0.13666666666666671,
      "test_kappa_std": 0.07769837216465372,
      "confusion_matrix": [
        [
          21.333333333333332,
          63.33333333333333,
          15.333333333333334
        ],
        [
          20.666666666666664,
          34.666666666666664,
          44.66666666666667
        ],
        [
          31.999999999999993,
          51.333333333333336,
          16.666666666666664
        ]
      ]
    },
    {
      "participant": "3227",
      "n_seeds": 10,
      "test_acc_mean": 0.4177777777777777,
      "test_acc_std": 0.05621826951410452,
      "test_bal_acc_mean": 0.4177777777777777,
      "test_bal_acc_std": 0.056218269514104524,
      "test_f1_mean": 0.3312941976588624,
      "test_f1_std": 0.060441021350002226,
      "test_kappa_mean": 0.12666666666666665,
      "test_kappa_std": 0.08432740427115679,
      "confusion_matrix": [
        [
          38.0,
          62.0,
          0.0
        ],
        [
          12.666666666666668,
          87.33333333333334,
          0.0
        ],
        [
          0.0,
          100.0,
          0.0
        ]
      ]
    },
    {
      "participant": "3228",
      "n_seeds": 10,
      "test_acc_mean": 0.2866666666666667,
      "test_acc_std": 0.047372672460205864,
      "test_bal_acc_mean": 0.2866666666666667,
      "test_bal_acc_std": 0.047372672460205864,
      "test_f1_mean": 0.14887179735068012,
      "test_f1_std": 0.019804712038636554,
      "test_kappa_mean": -0.06999999999999999,
      "test_kappa_std": 0.07105900869030883,
      "confusion_matrix": [
        [
          0.0,
          0.0,
          100.0
        ],
        [
          2.666666666666667,
          0.0,
          97.33333333333333
        ],
        [
          1.3333333333333335,
          12.666666666666668,
          86.0
        ]
      ]
    },
    {
      "participant": "3229",
      "n_seeds": 10,
      "test_acc_mean": 0.3644444444444444,
      "test_acc_std": 0.03658989343771398,
      "test_bal_acc_mean": 0.3644444444444444,
      "test_bal_acc_std": 0.03658989343771398,
      "test_f1_mean": 0.29447928665508366,
      "test_f1_std": 0.04316900594481365,
      "test_kappa_mean": 0.04666666666666665,
      "test_kappa_std": 0.05488484015657098,
      "confusion_matrix": [
        [
          86.66666666666666,
          13.333333333333332,
          0.0
        ],
        [
          57.33333333333333,
          6.666666666666667,
          36.0
        ],
        [
          44.0,
          39.99999999999999,
          16.0
        ]
      ]
    },
    {
      "participant": "3230",
      "n_seeds": 10,
      "test_acc_mean": 0.35555555555555557,
      "test_acc_std": 0.04566232594791835,
      "test_bal_acc_mean": 0.35555555555555557,
      "test_bal_acc_std": 0.04566232594791836,
      "test_f1_mean": 0.31224731956296886,
      "test_f1_std": 0.05044240626471978,
      "test_kappa_mean": 0.03333333333333331,
      "test_kappa_std": 0.0684934889218775,
      "confusion_matrix": [
        [
          73.33333333333334,
          19.333333333333336,
          7.333333333333334
        ],
        [
          57.333333333333336,
          19.333333333333336,
          23.333333333333332
        ],
        [
          45.99999999999999,
          39.99999999999999,
          14.0
        ]
      ]
    },
    {
      "participant": "3231",
      "n_seeds": 10,
      "test_acc_mean": 0.39555555555555555,
      "test_acc_std": 0.0389153349231517,
      "test_bal_acc_mean": 0.3955555555555555,
      "test_bal_acc_std": 0.03891533492315168,
      "test_f1_mean": 0.350952468290499,
      "test_f1_std": 0.03957493006289152,
      "test_kappa_mean": 0.09333333333333331,
      "test_kappa_std": 0.05837300238472753,
      "confusion_matrix": [
        [
          28.666666666666664,
          10.0,
          61.333333333333336
        ],
        [
          65.99999999999999,
          12.0,
          22.0
        ],
        [
          16.666666666666664,
          5.333333333333334,
          78.0
        ]
      ]
    },
    {
      "participant": "3232",
      "n_seeds": 10,
      "test_acc_mean": 0.4288888888888889,
      "test_acc_std": 0.03636425987743282,
      "test_bal_acc_mean": 0.4288888888888889,
      "test_bal_acc_std": 0.03636425987743283,
      "test_f1_mean": 0.3387994067654613,
      "test_f1_std": 0.03585039301451998,
      "test_kappa_mean": 0.1433333333333333,
      "test_kappa_std": 0.05454638981614924,
      "confusion_matrix": [
        [
          92.0,
          8.0,
          0.0
        ],
        [
          57.333333333333336,
          0.6666666666666667,
          42.0
        ],
        [
          55.33333333333333,
          8.666666666666668,
          36.0
        ]
      ]
    },
    {
      "participant": "3233",
      "n_seeds": 10,
      "test_acc_mean": 0.4355555555555556,
      "test_acc_std": 0.028109134757052266,
      "test_bal_acc_mean": 0.4355555555555556,
      "test_bal_acc_std": 0.028109134757052245,
      "test_f1_mean": 0.3389547597182389,
      "test_f1_std": 0.03876590569212837,
      "test_kappa_mean": 0.15333333333333327,
      "test_kappa_std": 0.04216370213557839,
      "confusion_matrix": [
        [
          99.33333333333333,
          0.6666666666666667,
          0.0
        ],
        [
          64.66666666666667,
          30.666666666666668,
          4.666666666666666
        ],
        [
          97.33333333333334,
          2.0,
          0.6666666666666667
        ]
      ]
    },
    {
      "participant": "3234",
      "n_seeds": 10,
      "test_acc_mean": 0.4488888888888889,
      "test_acc_std": 0.04163990910386725,
      "test_bal_acc_mean": 0.4488888888888889,
      "test_bal_acc_std": 0.04163990910386725,
      "test_f1_mean": 0.4015058638410795,
      "test_f1_std": 0.061169419154758466,
      "test_kappa_mean": 0.17333333333333328,
      "test_kappa_std": 0.06245986365580088,
      "confusion_matrix": [
        [
          26.666666666666668,
          2.0,
          71.33333333333333
        ],
        [
          2.0,
          19.333333333333336,
          78.66666666666666
        ],
        [
          5.333333333333334,
          5.999999999999999,
          88.66666666666669
        ]
      ]
    },
    {
      "participant": "3235",
      "n_seeds": 10,
      "test_acc_mean": 0.5227272727272727,
      "test_acc_std": 0.050251890762960626,
      "test_bal_acc_mean": 0.5315873015873016,
      "test_bal_acc_std": 0.050186238075825805,
      "test_f1_mean": 0.45019413127785796,
      "test_f1_std": 0.035532416022632116,
      "test_kappa_mean": 0.293160086347528,
      "test_kappa_std": 0.07428916304473755,
      "confusion_matrix": [
        [
          92.14285714285714,
          2.8571428571428568,
          5.0
        ],
        [
          25.333333333333332,
          65.99999999999999,
          8.666666666666668
        ],
        [
          96.66666666666667,
          2.0,
          1.3333333333333335
        ]
      ]
    },
    {
      "participant": "3236",
      "n_seeds": 10,
      "test_acc_mean": 0.7432432432432433,
      "test_acc_std": 0.04809494708122213,
      "test_bal_acc_mean": 0.7685714285714286,
      "test_bal_acc_std": 0.06456674262745753,
      "test_f1_mean": 0.7426766216002003,
      "test_f1_std": 0.04569090629426851,
      "test_kappa_mean": 0.6123657654279988,
      "test_kappa_std": 0.07354355783133662,
      "confusion_matrix": [
        [
          56.0,
          23.333333333333336,
          20.666666666666668
        ],
        [
          4.285714285714286,
          88.57142857142857,
          7.1428571428571415
        ],
        [
          1.3333333333333335,
          12.666666666666668,
          85.99999999999999
        ]
      ]
    },
    {
      "participant": "3237",
      "n_seeds": 10,
      "test_acc_mean": 0.3880952380952381,
      "test_acc_std": 0.04634540101795692,
      "test_bal_acc_mean": 0.3927777777777778,
      "test_bal_acc_std": 0.044525389252266456,
      "test_f1_mean": 0.33193904000820906,
      "test_f1_std": 0.06810038938425686,
      "test_kappa_mean": 0.07858523425045899,
      "test_kappa_std": 0.07010188669274149,
      "confusion_matrix": [
        [
          64.66666666666666,
          35.33333333333333,
          0.0
        ],
        [
          50.83333333333333,
          45.83333333333334,
          3.333333333333333
        ],
        [
          81.33333333333334,
          11.333333333333332,
          7.333333333333333
        ]
      ]
    },
    {
      "participant": "3238",
      "n_seeds": 10,
      "test_acc_mean": 0.40444444444444444,
      "test_acc_std": 0.06267909867053682,
      "test_bal_acc_mean": 0.40444444444444444,
      "test_bal_acc_std": 0.06267909867053681,
      "test_f1_mean": 0.3052949070465468,
      "test_f1_std": 0.10054427098335889,
      "test_kappa_mean": 0.10666666666666665,
      "test_kappa_std": 0.09401864800580524,
      "confusion_matrix": [
        [
          96.66666666666667,
          2.666666666666667,
          0.6666666666666667
        ],
        [
          86.0,
          11.333333333333332,
          2.666666666666667
        ],
        [
          75.33333333333334,
          11.333333333333334,
          13.333333333333332
        ]
      ]
    },
    {
      "participant": "3239",
      "n_seeds": 10,
      "test_acc_mean": 0.7175,
      "test_acc_std": 0.06460349147771435,
      "test_bal_acc_mean": 0.7319480519480519,
      "test_bal_acc_std": 0.06056704119678698,
      "test_f1_mean": 0.7107311948724492,
      "test_f1_std": 0.06436386859900789,
      "test_kappa_mean": 0.580998785221215,
      "test_kappa_std": 0.09337951492221078,
      "confusion_matrix": [
        [
          74.0,
          8.000000000000002,
          18.0
        ],
        [
          17.142857142857142,
          52.857142857142854,
          29.999999999999993
        ],
        [
          2.7272727272727275,
          4.545454545454546,
          92.72727272727272
        ]
      ]
    },
    {
      "participant": "3240",
      "n_seeds": 10,
      "test_acc_mean": 0.5790697674418605,
      "test_acc_std": 0.07863537769250084,
      "test_bal_acc_mean": 0.584126984126984,
      "test_bal_acc_std": 0.07593652563217573,
      "test_f1_mean": 0.5593585177912941,
      "test_f1_std": 0.10101687102570668,
      "test_kappa_mean": 0.3715484468210096,
      "test_kappa_std": 0.1158025419639268,
      "confusion_matrix": [
        [
          67.14285714285714,
          13.57142857142857,
          19.285714285714285
        ],
        [
          54.0,
          36.666666666666664,
          9.333333333333332
        ],
        [
          16.428571428571423,
          12.142857142857142,
          71.42857142857142
        ]
      ]
    },
    {
      "participant": "3241",
      "n_seeds": 10,
      "test_acc_mean": 0.2711111111111111,
      "test_acc_std": 0.06608802377243099,
      "test_bal_acc_mean": 0.2711111111111111,
      "test_bal_acc_std": 0.06608802377243099,
      "test_f1_mean": 0.28072960292021437,
      "test_f1_std": 0.06623234177167432,
      "test_kappa_mean": -0.09333333333333332,
      "test_kappa_std": 0.09913203565864652,
      "confusion_matrix": [
        [
          36.666666666666664,
          8.666666666666668,
          54.666666666666664
        ],
        [
          42.666666666666664,
          34.66666666666667,
          22.666666666666664
        ],
        [
          88.66666666666666,
          1.3333333333333335,
          10.0
        ]
      ]
    },
    {
      "participant": "3242",
      "n_seeds": 10,
      "test_acc_mean": 0.3711111111111111,
      "test_acc_std": 0.052430632204996705,
      "test_bal_acc_mean": 0.3711111111111111,
      "test_bal_acc_std": 0.0524306322049967,
      "test_f1_mean": 0.35247698451481624,
      "test_f1_std": 0.05033742301876996,
      "test_kappa_mean": 0.05666666666666663,
      "test_kappa_std": 0.07864594830749506,
      "confusion_matrix": [
        [
          23.333333333333332,
          17.333333333333332,
          59.333333333333336
        ],
        [
          20.666666666666664,
          59.333333333333336,
          20.0
        ],
        [
          6.666666666666666,
          64.66666666666666,
          28.666666666666668
        ]
      ]
    },
    {
      "participant": "3243",
      "n_seeds": 10,
      "test_acc_mean": 0.6568181818181819,
      "test_acc_std": 0.029242816766089037,
      "test_bal_acc_mean": 0.6423809523809523,
      "test_bal_acc_std": 0.028473769998919065,
      "test_f1_mean": 0.5474371382451713,
      "test_f1_std": 0.024425968858818058,
      "test_kappa_mean": 0.4793535495368994,
      "test_kappa_std": 0.04433503110693747,
      "confusion_matrix": [
        [
          0.7142857142857142,
          87.85714285714286,
          11.428571428571427
        ],
        [
          0.0,
          96.0,
          4.0
        ],
        [
          0.0,
          4.0,
          96.0
        ]
      ]
    },
    {
      "participant": "3244",
      "n_seeds": 10,
      "test_acc_mean": 0.35555555555555557,
      "test_acc_std": 0.04800548665487304,
      "test_bal_acc_mean": 0.35555555555555557,
      "test_bal_acc_std": 0.048005486654873024,
      "test_f1_mean": 0.3262297803898674,
      "test_f1_std": 0.059901864214166614,
      "test_kappa_mean": 0.03333333333333329,
      "test_kappa_std": 0.07200822998230959,
      "confusion_matrix": [
        [
          37.33333333333333,
          20.666666666666668,
          42.0
        ],
        [
          8.666666666666668,
          9.333333333333332,
          82.0
        ],
        [
          25.333333333333332,
          14.666666666666668,
          60.0
        ]
      ]
    },
    {
      "participant": "3245",
      "n_seeds": 10,
      "test_acc_mean": 0.4790697674418604,
      "test_acc_std": 0.052804298809074106,
      "test_bal_acc_mean": 0.46290598290598284,
      "test_bal_acc_std": 0.05048960375821565,
      "test_f1_mean": 0.44502241300100404,
      "test_f1_std": 0.06814992378672619,
      "test_kappa_mean": 0.20706948772099132,
      "test_kappa_std": 0.08086334893239726,
      "confusion_matrix": [
        [
          76.66666666666667,
          23.333333333333332,
          0.0
        ],
        [
          23.333333333333332,
          50.66666666666667,
          26.0
        ],
        [
          18.46153846153846,
          70.0,
          11.538461538461538
        ]
      ]
    },
    {
      "participant": "3246",
      "n_seeds": 10,
      "test_acc_mean": 0.3488888888888889,
      "test_acc_std": 0.04196804584952681,
      "test_bal_acc_mean": 0.34888888888888886,
      "test_bal_acc_std": 0.04196804584952678,
      "test_f1_mean": 0.2989886215649729,
      "test_f1_std": 0.033480813474709006,
      "test_kappa_mean": 0.023333333333333352,
      "test_kappa_std": 0.06295206877429019,
      "confusion_matrix": [
        [
          61.33333333333333,
          6.666666666666667,
          31.999999999999993
        ],
        [
          0.0,
          0.0,
          100.0
        ],
        [
          48.666666666666664,
          8.0,
          43.33333333333333
        ]
      ]
    },
    {
      "participant": "3247",
      "n_seeds": 10,
      "test_acc_mean": 0.5,
      "test_acc_std": 0.05158662324883006,
      "test_bal_acc_mean": 0.5,
      "test_bal_acc_std": 0.051586623248830094,
      "test_f1_mean": 0.4704168548963989,
      "test_f1_std": 0.062291700474531225,
      "test_kappa_mean": 0.25,
      "test_kappa_std": 0.07737993487324517,
      "confusion_matrix": [
        [
          70.66666666666666,
          24.666666666666664,
          4.666666666666666
        ],
        [
          22.666666666666664,
          62.66666666666667,
          14.666666666666668
        ],
        [
          8.000000000000002,
          75.33333333333334,
          16.666666666666668
        ]
      ]
    },
    {
      "participant": "3248",
      "n_seeds": 10,
      "test_acc_mean": 0.5704545454545455,
      "test_acc_std": 0.012901050277216983,
      "test_bal_acc_mean": 0.5784126984126983,
      "test_bal_acc_std": 0.012614360271056597,
      "test_f1_mean": 0.46119145122632005,
      "test_f1_std": 0.009221246111058927,
      "test_kappa_mean": 0.36012612392668836,
      "test_kappa_std": 0.0185913816356031,
      "confusion_matrix": [
        [
          92.85714285714288,
          7.142857142857141,
          0.0
        ],
        [
          51.333333333333336,
          0.0,
          48.666666666666664
        ],
        [
          19.333333333333336,
          0.0,
          80.66666666666666
        ]
      ]
    },
    {
      "participant": "3249",
      "n_seeds": 10,
      "test_acc_mean": 0.34,
      "test_acc_std": 0.050294059842275425,
      "test_bal_acc_mean": 0.33999999999999997,
      "test_bal_acc_std": 0.05029405984227542,
      "test_f1_mean": 0.30804408021905355,
      "test_f1_std": 0.05752250047656729,
      "test_kappa_mean": 0.009999999999999986,
      "test_kappa_std": 0.07544108976341313,
      "confusion_matrix": [
        [
          64.66666666666666,
          32.666666666666664,
          2.666666666666667
        ],
        [
          80.0,
          16.666666666666668,
          3.3333333333333335
        ],
        [
          55.333333333333336,
          23.999999999999996,
          20.666666666666664
        ]
      ]
    },
    {
      "participant": "3250",
      "n_seeds": 10,
      "test_acc_mean": 0.2666666666666667,
      "test_acc_std": 0.05132002392796673,
      "test_bal_acc_mean": 0.2666666666666667,
      "test_bal_acc_std": 0.05132002392796674,
      "test_f1_mean": 0.26620288483623816,
      "test_f1_std": 0.0432628551767169,
      "test_kappa_mean": -0.10000000000000005,
      "test_kappa_std": 0.07698003589195007,
      "confusion_matrix": [
        [
          22.666666666666664,
          57.999999999999986,
          19.333333333333336
        ],
        [
          9.333333333333332,
          9.333333333333336,
          81.33333333333334
        ],
        [
          0.6666666666666667,
          51.333333333333336,
          47.99999999999999
        ]
      ]
    }
  ],
  "selected_features": [
    "head_rotation_rad_p25",
    "head_tx_p75",
    "head_tx_autocorr1",
    "head_ty_min",
    "head_ty_max",
    "head_ty_rms",
    "head_ty_p75",
    "head_ty_autocorr1",
    "head_scalex_min",
    "head_scalex_rms",
    "head_scalex_p75",
    "head_scaley_min",
    "head_scaley_p75",
    "head_scaley_autocorr1",
    "head_motion_mag_rms",
    "blink_aperture_max",
    "blink_aperture_p75",
    "mouth_aperture_max",
    "mouth_aperture_p25",
    "pupil_dx_p75",
    "pupil_dy_max",
    "head_rotation_rad_vel_p75",
    "head_rotation_rad_acc_max",
    "head_tx_vel_autocorr1",
    "head_scaley_vel_median",
    "head_scaley_vel_autocorr1",
    "head_motion_mag_vel_autocorr1",
    "head_motion_mag_acc_median",
    "head_motion_mag_acc_p75",
    "blink_aperture_vel_max",
    "blink_aperture_vel_autocorr1",
    "blink_aperture_acc_p75",
    "mouth_aperture_vel_min",
    "mouth_aperture_acc_median",
    "pct_missing",
    "mean_vel",
    "fix_mean_dur",
    "blink_mean_dur",
    "blink_rate",
    "sac_rate"
  ],
  "n_participants": 43,
  "n_seeds": 10,
  "n_features": 40,
  "timestamp": "2025-10-17T15:50:46.228750"
}