{
  "name": "pose_eye_ecg",
  "config": {
    "n_seeds": 10,
    "feature_selection": "backward",
    "use_pca": false,
    "pca_variance": 0.95,
    "write_cm": true,
    "tune_hyperparameters": false,
    "tune_n_iter": 30,
    "tune_cv_folds": 5,
    "use_pose_derivatives": true,
    "use_time_features": false,
    "class_config": "all",
    "include_order": false,
    "name": "pose_eye_ecg",
    "feature_groups": [
      "pose",
      "eye_tracking",
      "ecg"
    ],
    "split_strategy": "lopo"
  },
  "metrics": {
    "test_acc_mean": 0.4054057748197895,
    "test_acc_std": 0.1346820324627189,
    "test_bal_acc_mean": 0.40525221854169224,
    "test_bal_acc_std": 0.1342742828449441,
    "test_f1_mean": 0.34079230156808776,
    "test_f1_std": 0.13605975865375525,
    "test_kappa_mean": 0.1075104841307318,
    "test_kappa_std": 0.18381535110739847
  },
  "confusion_matrix": [
    [
      48.09022556390977,
      20.04385964912281,
      26.60275689223057
    ],
    [
      32.35463659147869,
      28.4047619047619,
      36.60902255639097
    ],
    [
      32.08593161224739,
      24.605320118478012,
      43.30874826927457
    ]
  ],
  "participant_results": [
    {
      "participant": "3208",
      "n_seeds": 10,
      "test_acc_mean": 0.39555555555555555,
      "test_acc_std": 0.029256915049083697,
      "test_bal_acc_mean": 0.39555555555555555,
      "test_bal_acc_std": 0.029256915049083693,
      "test_f1_mean": 0.2997170818005021,
      "test_f1_std": 0.035122350683639204,
      "test_kappa_mean": 0.09333333333333334,
      "test_kappa_std": 0.04388537257362554,
      "confusion_matrix": [
        [
          20.666666666666664,
          28.666666666666668,
          50.66666666666667
        ],
        [
          0.0,
          0.0,
          100.0
        ],
        [
          0.0,
          2.0,
          98.0
        ]
      ]
    },
    {
      "participant": "3209",
      "n_seeds": 10,
      "test_acc_mean": 0.29999999999999993,
      "test_acc_std": 0.03833063830507127,
      "test_bal_acc_mean": 0.3133333333333333,
      "test_bal_acc_std": 0.03904030559118866,
      "test_f1_mean": 0.16836432374403984,
      "test_f1_std": 0.045905783984417685,
      "test_kappa_mean": -0.02831701771788505,
      "test_kappa_std": 0.056617933973765674,
      "confusion_matrix": [
        [
          3.3333333333333335,
          0.6666666666666667,
          96.0
        ],
        [
          0.0,
          0.6666666666666667,
          99.33333333333333
        ],
        [
          0.7142857142857142,
          9.285714285714285,
          90.0
        ]
      ]
    },
    {
      "participant": "3210",
      "n_seeds": 10,
      "test_acc_mean": 0.4866666666666667,
      "test_acc_std": 0.023306863292670024,
      "test_bal_acc_mean": 0.4866666666666667,
      "test_bal_acc_std": 0.023306863292670024,
      "test_f1_mean": 0.3272022551092319,
      "test_f1_std": 0.01077402380790768,
      "test_kappa_mean": -0.016129032258064502,
      "test_kappa_std": 0.031349203735727395,
      "confusion_matrix": [
        [
          0.0,
          0.0,
          0.0
        ],
        [
          0.0,
          0.0,
          100.0
        ],
        [
          2.0,
          0.6666666666666667,
          97.33333333333334
        ]
      ]
    },
    {
      "participant": "3214",
      "n_seeds": 10,
      "test_acc_mean": 0.6955555555555556,
      "test_acc_std": 0.05346691091146249,
      "test_bal_acc_mean": 0.6955555555555556,
      "test_bal_acc_std": 0.05346691091146249,
      "test_f1_mean": 0.6920148387461337,
      "test_f1_std": 0.052780241884276824,
      "test_kappa_mean": 0.5433333333333333,
      "test_kappa_std": 0.08020036636719373,
      "confusion_matrix": [
        [
          78.0,
          9.333333333333334,
          12.666666666666668
        ],
        [
          14.0,
          59.33333333333333,
          26.666666666666664
        ],
        [
          14.666666666666668,
          14.0,
          71.33333333333334
        ]
      ]
    },
    {
      "participant": "3215",
      "n_seeds": 10,
      "test_acc_mean": 0.3977777777777778,
      "test_acc_std": 0.007027283689263075,
      "test_bal_acc_mean": 0.3977777777777777,
      "test_bal_acc_std": 0.007027283689263059,
      "test_f1_mean": 0.2829792534073521,
      "test_f1_std": 0.011290767537462285,
      "test_kappa_mean": 0.09666666666666665,
      "test_kappa_std": 0.010540925533894595,
      "confusion_matrix": [
        [
          100.0,
          0.0,
          0.0
        ],
        [
          100.0,
          0.0,
          0.0
        ],
        [
          80.66666666666666,
          0.0,
          19.333333333333336
        ]
      ]
    },
    {
      "participant": "3216",
      "n_seeds": 10,
      "test_acc_mean": 0.4441860465116279,
      "test_acc_std": 0.037096080973660156,
      "test_bal_acc_mean": 0.44051282051282054,
      "test_bal_acc_std": 0.0395348807229265,
      "test_f1_mean": 0.35279853649341225,
      "test_f1_std": 0.04183987242894902,
      "test_kappa_mean": 0.1598469792094646,
      "test_kappa_std": 0.05787195140617244,
      "confusion_matrix": [
        [
          91.99999999999999,
          1.3333333333333335,
          6.666666666666667
        ],
        [
          69.33333333333333,
          4.0,
          26.666666666666664
        ],
        [
          58.46153846153845,
          5.384615384615385,
          36.15384615384615
        ]
      ]
    },
    {
      "participant": "3217",
      "n_seeds": 10,
      "test_acc_mean": 0.47555555555555545,
      "test_acc_std": 0.07922810048664258,
      "test_bal_acc_mean": 0.47555555555555545,
      "test_bal_acc_std": 0.07922810048664258,
      "test_f1_mean": 0.46490139812121833,
      "test_f1_std": 0.07934827258529316,
      "test_kappa_mean": 0.21333333333333337,
      "test_kappa_std": 0.11884215072996389,
      "confusion_matrix": [
        [
          43.99999999999999,
          27.333333333333332,
          28.666666666666664
        ],
        [
          19.333333333333332,
          41.333333333333336,
          39.33333333333333
        ],
        [
          1.3333333333333335,
          41.333333333333336,
          57.33333333333335
        ]
      ]
    },
    {
      "participant": "3218",
      "n_seeds": 10,
      "test_acc_mean": 0.5088888888888888,
      "test_acc_std": 0.06744402749682986,
      "test_bal_acc_mean": 0.5088888888888888,
      "test_bal_acc_std": 0.06744402749682984,
      "test_f1_mean": 0.41725547884482417,
      "test_f1_std": 0.05828899296032435,
      "test_kappa_mean": 0.2633333333333333,
      "test_kappa_std": 0.1011660412452448,
      "confusion_matrix": [
        [
          0.0,
          7.333333333333334,
          92.66666666666666
        ],
        [
          0.0,
          75.33333333333333,
          24.666666666666668
        ],
        [
          0.0,
          22.666666666666668,
          77.33333333333331
        ]
      ]
    },
    {
      "participant": "3219",
      "n_seeds": 10,
      "test_acc_mean": 0.6790697674418605,
      "test_acc_std": 0.037658783880592614,
      "test_bal_acc_mean": 0.6792063492063491,
      "test_bal_acc_std": 0.03816461935908554,
      "test_f1_mean": 0.6529626989154096,
      "test_f1_std": 0.04989410330877663,
      "test_kappa_mean": 0.5183520686817656,
      "test_kappa_std": 0.05680912664879008,
      "confusion_matrix": [
        [
          99.28571428571429,
          0.0,
          0.7142857142857142
        ],
        [
          29.285714285714285,
          37.14285714285714,
          33.57142857142857
        ],
        [
          26.666666666666664,
          6.0,
          67.33333333333333
        ]
      ]
    },
    {
      "participant": "3220",
      "n_seeds": 10,
      "test_acc_mean": 0.45777777777777773,
      "test_acc_std": 0.03658989343771399,
      "test_bal_acc_mean": 0.45777777777777773,
      "test_bal_acc_std": 0.03658989343771399,
      "test_f1_mean": 0.36982785176453875,
      "test_f1_std": 0.030808145040719093,
      "test_kappa_mean": 0.18666666666666668,
      "test_kappa_std": 0.05488484015657098,
      "confusion_matrix": [
        [
          60.000000000000014,
          1.3333333333333335,
          38.66666666666667
        ],
        [
          59.33333333333333,
          0.6666666666666667,
          39.99999999999999
        ],
        [
          22.0,
          1.3333333333333335,
          76.66666666666666
        ]
      ]
    },
    {
      "participant": "3221",
      "n_seeds": 10,
      "test_acc_mean": 0.20888888888888885,
      "test_acc_std": 0.07783066984630338,
      "test_bal_acc_mean": 0.20888888888888885,
      "test_bal_acc_std": 0.07783066984630338,
      "test_f1_mean": 0.20786109899040933,
      "test_f1_std": 0.06859216738606871,
      "test_kappa_mean": -0.18666666666666665,
      "test_kappa_std": 0.11674600476945506,
      "confusion_matrix": [
        [
          22.0,
          68.0,
          10.000000000000002
        ],
        [
          24.666666666666664,
          2.0,
          73.33333333333333
        ],
        [
          9.333333333333334,
          52.0,
          38.66666666666667
        ]
      ]
    },
    {
      "participant": "3223",
      "n_seeds": 10,
      "test_acc_mean": 0.03333333333333334,
      "test_acc_std": 0.026189140043946204,
      "test_bal_acc_mean": 0.03333333333333334,
      "test_bal_acc_std": 0.026189140043946204,
      "test_f1_mean": 0.03392570943619543,
      "test_f1_std": 0.028697628049212113,
      "test_kappa_mean": -0.45,
      "test_kappa_std": 0.03928371006591927,
      "confusion_matrix": [
        [
          2.0,
          0.6666666666666667,
          97.33333333333334
        ],
        [
          92.66666666666666,
          4.666666666666666,
          2.666666666666667
        ],
        [
          49.333333333333336,
          47.33333333333333,
          3.3333333333333335
        ]
      ]
    },
    {
      "participant": "3224",
      "n_seeds": 10,
      "test_acc_mean": 0.5633333333333332,
      "test_acc_std": 0.03990729999126214,
      "test_bal_acc_mean": 0.5376984126984127,
      "test_bal_acc_std": 0.05314926085413872,
      "test_f1_mean": 0.4668232561624543,
      "test_f1_std": 0.07338979932587278,
      "test_kappa_mean": 0.22288406093000712,
      "test_kappa_std": 0.07755796920543434,
      "confusion_matrix": [
        [
          55.0,
          40.0,
          5.0
        ],
        [
          0.7142857142857142,
          97.14285714285714,
          2.142857142857143
        ],
        [
          0.0,
          90.83333333333333,
          9.166666666666664
        ]
      ]
    },
    {
      "participant": "3225",
      "n_seeds": 10,
      "test_acc_mean": 0.3466666666666667,
      "test_acc_std": 0.026084173128383722,
      "test_bal_acc_mean": 0.3466666666666667,
      "test_bal_acc_std": 0.026084173128383712,
      "test_f1_mean": 0.24689586725411536,
      "test_f1_std": 0.052831872777478445,
      "test_kappa_mean": 0.020000000000000007,
      "test_kappa_std": 0.03912625969257555,
      "confusion_matrix": [
        [
          8.0,
          10.000000000000004,
          82.0
        ],
        [
          4.666666666666666,
          7.333333333333334,
          87.99999999999999
        ],
        [
          0.0,
          11.333333333333334,
          88.66666666666666
        ]
      ]
    },
    {
      "participant": "3226",
      "n_seeds": 10,
      "test_acc_mean": 0.4044444444444445,
      "test_acc_std": 0.03279399054989429,
      "test_bal_acc_mean": 0.4044444444444445,
      "test_bal_acc_std": 0.03279399054989431,
      "test_f1_mean": 0.3307598807381572,
      "test_f1_std": 0.03546624559944528,
      "test_kappa_mean": 0.10666666666666665,
      "test_kappa_std": 0.04919098582484143,
      "confusion_matrix": [
        [
          38.666666666666664,
          51.33333333333333,
          10.000000000000002
        ],
        [
          14.666666666666668,
          82.0,
          3.3333333333333335
        ],
        [
          6.666666666666666,
          92.66666666666667,
          0.6666666666666667
        ]
      ]
    },
    {
      "participant": "3227",
      "n_seeds": 10,
      "test_acc_mean": 0.3466666666666667,
      "test_acc_std": 0.018739423171368178,
      "test_bal_acc_mean": 0.3466666666666667,
      "test_bal_acc_std": 0.018739423171368178,
      "test_f1_mean": 0.19823248963199802,
      "test_f1_std": 0.036641144891630985,
      "test_kappa_mean": 0.020000000000000007,
      "test_kappa_std": 0.02810913475705223,
      "confusion_matrix": [
        [
          99.33333333333334,
          0.0,
          0.6666666666666667
        ],
        [
          100.0,
          0.0,
          0.0
        ],
        [
          88.0,
          7.333333333333334,
          4.666666666666667
        ]
      ]
    },
    {
      "participant": "3228",
      "n_seeds": 10,
      "test_acc_mean": 0.25111111111111106,
      "test_acc_std": 0.043255707616759786,
      "test_bal_acc_mean": 0.25111111111111106,
      "test_bal_acc_std": 0.04325570761675981,
      "test_f1_mean": 0.143969130658366,
      "test_f1_std": 0.032243534867973093,
      "test_kappa_mean": -0.12333333333333336,
      "test_kappa_std": 0.06488356142513971,
      "confusion_matrix": [
        [
          0.0,
          0.0,
          100.0
        ],
        [
          4.666666666666666,
          2.666666666666667,
          92.66666666666667
        ],
        [
          2.666666666666667,
          24.666666666666664,
          72.66666666666666
        ]
      ]
    },
    {
      "participant": "3229",
      "n_seeds": 10,
      "test_acc_mean": 0.3377777777777778,
      "test_acc_std": 0.06267909867053682,
      "test_bal_acc_mean": 0.3377777777777778,
      "test_bal_acc_std": 0.06267909867053682,
      "test_f1_mean": 0.32596449599323163,
      "test_f1_std": 0.052114276769706154,
      "test_kappa_mean": 0.0066666666666666315,
      "test_kappa_std": 0.09401864800580523,
      "confusion_matrix": [
        [
          56.666666666666664,
          19.333333333333336,
          24.0
        ],
        [
          38.666666666666664,
          10.0,
          51.333333333333336
        ],
        [
          7.333333333333333,
          57.999999999999986,
          34.666666666666664
        ]
      ]
    },
    {
      "participant": "3230",
      "n_seeds": 10,
      "test_acc_mean": 0.4844444444444444,
      "test_acc_std": 0.05002057189965668,
      "test_bal_acc_mean": 0.4844444444444444,
      "test_bal_acc_std": 0.050020571899656696,
      "test_f1_mean": 0.4323367053905315,
      "test_f1_std": 0.051620611841132584,
      "test_kappa_mean": 0.22666666666666663,
      "test_kappa_std": 0.07503085784948509,
      "confusion_matrix": [
        [
          76.66666666666667,
          12.666666666666666,
          10.666666666666668
        ],
        [
          27.333333333333336,
          59.999999999999986,
          12.666666666666668
        ],
        [
          54.666666666666664,
          36.66666666666667,
          8.666666666666668
        ]
      ]
    },
    {
      "participant": "3232",
      "n_seeds": 10,
      "test_acc_mean": 0.3955555555555556,
      "test_acc_std": 0.04030065335921612,
      "test_bal_acc_mean": 0.3955555555555556,
      "test_bal_acc_std": 0.04030065335921613,
      "test_f1_mean": 0.33109803299967216,
      "test_f1_std": 0.03634759832788493,
      "test_kappa_mean": 0.09333333333333335,
      "test_kappa_std": 0.06045098003882416,
      "confusion_matrix": [
        [
          81.33333333333334,
          18.0,
          0.6666666666666667
        ],
        [
          73.33333333333331,
          2.666666666666667,
          24.000000000000004
        ],
        [
          55.33333333333333,
          10.0,
          34.666666666666664
        ]
      ]
    },
    {
      "participant": "3233",
      "n_seeds": 10,
      "test_acc_mean": 0.4111111111111111,
      "test_acc_std": 0.021596118129056666,
      "test_bal_acc_mean": 0.4111111111111111,
      "test_bal_acc_std": 0.021596118129056673,
      "test_f1_mean": 0.3052704872449281,
      "test_f1_std": 0.034053488815544944,
      "test_kappa_mean": 0.11666666666666661,
      "test_kappa_std": 0.032394177193584964,
      "confusion_matrix": [
        [
          98.0,
          2.0,
          0.0
        ],
        [
          72.0,
          24.666666666666668,
          3.3333333333333335
        ],
        [
          89.33333333333333,
          9.999999999999998,
          0.6666666666666667
        ]
      ]
    },
    {
      "participant": "3234",
      "n_seeds": 10,
      "test_acc_mean": 0.3577777777777778,
      "test_acc_std": 0.04737267246020588,
      "test_bal_acc_mean": 0.3577777777777778,
      "test_bal_acc_std": 0.04737267246020587,
      "test_f1_mean": 0.3009375016108762,
      "test_f1_std": 0.03436557926477233,
      "test_kappa_mean": 0.03666666666666667,
      "test_kappa_std": 0.07105900869030875,
      "confusion_matrix": [
        [
          57.33333333333333,
          23.333333333333332,
          19.333333333333332
        ],
        [
          34.66666666666667,
          0.6666666666666667,
          64.66666666666667
        ],
        [
          50.0,
          0.6666666666666667,
          49.33333333333333
        ]
      ]
    },
    {
      "participant": "3235",
      "n_seeds": 10,
      "test_acc_mean": 0.3295454545454546,
      "test_acc_std": 0.0374980868811048,
      "test_bal_acc_mean": 0.34238095238095234,
      "test_bal_acc_std": 0.037607474090183196,
      "test_f1_mean": 0.21526392043755727,
      "test_f1_std": 0.04587071334331893,
      "test_kappa_mean": 0.011100668047152451,
      "test_kappa_std": 0.05565226159028488,
      "confusion_matrix": [
        [
          90.71428571428572,
          0.0,
          9.285714285714283
        ],
        [
          70.0,
          1.3333333333333335,
          28.666666666666668
        ],
        [
          89.33333333333331,
          0.0,
          10.666666666666666
        ]
      ]
    },
    {
      "participant": "3236",
      "n_seeds": 10,
      "test_acc_mean": 0.4918918918918919,
      "test_acc_std": 0.04732946139302232,
      "test_bal_acc_mean": 0.5542857142857143,
      "test_bal_acc_std": 0.04549526210553885,
      "test_f1_mean": 0.4738373379818407,
      "test_f1_std": 0.05837060632004626,
      "test_kappa_mean": 0.27605186084035266,
      "test_kappa_std": 0.058888124249874434,
      "confusion_matrix": [
        [
          23.333333333333336,
          41.99999999999999,
          34.666666666666664
        ],
        [
          0.0,
          84.28571428571428,
          15.714285714285712
        ],
        [
          0.6666666666666667,
          40.66666666666667,
          58.666666666666664
        ]
      ]
    },
    {
      "participant": "3237",
      "n_seeds": 10,
      "test_acc_mean": 0.36428571428571427,
      "test_acc_std": 0.03731002943981955,
      "test_bal_acc_mean": 0.34555555555555556,
      "test_bal_acc_std": 0.04172218523448575,
      "test_f1_mean": 0.24019337882000324,
      "test_f1_std": 0.04525915809996639,
      "test_kappa_mean": 0.017723238232359405,
      "test_kappa_std": 0.060017924925138806,
      "confusion_matrix": [
        [
          93.33333333333333,
          6.666666666666667,
          0.0
        ],
        [
          69.99999999999999,
          8.333333333333332,
          21.666666666666664
        ],
        [
          94.0,
          4.0,
          2.0
        ]
      ]
    },
    {
      "participant": "3238",
      "n_seeds": 10,
      "test_acc_mean": 0.5444444444444444,
      "test_acc_std": 0.04941357060787532,
      "test_bal_acc_mean": 0.5444444444444445,
      "test_bal_acc_std": 0.04941357060787532,
      "test_f1_mean": 0.5320434302430908,
      "test_f1_std": 0.060174390499787636,
      "test_kappa_mean": 0.3166666666666667,
      "test_kappa_std": 0.07412035591181297,
      "confusion_matrix": [
        [
          56.0,
          4.666666666666667,
          39.33333333333333
        ],
        [
          48.666666666666664,
          38.0,
          13.333333333333334
        ],
        [
          12.666666666666668,
          17.999999999999996,
          69.33333333333333
        ]
      ]
    },
    {
      "participant": "3239",
      "n_seeds": 10,
      "test_acc_mean": 0.5025000000000001,
      "test_acc_std": 0.049230184959139764,
      "test_bal_acc_mean": 0.48138528138528136,
      "test_bal_acc_std": 0.057296425186545395,
      "test_f1_mean": 0.4152862532225585,
      "test_f1_std": 0.06880210266591308,
      "test_kappa_mean": 0.21790809819699652,
      "test_kappa_std": 0.0821440542713903,
      "confusion_matrix": [
        [
          100.0,
          0.0,
          0.0
        ],
        [
          92.14285714285714,
          7.1428571428571415,
          0.7142857142857142
        ],
        [
          57.27272727272727,
          5.454545454545455,
          37.272727272727266
        ]
      ]
    },
    {
      "participant": "3240",
      "n_seeds": 10,
      "test_acc_mean": 0.5488372093023257,
      "test_acc_std": 0.0668646779933266,
      "test_bal_acc_mean": 0.5425396825396825,
      "test_bal_acc_std": 0.06780253483063048,
      "test_f1_mean": 0.5283848323258453,
      "test_f1_std": 0.07473037943004307,
      "test_kappa_mean": 0.3173960392053943,
      "test_kappa_std": 0.10224547537308587,
      "confusion_matrix": [
        [
          33.57142857142857,
          37.857142857142854,
          28.571428571428573
        ],
        [
          11.333333333333332,
          81.33333333333334,
          7.333333333333333
        ],
        [
          0.7142857142857142,
          51.42857142857143,
          47.857142857142854
        ]
      ]
    },
    {
      "participant": "3241",
      "n_seeds": 10,
      "test_acc_mean": 0.37333333333333335,
      "test_acc_std": 0.0899931410280737,
      "test_bal_acc_mean": 0.37333333333333335,
      "test_bal_acc_std": 0.0899931410280737,
      "test_f1_mean": 0.3794893584950589,
      "test_f1_std": 0.08863123448091048,
      "test_kappa_mean": 0.05999999999999998,
      "test_kappa_std": 0.13498971154211062,
      "confusion_matrix": [
        [
          41.33333333333333,
          18.0,
          40.66666666666666
        ],
        [
          37.33333333333333,
          48.666666666666664,
          14.0
        ],
        [
          78.0,
          0.0,
          22.0
        ]
      ]
    },
    {
      "participant": "3242",
      "n_seeds": 10,
      "test_acc_mean": 0.3688888888888889,
      "test_acc_std": 0.0839360916990536,
      "test_bal_acc_mean": 0.3688888888888889,
      "test_bal_acc_std": 0.0839360916990536,
      "test_f1_mean": 0.2907959195035386,
      "test_f1_std": 0.06556258996611065,
      "test_kappa_mean": 0.05333333333333331,
      "test_kappa_std": 0.12590413754858037,
      "confusion_matrix": [
        [
          0.0,
          39.333333333333336,
          60.666666666666664
        ],
        [
          0.0,
          67.33333333333334,
          32.66666666666667
        ],
        [
          0.0,
          56.666666666666664,
          43.33333333333333
        ]
      ]
    },
    {
      "participant": "3243",
      "n_seeds": 10,
      "test_acc_mean": 0.5795454545454547,
      "test_acc_std": 0.045769113536343074,
      "test_bal_acc_mean": 0.5666666666666667,
      "test_bal_acc_std": 0.044752022124424355,
      "test_f1_mean": 0.482963518942812,
      "test_f1_std": 0.04315049479958164,
      "test_kappa_mean": 0.36206896551724144,
      "test_kappa_std": 0.06944279295169298,
      "confusion_matrix": [
        [
          0.0,
          100.0,
          0.0
        ],
        [
          0.0,
          77.99999999999999,
          22.000000000000004
        ],
        [
          0.0,
          8.0,
          92.0
        ]
      ]
    },
    {
      "participant": "3244",
      "n_seeds": 10,
      "test_acc_mean": 0.30444444444444446,
      "test_acc_std": 0.044506130031999415,
      "test_bal_acc_mean": 0.30444444444444446,
      "test_bal_acc_std": 0.044506130031999415,
      "test_f1_mean": 0.25801974159375907,
      "test_f1_std": 0.056927876560434944,
      "test_kappa_mean": -0.043333333333333376,
      "test_kappa_std": 0.06675919504799915,
      "confusion_matrix": [
        [
          8.666666666666668,
          40.66666666666666,
          50.666666666666664
        ],
        [
          23.333333333333332,
          16.666666666666668,
          60.0
        ],
        [
          14.666666666666666,
          19.333333333333332,
          66.0
        ]
      ]
    },
    {
      "participant": "3245",
      "n_seeds": 10,
      "test_acc_mean": 0.40232558139534885,
      "test_acc_std": 0.03110450022905253,
      "test_bal_acc_mean": 0.3909401709401709,
      "test_bal_acc_std": 0.03019459188248529,
      "test_f1_mean": 0.2951147527675596,
      "test_f1_std": 0.04370685830041995,
      "test_kappa_mean": 0.09581409572058126,
      "test_kappa_std": 0.04691993553541228,
      "confusion_matrix": [
        [
          98.00000000000001,
          2.0,
          0.0
        ],
        [
          47.33333333333333,
          4.666666666666666,
          47.99999999999999
        ],
        [
          80.76923076923077,
          4.615384615384615,
          14.615384615384617
        ]
      ]
    },
    {
      "participant": "3246",
      "n_seeds": 10,
      "test_acc_mean": 0.29333333333333333,
      "test_acc_std": 0.053209733321682884,
      "test_bal_acc_mean": 0.29333333333333333,
      "test_bal_acc_std": 0.05320973332168288,
      "test_f1_mean": 0.2580724733616856,
      "test_f1_std": 0.04487458295086346,
      "test_kappa_mean": -0.06000000000000001,
      "test_kappa_std": 0.07981459998252431,
      "confusion_matrix": [
        [
          54.0,
          7.333333333333333,
          38.66666666666667
        ],
        [
          0.0,
          0.6666666666666667,
          99.33333333333334
        ],
        [
          53.33333333333333,
          13.333333333333332,
          33.33333333333333
        ]
      ]
    },
    {
      "participant": "3247",
      "n_seeds": 10,
      "test_acc_mean": 0.3622222222222222,
      "test_acc_std": 0.09430999871349177,
      "test_bal_acc_mean": 0.3622222222222222,
      "test_bal_acc_std": 0.09430999871349179,
      "test_f1_mean": 0.3324141261495459,
      "test_f1_std": 0.08428452348213937,
      "test_kappa_mean": 0.04333333333333335,
      "test_kappa_std": 0.14146499807023769,
      "confusion_matrix": [
        [
          33.33333333333333,
          47.33333333333333,
          19.333333333333336
        ],
        [
          5.333333333333333,
          59.33333333333333,
          35.33333333333333
        ],
        [
          33.33333333333333,
          50.66666666666667,
          15.999999999999996
        ]
      ]
    },
    {
      "participant": "3248",
      "n_seeds": 10,
      "test_acc_mean": 0.4954545454545455,
      "test_acc_std": 0.05226723730503133,
      "test_bal_acc_mean": 0.5006349206349207,
      "test_bal_acc_std": 0.05420737563616419,
      "test_f1_mean": 0.41829987012908887,
      "test_f1_std": 0.0344207566838584,
      "test_kappa_mean": 0.244031705695776,
      "test_kappa_std": 0.07945345477392082,
      "confusion_matrix": [
        [
          72.85714285714286,
          27.14285714285714,
          0.0
        ],
        [
          20.666666666666664,
          0.0,
          79.33333333333334
        ],
        [
          20.0,
          2.666666666666667,
          77.33333333333334
        ]
      ]
    },
    {
      "participant": "3249",
      "n_seeds": 10,
      "test_acc_mean": 0.09333333333333334,
      "test_acc_std": 0.08432740427115679,
      "test_bal_acc_mean": 0.09333333333333334,
      "test_bal_acc_std": 0.08432740427115679,
      "test_f1_mean": 0.16146800825593394,
      "test_f1_std": 0.13381810812882136,
      "test_kappa_mean": 0.0,
      "test_kappa_std": 0.0,
      "confusion_matrix": [
        [
          0.0,
          0.0,
          0.0
        ],
        [
          0.0,
          0.0,
          0.0
        ],
        [
          59.33333333333333,
          31.333333333333332,
          9.333333333333332
        ]
      ]
    },
    {
      "participant": "3250",
      "n_seeds": 10,
      "test_acc_mean": 0.3688888888888889,
      "test_acc_std": 0.03505825056651625,
      "test_bal_acc_mean": 0.3688888888888889,
      "test_bal_acc_std": 0.03505825056651624,
      "test_f1_mean": 0.3163621642998584,
      "test_f1_std": 0.06235720263074694,
      "test_kappa_mean": 0.05333333333333332,
      "test_kappa_std": 0.05258737584977437,
      "confusion_matrix": [
        [
          29.999999999999993,
          67.33333333333333,
          2.666666666666667
        ],
        [
          24.0,
          71.33333333333334,
          4.666666666666667
        ],
        [
          6.0,
          84.66666666666666,
          9.333333333333332
        ]
      ]
    }
  ],
  "selected_features": [
    "head_rotation_rad_min",
    "head_rotation_rad_rms",
    "head_rotation_rad_median",
    "head_rotation_rad_p25",
    "head_rotation_rad_p75",
    "head_rotation_rad_autocorr1",
    "head_tx_std",
    "head_tx_median",
    "head_tx_p75",
    "head_tx_autocorr1",
    "head_ty_min",
    "head_ty_max",
    "head_ty_rms",
    "head_ty_std",
    "head_ty_p75",
    "head_ty_autocorr1",
    "head_scalex_min",
    "head_scalex_rms",
    "head_scalex_autocorr1",
    "head_scaley_min",
    "head_scaley_p75",
    "head_scaley_autocorr1",
    "head_motion_mag_min",
    "head_motion_mag_rms",
    "head_motion_mag_p75",
    "head_motion_mag_autocorr1",
    "blink_aperture_min",
    "blink_aperture_max",
    "blink_aperture_p25",
    "blink_aperture_p75",
    "mouth_aperture_min",
    "mouth_aperture_mean",
    "mouth_aperture_p25",
    "mouth_aperture_p75",
    "pupil_dx_mean",
    "pupil_dx_p25",
    "pupil_dx_p75",
    "pupil_dy_median",
    "pupil_metric_p25",
    "pupil_metric_autocorr1",
    "head_rotation_rad_vel_mean",
    "head_rotation_rad_vel_autocorr1",
    "head_rotation_rad_acc_max",
    "head_tx_vel_median",
    "head_tx_vel_p25",
    "head_tx_acc_p75",
    "head_ty_vel_max",
    "head_ty_vel_median",
    "head_ty_vel_autocorr1",
    "head_ty_acc_autocorr1",
    "head_scalex_vel_median",
    "head_scalex_vel_autocorr1",
    "head_scalex_acc_median",
    "head_scalex_acc_autocorr1",
    "head_scaley_vel_min",
    "head_scaley_vel_mean",
    "head_scaley_vel_std",
    "head_scaley_vel_median",
    "head_scaley_vel_p25",
    "head_scaley_vel_autocorr1",
    "head_scaley_acc_mean",
    "head_scaley_acc_median",
    "head_motion_mag_vel_median",
    "head_motion_mag_vel_autocorr1",
    "head_motion_mag_acc_std",
    "head_motion_mag_acc_median",
    "head_motion_mag_acc_autocorr1",
    "blink_aperture_vel_min",
    "blink_aperture_vel_mean",
    "blink_aperture_vel_median",
    "blink_aperture_vel_p75",
    "blink_aperture_vel_autocorr1",
    "blink_aperture_acc_min",
    "blink_aperture_acc_mean",
    "blink_aperture_acc_std",
    "blink_aperture_acc_autocorr1",
    "mouth_aperture_vel_min",
    "mouth_aperture_acc_min",
    "mouth_aperture_acc_max",
    "mouth_aperture_acc_median",
    "mouth_aperture_acc_p75",
    "pupil_dx_acc_max",
    "pupil_dx_acc_mean",
    "pupil_dx_acc_std",
    "pupil_dy_acc_min",
    "pupil_dy_acc_max",
    "pupil_dy_acc_autocorr1",
    "pupil_metric_vel_max",
    "pupil_metric_vel_median",
    "pupil_metric_vel_autocorr1",
    "pupil_metric_acc_max",
    "pupil_metric_acc_std",
    "pupil_metric_acc_median",
    "pupil_metric_acc_autocorr1",
    "pct_missing",
    "mean_vel",
    "max_vel",
    "mean_acc",
    "rms_disp",
    "fix_mean_dur",
    "blink_mean_dur",
    "blink_rate",
    "sac_rate",
    "HRV_MeanNN",
    "HRV_MedianNN",
    "HRV_Prc80NN",
    "HRV_pNN50",
    "HRV_pNN20",
    "HRV_MinNN",
    "HRV_MaxNN",
    "HRV_VHF",
    "HRV_LFHF",
    "HRV_LnHF",
    "HRV_SD1SD2",
    "HRV_PSS",
    "HRV_PAS",
    "HRV_SI",
    "HRV_AI",
    "HRV_C1a",
    "HRV_C2a",
    "HRV_DFA_alpha1",
    "HRV_MFDFA_alpha1_Max",
    "HRV_MFDFA_alpha1_Asymmetry",
    "HRV_ShanEn",
    "HRV_FuzzyEn"
  ],
  "n_participants": 38,
  "n_seeds": 10,
  "n_features": 125,
  "timestamp": "2025-10-17T16:44:37.117648"
}