{
  "name": "pose_gsr_ecg",
  "config": {
    "n_seeds": 10,
    "feature_selection": "backward",
    "use_pca": false,
    "pca_variance": 0.95,
    "write_cm": true,
    "tune_hyperparameters": false,
    "tune_n_iter": 30,
    "tune_cv_folds": 5,
    "use_pose_derivatives": true,
    "use_time_features": false,
    "class_config": "all",
    "include_order": false,
    "name": "pose_gsr_ecg",
    "feature_groups": [
      "pose",
      "gsr",
      "ecg"
    ],
    "split_strategy": "lopo"
  },
  "metrics": {
    "test_acc_mean": 0.36771020539152766,
    "test_acc_std": 0.10522443294776378,
    "test_bal_acc_mean": 0.3653322700691122,
    "test_bal_acc_std": 0.10635890647791142,
    "test_f1_mean": 0.29166187833907803,
    "test_f1_std": 0.11817754873705173,
    "test_kappa_mean": 0.054639187987671416,
    "test_kappa_std": 0.15475809701344234
  },
  "confusion_matrix": [
    [
      45.57894736842104,
      21.219298245614038,
      30.5701754385965
    ],
    [
      31.8421052631579,
      26.736842105263158,
      38.78947368421053
    ],
    [
      35.18341307814992,
      28.059011164274317,
      36.75757575757577
    ]
  ],
  "participant_results": [
    {
      "participant": "3208",
      "n_seeds": 10,
      "test_acc_mean": 0.39777777777777773,
      "test_acc_std": 0.04499657051403685,
      "test_bal_acc_mean": 0.39777777777777773,
      "test_bal_acc_std": 0.04499657051403685,
      "test_f1_mean": 0.28489499447902433,
      "test_f1_std": 0.052417446714700694,
      "test_kappa_mean": 0.09666666666666666,
      "test_kappa_std": 0.06749485577105532,
      "confusion_matrix": [
        [
          0.0,
          60.000000000000014,
          40.0
        ],
        [
          0.0,
          24.0,
          76.0
        ],
        [
          0.0,
          4.666666666666667,
          95.33333333333333
        ]
      ]
    },
    {
      "participant": "3209",
      "n_seeds": 10,
      "test_acc_mean": 0.39333333333333337,
      "test_acc_std": 0.08767692283807586,
      "test_bal_acc_mean": 0.39333333333333337,
      "test_bal_acc_std": 0.08767692283807586,
      "test_f1_mean": 0.388597026748541,
      "test_f1_std": 0.09664101409213384,
      "test_kappa_mean": 0.08999999999999997,
      "test_kappa_std": 0.13151538425711382,
      "confusion_matrix": [
        [
          37.33333333333333,
          3.3333333333333335,
          59.333333333333336
        ],
        [
          0.0,
          23.333333333333332,
          76.66666666666667
        ],
        [
          4.0,
          38.66666666666667,
          57.33333333333333
        ]
      ]
    },
    {
      "participant": "3210",
      "n_seeds": 10,
      "test_acc_mean": 0.33333333333333337,
      "test_acc_std": 0.010475656017578484,
      "test_bal_acc_mean": 0.33333333333333337,
      "test_bal_acc_std": 0.010475656017578484,
      "test_f1_mean": 0.17139830508474577,
      "test_f1_std": 0.014373391946005435,
      "test_kappa_mean": -1.1102230246251566e-17,
      "test_kappa_std": 0.015713484026367745,
      "confusion_matrix": [
        [
          0.6666666666666667,
          0.0,
          99.33333333333333
        ],
        [
          2.666666666666667,
          0.0,
          97.33333333333334
        ],
        [
          0.6666666666666667,
          0.0,
          99.33333333333333
        ]
      ]
    },
    {
      "participant": "3214",
      "n_seeds": 10,
      "test_acc_mean": 0.591111111111111,
      "test_acc_std": 0.0421637021355784,
      "test_bal_acc_mean": 0.591111111111111,
      "test_bal_acc_std": 0.042163702135578386,
      "test_f1_mean": 0.5841240665144263,
      "test_f1_std": 0.04671409789620714,
      "test_kappa_mean": 0.3866666666666667,
      "test_kappa_std": 0.06324555320336757,
      "confusion_matrix": [
        [
          52.666666666666664,
          0.6666666666666667,
          46.66666666666667
        ],
        [
          16.666666666666668,
          51.999999999999986,
          31.333333333333332
        ],
        [
          10.666666666666666,
          16.666666666666664,
          72.66666666666666
        ]
      ]
    },
    {
      "participant": "3215",
      "n_seeds": 10,
      "test_acc_mean": 0.34222222222222226,
      "test_acc_std": 0.011475506210984955,
      "test_bal_acc_mean": 0.34222222222222226,
      "test_bal_acc_std": 0.011475506210984955,
      "test_f1_mean": 0.1924282464497346,
      "test_f1_std": 0.02138727940153203,
      "test_kappa_mean": 0.013333333333333319,
      "test_kappa_std": 0.01721325931647744,
      "confusion_matrix": [
        [
          2.666666666666667,
          2.0,
          95.33333333333334
        ],
        [
          2.0,
          1.3333333333333335,
          96.66666666666666
        ],
        [
          0.6666666666666667,
          0.6666666666666667,
          98.66666666666667
        ]
      ]
    },
    {
      "participant": "3216",
      "n_seeds": 10,
      "test_acc_mean": 0.2333333333333333,
      "test_acc_std": 0.04829038818668629,
      "test_bal_acc_mean": 0.2333333333333333,
      "test_bal_acc_std": 0.048290388186686295,
      "test_f1_mean": 0.12551853310729316,
      "test_f1_std": 0.021348348809504543,
      "test_kappa_mean": -0.15000000000000005,
      "test_kappa_std": 0.07243558228002944,
      "confusion_matrix": [
        [
          70.0,
          10.666666666666668,
          19.333333333333336
        ],
        [
          100.0,
          0.0,
          0.0
        ],
        [
          99.33333333333333,
          0.6666666666666667,
          0.0
        ]
      ]
    },
    {
      "participant": "3217",
      "n_seeds": 10,
      "test_acc_mean": 0.3377777777777778,
      "test_acc_std": 0.01752912528325812,
      "test_bal_acc_mean": 0.3377777777777778,
      "test_bal_acc_std": 0.01752912528325812,
      "test_f1_mean": 0.17868621148050107,
      "test_f1_std": 0.029235897633049374,
      "test_kappa_mean": 0.006666666666666654,
      "test_kappa_std": 0.026293687924887208,
      "confusion_matrix": [
        [
          99.33333333333333,
          0.6666666666666667,
          0.0
        ],
        [
          98.00000000000001,
          2.0,
          0.0
        ],
        [
          100.0,
          0.0,
          0.0
        ]
      ]
    },
    {
      "participant": "3218",
      "n_seeds": 10,
      "test_acc_mean": 0.5,
      "test_acc_std": 0.04941357060787531,
      "test_bal_acc_mean": 0.5,
      "test_bal_acc_std": 0.04941357060787531,
      "test_f1_mean": 0.4550784017207681,
      "test_f1_std": 0.05915881714520444,
      "test_kappa_mean": 0.25,
      "test_kappa_std": 0.074120355911813,
      "confusion_matrix": [
        [
          17.999999999999996,
          69.33333333333334,
          12.666666666666666
        ],
        [
          4.0,
          43.33333333333333,
          52.666666666666664
        ],
        [
          0.0,
          11.333333333333336,
          88.66666666666667
        ]
      ]
    },
    {
      "participant": "3219",
      "n_seeds": 10,
      "test_acc_mean": 0.4625,
      "test_acc_std": 0.02946278254943948,
      "test_bal_acc_mean": 0.4311111111111111,
      "test_bal_acc_std": 0.038059948381230016,
      "test_f1_mean": 0.36901302052581747,
      "test_f1_std": 0.040326038088500084,
      "test_kappa_mean": 0.16610426573677387,
      "test_kappa_std": 0.04846888258792748,
      "confusion_matrix": [
        [
          100.0,
          0.0,
          0.0
        ],
        [
          58.666666666666664,
          11.333333333333332,
          30.0
        ],
        [
          82.0,
          0.0,
          18.0
        ]
      ]
    },
    {
      "participant": "3220",
      "n_seeds": 10,
      "test_acc_mean": 0.3511111111111111,
      "test_acc_std": 0.04419684115607792,
      "test_bal_acc_mean": 0.3511111111111111,
      "test_bal_acc_std": 0.04419684115607791,
      "test_f1_mean": 0.2993909417477426,
      "test_f1_std": 0.05785547654075672,
      "test_kappa_mean": 0.02666666666666665,
      "test_kappa_std": 0.06629526173411687,
      "confusion_matrix": [
        [
          64.66666666666667,
          13.333333333333332,
          21.999999999999996
        ],
        [
          83.33333333333333,
          4.666666666666667,
          12.0
        ],
        [
          54.0,
          10.000000000000002,
          35.99999999999999
        ]
      ]
    },
    {
      "participant": "3221",
      "n_seeds": 10,
      "test_acc_mean": 0.29555555555555557,
      "test_acc_std": 0.048062602066691364,
      "test_bal_acc_mean": 0.29555555555555557,
      "test_bal_acc_std": 0.04806260206669135,
      "test_f1_mean": 0.25832095121817905,
      "test_f1_std": 0.03708702663998375,
      "test_kappa_mean": -0.05666666666666674,
      "test_kappa_std": 0.07209390310003706,
      "confusion_matrix": [
        [
          52.0,
          21.999999999999996,
          26.0
        ],
        [
          56.0,
          0.0,
          44.00000000000001
        ],
        [
          39.33333333333333,
          24.000000000000004,
          36.666666666666664
        ]
      ]
    },
    {
      "participant": "3223",
      "n_seeds": 10,
      "test_acc_mean": 0.2955555555555555,
      "test_acc_std": 0.0524306322049967,
      "test_bal_acc_mean": 0.2955555555555555,
      "test_bal_acc_std": 0.0524306322049967,
      "test_f1_mean": 0.20344715671162814,
      "test_f1_std": 0.027070236163316046,
      "test_kappa_mean": -0.056666666666666685,
      "test_kappa_std": 0.07864594830749506,
      "confusion_matrix": [
        [
          0.0,
          0.0,
          100.0
        ],
        [
          11.333333333333334,
          88.66666666666667,
          0.0
        ],
        [
          0.0,
          100.0,
          0.0
        ]
      ]
    },
    {
      "participant": "3224",
      "n_seeds": 10,
      "test_acc_mean": 0.5599999999999999,
      "test_acc_std": 0.06440611887195308,
      "test_bal_acc_mean": 0.5599999999999999,
      "test_bal_acc_std": 0.06440611887195308,
      "test_f1_mean": 0.4765655985697971,
      "test_f1_std": 0.09135380378951466,
      "test_kappa_mean": 0.33999999999999997,
      "test_kappa_std": 0.09660917830792957,
      "confusion_matrix": [
        [
          82.0,
          16.666666666666668,
          1.3333333333333335
        ],
        [
          20.666666666666668,
          78.66666666666667,
          0.6666666666666667
        ],
        [
          35.999999999999986,
          56.666666666666664,
          7.333333333333333
        ]
      ]
    },
    {
      "participant": "3225",
      "n_seeds": 10,
      "test_acc_mean": 0.2311111111111111,
      "test_acc_std": 0.03805994838123001,
      "test_bal_acc_mean": 0.2311111111111111,
      "test_bal_acc_std": 0.038059948381230016,
      "test_f1_mean": 0.21587457376335242,
      "test_f1_std": 0.04026318394129311,
      "test_kappa_mean": -0.15333333333333335,
      "test_kappa_std": 0.05708992257184502,
      "confusion_matrix": [
        [
          15.999999999999996,
          5.333333333333334,
          78.66666666666667
        ],
        [
          15.333333333333334,
          12.0,
          72.66666666666666
        ],
        [
          0.0,
          58.666666666666664,
          41.33333333333333
        ]
      ]
    },
    {
      "participant": "3226",
      "n_seeds": 10,
      "test_acc_mean": 0.4177777777777778,
      "test_acc_std": 0.029256915049083683,
      "test_bal_acc_mean": 0.4177777777777777,
      "test_bal_acc_std": 0.029256915049083697,
      "test_f1_mean": 0.31122176589393363,
      "test_f1_std": 0.04408062529641679,
      "test_kappa_mean": 0.12666666666666662,
      "test_kappa_std": 0.04388537257362554,
      "confusion_matrix": [
        [
          25.333333333333332,
          72.66666666666666,
          2.0
        ],
        [
          0.0,
          100.0,
          0.0
        ],
        [
          0.0,
          100.0,
          0.0
        ]
      ]
    },
    {
      "participant": "3227",
      "n_seeds": 10,
      "test_acc_mean": 0.29333333333333333,
      "test_acc_std": 0.04293741258130204,
      "test_bal_acc_mean": 0.29333333333333333,
      "test_bal_acc_std": 0.04293741258130204,
      "test_f1_mean": 0.15766853466908928,
      "test_f1_std": 0.028681310691029333,
      "test_kappa_mean": -0.06,
      "test_kappa_std": 0.06440611887195305,
      "confusion_matrix": [
        [
          86.66666666666667,
          0.0,
          13.333333333333334
        ],
        [
          100.0,
          0.0,
          0.0
        ],
        [
          98.66666666666666,
          0.0,
          1.3333333333333335
        ]
      ]
    },
    {
      "participant": "3228",
      "n_seeds": 10,
      "test_acc_mean": 0.15,
      "test_acc_std": 0.05105203241514896,
      "test_bal_acc_mean": 0.12,
      "test_bal_acc_std": 0.04084162593211917,
      "test_f1_mean": 0.12216232603448533,
      "test_f1_std": 0.039625541246606395,
      "test_kappa_mean": -0.4350174403799575,
      "test_kappa_std": 0.08616822853511526,
      "confusion_matrix": [
        [
          0.0,
          4.999999999999999,
          95.00000000000001
        ],
        [
          1.3333333333333335,
          6.666666666666667,
          92.0
        ],
        [
          7.333333333333334,
          63.33333333333333,
          29.333333333333332
        ]
      ]
    },
    {
      "participant": "3229",
      "n_seeds": 10,
      "test_acc_mean": 0.2511111111111111,
      "test_acc_std": 0.029722077996650192,
      "test_bal_acc_mean": 0.2511111111111111,
      "test_bal_acc_std": 0.029722077996650186,
      "test_f1_mean": 0.27243903345496634,
      "test_f1_std": 0.03881477092550696,
      "test_kappa_mean": -0.12333333333333336,
      "test_kappa_std": 0.0445831169949753,
      "confusion_matrix": [
        [
          31.999999999999993,
          45.33333333333333,
          22.666666666666664
        ],
        [
          0.0,
          31.999999999999993,
          67.99999999999999
        ],
        [
          0.0,
          88.66666666666667,
          11.333333333333334
        ]
      ]
    },
    {
      "participant": "3230",
      "n_seeds": 10,
      "test_acc_mean": 0.5422222222222222,
      "test_acc_std": 0.1022114862853946,
      "test_bal_acc_mean": 0.5422222222222223,
      "test_bal_acc_std": 0.10221148628539466,
      "test_f1_mean": 0.5283261190683904,
      "test_f1_std": 0.1069017546288627,
      "test_kappa_mean": 0.3133333333333333,
      "test_kappa_std": 0.15331722942809192,
      "confusion_matrix": [
        [
          76.00000000000001,
          4.666666666666667,
          19.333333333333336
        ],
        [
          17.333333333333336,
          39.33333333333333,
          43.33333333333333
        ],
        [
          29.333333333333332,
          23.333333333333332,
          47.33333333333333
        ]
      ]
    },
    {
      "participant": "3232",
      "n_seeds": 10,
      "test_acc_mean": 0.38222222222222224,
      "test_acc_std": 0.035985060152566285,
      "test_bal_acc_mean": 0.3822222222222222,
      "test_bal_acc_std": 0.035985060152566264,
      "test_f1_mean": 0.293596788372359,
      "test_f1_std": 0.05964092954619847,
      "test_kappa_mean": 0.07333333333333336,
      "test_kappa_std": 0.053977590228849376,
      "confusion_matrix": [
        [
          90.66666666666667,
          4.666666666666666,
          4.666666666666666
        ],
        [
          80.00000000000001,
          6.666666666666667,
          13.333333333333332
        ],
        [
          65.99999999999999,
          16.666666666666664,
          17.333333333333336
        ]
      ]
    },
    {
      "participant": "3233",
      "n_seeds": 10,
      "test_acc_mean": 0.2711111111111111,
      "test_acc_std": 0.03598506015256628,
      "test_bal_acc_mean": 0.2711111111111111,
      "test_bal_acc_std": 0.03598506015256628,
      "test_f1_mean": 0.21307197053800747,
      "test_f1_std": 0.04390716728351241,
      "test_kappa_mean": -0.09333333333333335,
      "test_kappa_std": 0.05397759022884941,
      "confusion_matrix": [
        [
          68.0,
          14.666666666666668,
          17.333333333333336
        ],
        [
          57.33333333333333,
          7.333333333333334,
          35.33333333333333
        ],
        [
          60.666666666666664,
          33.33333333333333,
          5.999999999999999
        ]
      ]
    },
    {
      "participant": "3234",
      "n_seeds": 10,
      "test_acc_mean": 0.4022222222222222,
      "test_acc_std": 0.04963515723778061,
      "test_bal_acc_mean": 0.4022222222222222,
      "test_bal_acc_std": 0.04963515723778062,
      "test_f1_mean": 0.3386963990413734,
      "test_f1_std": 0.0519494891469372,
      "test_kappa_mean": 0.10333333333333332,
      "test_kappa_std": 0.07445273585667093,
      "confusion_matrix": [
        [
          51.999999999999986,
          0.6666666666666667,
          47.333333333333336
        ],
        [
          33.33333333333333,
          4.666666666666666,
          62.0
        ],
        [
          31.333333333333332,
          4.666666666666667,
          63.999999999999986
        ]
      ]
    },
    {
      "participant": "3235",
      "n_seeds": 10,
      "test_acc_mean": 0.31333333333333335,
      "test_acc_std": 0.022098420578038954,
      "test_bal_acc_mean": 0.31333333333333335,
      "test_bal_acc_std": 0.02209842057803895,
      "test_f1_mean": 0.18549257793748045,
      "test_f1_std": 0.012856660062385132,
      "test_kappa_mean": -0.030000000000000047,
      "test_kappa_std": 0.033147630867058464,
      "confusion_matrix": [
        [
          92.0,
          0.0,
          8.0
        ],
        [
          55.33333333333333,
          0.0,
          44.66666666666667
        ],
        [
          98.00000000000001,
          0.0,
          2.0
        ]
      ]
    },
    {
      "participant": "3236",
      "n_seeds": 10,
      "test_acc_mean": 0.38,
      "test_acc_std": 0.03386408726122211,
      "test_bal_acc_mean": 0.38,
      "test_bal_acc_std": 0.03386408726122209,
      "test_f1_mean": 0.276051266191915,
      "test_f1_std": 0.04246703194351465,
      "test_kappa_mean": 0.06999999999999998,
      "test_kappa_std": 0.050796130891833144,
      "confusion_matrix": [
        [
          5.333333333333333,
          70.66666666666666,
          23.999999999999996
        ],
        [
          2.0,
          94.0,
          4.0
        ],
        [
          0.0,
          85.33333333333334,
          14.666666666666666
        ]
      ]
    },
    {
      "participant": "3237",
      "n_seeds": 10,
      "test_acc_mean": 0.2733333333333333,
      "test_acc_std": 0.04196804584952681,
      "test_bal_acc_mean": 0.2733333333333333,
      "test_bal_acc_std": 0.04196804584952681,
      "test_f1_mean": 0.1812934894671976,
      "test_f1_std": 0.038415687399526756,
      "test_kappa_mean": -0.09000000000000001,
      "test_kappa_std": 0.06295206877429024,
      "confusion_matrix": [
        [
          71.99999999999999,
          26.0,
          2.0
        ],
        [
          90.00000000000001,
          10.000000000000002,
          0.0
        ],
        [
          83.33333333333333,
          16.666666666666668,
          0.0
        ]
      ]
    },
    {
      "participant": "3238",
      "n_seeds": 10,
      "test_acc_mean": 0.4666666666666667,
      "test_acc_std": 0.039196315719475405,
      "test_bal_acc_mean": 0.4666666666666667,
      "test_bal_acc_std": 0.03919631571947541,
      "test_f1_mean": 0.4582543209501139,
      "test_f1_std": 0.038879515690273675,
      "test_kappa_mean": 0.19999999999999996,
      "test_kappa_std": 0.05879447357921315,
      "confusion_matrix": [
        [
          56.0,
          2.666666666666667,
          41.33333333333333
        ],
        [
          31.333333333333325,
          33.99999999999999,
          34.666666666666664
        ],
        [
          3.3333333333333335,
          46.66666666666667,
          49.999999999999986
        ]
      ]
    },
    {
      "participant": "3239",
      "n_seeds": 10,
      "test_acc_mean": 0.3804878048780488,
      "test_acc_std": 0.01705380240927076,
      "test_bal_acc_mean": 0.35151515151515156,
      "test_bal_acc_std": 0.021188057538790946,
      "test_f1_mean": 0.2286542725567116,
      "test_f1_std": 0.0299197721109322,
      "test_kappa_mean": 0.025202318174698347,
      "test_kappa_std": 0.029336246112775886,
      "confusion_matrix": [
        [
          100.0,
          0.0,
          0.0
        ],
        [
          100.0,
          0.0,
          0.0
        ],
        [
          83.63636363636365,
          10.90909090909091,
          5.454545454545455
        ]
      ]
    },
    {
      "participant": "3240",
      "n_seeds": 10,
      "test_acc_mean": 0.41111111111111115,
      "test_acc_std": 0.07124216319137536,
      "test_bal_acc_mean": 0.4111111111111111,
      "test_bal_acc_std": 0.07124216319137536,
      "test_f1_mean": 0.3026191931714125,
      "test_f1_std": 0.07995502708280698,
      "test_kappa_mean": 0.11666666666666663,
      "test_kappa_std": 0.10686324478706304,
      "confusion_matrix": [
        [
          0.0,
          56.666666666666664,
          43.33333333333333
        ],
        [
          0.0,
          31.333333333333332,
          68.66666666666666
        ],
        [
          0.0,
          8.0,
          92.0
        ]
      ]
    },
    {
      "participant": "3241",
      "n_seeds": 10,
      "test_acc_mean": 0.4822222222222222,
      "test_acc_std": 0.06112794380971187,
      "test_bal_acc_mean": 0.4822222222222222,
      "test_bal_acc_std": 0.06112794380971187,
      "test_f1_mean": 0.4887490366682033,
      "test_f1_std": 0.05843554039637982,
      "test_kappa_mean": 0.2233333333333333,
      "test_kappa_std": 0.09169191571456783,
      "confusion_matrix": [
        [
          49.33333333333333,
          10.0,
          40.666666666666664
        ],
        [
          15.333333333333334,
          60.0,
          24.666666666666668
        ],
        [
          58.666666666666664,
          6.0,
          35.33333333333333
        ]
      ]
    },
    {
      "participant": "3242",
      "n_seeds": 10,
      "test_acc_mean": 0.4533333333333333,
      "test_acc_std": 0.04216370213557838,
      "test_bal_acc_mean": 0.4533333333333333,
      "test_bal_acc_std": 0.04216370213557838,
      "test_f1_mean": 0.37148101779949994,
      "test_f1_std": 0.05724809210477627,
      "test_kappa_mean": 0.18,
      "test_kappa_std": 0.0632455532033676,
      "confusion_matrix": [
        [
          38.66666666666667,
          17.333333333333332,
          44.0
        ],
        [
          0.0,
          0.6666666666666667,
          99.33333333333334
        ],
        [
          2.666666666666667,
          0.6666666666666667,
          96.66666666666666
        ]
      ]
    },
    {
      "participant": "3243",
      "n_seeds": 10,
      "test_acc_mean": 0.32,
      "test_acc_std": 0.04216370213557839,
      "test_bal_acc_mean": 0.32,
      "test_bal_acc_std": 0.042163702135578386,
      "test_f1_mean": 0.20789727327442872,
      "test_f1_std": 0.04003547436145165,
      "test_kappa_mean": -0.020000000000000018,
      "test_kappa_std": 0.06324555320336758,
      "confusion_matrix": [
        [
          0.0,
          97.33333333333333,
          2.666666666666667
        ],
        [
          0.0,
          82.66666666666667,
          17.333333333333336
        ],
        [
          2.0,
          84.66666666666669,
          13.333333333333334
        ]
      ]
    },
    {
      "participant": "3244",
      "n_seeds": 10,
      "test_acc_mean": 0.34444444444444444,
      "test_acc_std": 0.011712139482105127,
      "test_bal_acc_mean": 0.34444444444444444,
      "test_bal_acc_std": 0.011712139482105127,
      "test_f1_mean": 0.19792780780094163,
      "test_f1_std": 0.020174951952708024,
      "test_kappa_mean": 0.01666666666666663,
      "test_kappa_std": 0.01756820922315767,
      "confusion_matrix": [
        [
          0.0,
          21.999999999999996,
          78.0
        ],
        [
          4.666666666666666,
          3.3333333333333335,
          92.0
        ],
        [
          0.0,
          0.0,
          100.0
        ]
      ]
    },
    {
      "participant": "3245",
      "n_seeds": 10,
      "test_acc_mean": 0.4377777777777778,
      "test_acc_std": 0.0524306322049967,
      "test_bal_acc_mean": 0.4377777777777777,
      "test_bal_acc_std": 0.052430632204996705,
      "test_f1_mean": 0.3504890097342789,
      "test_f1_std": 0.08591513687680975,
      "test_kappa_mean": 0.15666666666666665,
      "test_kappa_std": 0.07864594830749509,
      "confusion_matrix": [
        [
          99.33333333333334,
          0.6666666666666667,
          0.0
        ],
        [
          41.999999999999986,
          12.666666666666666,
          45.33333333333333
        ],
        [
          70.0,
          10.666666666666666,
          19.333333333333336
        ]
      ]
    },
    {
      "participant": "3246",
      "n_seeds": 10,
      "test_acc_mean": 0.38222222222222224,
      "test_acc_std": 0.08752032881624847,
      "test_bal_acc_mean": 0.38222222222222224,
      "test_bal_acc_std": 0.08752032881624845,
      "test_f1_mean": 0.33348701172430856,
      "test_f1_std": 0.06931364701317667,
      "test_kappa_mean": 0.07333333333333333,
      "test_kappa_std": 0.13128049322437269,
      "confusion_matrix": [
        [
          35.99999999999999,
          25.999999999999993,
          38.0
        ],
        [
          0.0,
          0.0,
          100.0
        ],
        [
          4.0,
          17.333333333333336,
          78.66666666666666
        ]
      ]
    },
    {
      "participant": "3247",
      "n_seeds": 10,
      "test_acc_mean": 0.4022222222222222,
      "test_acc_std": 0.0354473662637197,
      "test_bal_acc_mean": 0.4022222222222222,
      "test_bal_acc_std": 0.035447366263719686,
      "test_f1_mean": 0.32480736418990697,
      "test_f1_std": 0.03917332106202182,
      "test_kappa_mean": 0.10333333333333335,
      "test_kappa_std": 0.053171049395579546,
      "confusion_matrix": [
        [
          78.0,
          22.0,
          0.0
        ],
        [
          57.333333333333336,
          42.0,
          0.6666666666666667
        ],
        [
          89.33333333333333,
          10.0,
          0.6666666666666667
        ]
      ]
    },
    {
      "participant": "3248",
      "n_seeds": 10,
      "test_acc_mean": 0.45777777777777773,
      "test_acc_std": 0.04708221802095022,
      "test_bal_acc_mean": 0.45777777777777773,
      "test_bal_acc_std": 0.04708221802095024,
      "test_f1_mean": 0.3963890587972904,
      "test_f1_std": 0.04625852198288602,
      "test_kappa_mean": 0.18666666666666665,
      "test_kappa_std": 0.07062332703142535,
      "confusion_matrix": [
        [
          79.33333333333333,
          3.3333333333333335,
          17.333333333333336
        ],
        [
          54.0,
          7.999999999999998,
          38.0
        ],
        [
          32.0,
          18.0,
          49.99999999999999
        ]
      ]
    },
    {
      "participant": "3249",
      "n_seeds": 10,
      "test_acc_mean": 0.1,
      "test_acc_std": 0.10061539042374908,
      "test_bal_acc_mean": 0.1,
      "test_bal_acc_std": 0.10061539042374908,
      "test_f1_mean": 0.16876934984520126,
      "test_f1_std": 0.15893441912590875,
      "test_kappa_mean": 0.0,
      "test_kappa_std": 0.0,
      "confusion_matrix": [
        [
          0.0,
          0.0,
          0.0
        ],
        [
          0.0,
          0.0,
          0.0
        ],
        [
          90.0,
          0.0,
          10.000000000000002
        ]
      ]
    },
    {
      "participant": "3250",
      "n_seeds": 10,
      "test_acc_mean": 0.33333333333333337,
      "test_acc_std": 0.010475656017578484,
      "test_bal_acc_mean": 0.33333333333333337,
      "test_bal_acc_std": 0.010475656017578484,
      "test_f1_mean": 0.1702683615819209,
      "test_f1_std": 0.014611989806246941,
      "test_kappa_mean": -1.1102230246251566e-17,
      "test_kappa_std": 0.015713484026367745,
      "confusion_matrix": [
        [
          0.0,
          100.0,
          0.0
        ],
        [
          0.0,
          99.33333333333334,
          0.6666666666666667
        ],
        [
          0.0,
          99.33333333333334,
          0.6666666666666667
        ]
      ]
    }
  ],
  "selected_features": [
    "head_rotation_rad_median",
    "head_rotation_rad_p25",
    "head_rotation_rad_autocorr1",
    "head_tx_p25",
    "head_tx_p75",
    "head_ty_min",
    "head_ty_max",
    "head_ty_rms",
    "head_ty_p75",
    "head_scalex_min",
    "head_scalex_rms",
    "head_scaley_min",
    "head_scaley_p75",
    "head_scaley_autocorr1",
    "head_motion_mag_min",
    "head_motion_mag_rms",
    "head_motion_mag_p75",
    "blink_aperture_max",
    "blink_aperture_p25",
    "mouth_aperture_max",
    "mouth_aperture_median",
    "mouth_aperture_autocorr1",
    "pupil_dx_p75",
    "pupil_metric_min",
    "pupil_metric_p75",
    "head_rotation_rad_vel_p25",
    "head_rotation_rad_acc_min",
    "head_ty_vel_max",
    "head_ty_acc_p75",
    "head_scalex_acc_autocorr1",
    "head_scaley_vel_median",
    "head_scaley_vel_autocorr1",
    "head_scaley_acc_p75",
    "head_motion_mag_vel_median",
    "head_motion_mag_vel_autocorr1",
    "blink_aperture_vel_median",
    "blink_aperture_acc_p75",
    "mouth_aperture_acc_p75",
    "pupil_dx_acc_median",
    "pupil_dx_acc_p75",
    "pupil_dy_acc_p75",
    "pupil_metric_acc_max",
    "SCR_Peaks_Amplitude_Mean",
    "EDA_Tonic_SD",
    "HRV_MeanNN",
    "HRV_MedianNN",
    "HRV_Prc80NN",
    "HRV_MaxNN",
    "HRV_CVI",
    "HRV_PSS",
    "HRV_Ca",
    "HRV_ShanEn"
  ],
  "n_participants": 38,
  "n_seeds": 10,
  "n_features": 52,
  "timestamp": "2025-10-17T16:50:42.197659"
}