{
  "name": "pose_ecg",
  "config": {
    "n_seeds": 10,
    "feature_selection": "backward",
    "use_pca": false,
    "pca_variance": 0.95,
    "write_cm": true,
    "tune_hyperparameters": false,
    "tune_n_iter": 30,
    "tune_cv_folds": 5,
    "use_pose_derivatives": true,
    "use_time_features": false,
    "class_config": "all",
    "include_order": false,
    "name": "pose_ecg",
    "feature_groups": [
      "pose",
      "ecg"
    ],
    "split_strategy": "lopo"
  },
  "metrics": {
    "test_acc_mean": 0.35886036228783336,
    "test_acc_std": 0.12475110272976726,
    "test_bal_acc_mean": 0.3581233386496544,
    "test_bal_acc_std": 0.12465817530272215,
    "test_f1_mean": 0.293270348165741,
    "test_f1_std": 0.13016703270572247,
    "test_kappa_mean": 0.04563060814969757,
    "test_kappa_std": 0.17742706396187738
  },
  "confusion_matrix": [
    [
      44.94736842105263,
      23.070175438596486,
      29.35087719298246
    ],
    [
      32.01754385964913,
      27.087719298245606,
      38.263157894736835
    ],
    [
      33.901116427432214,
      31.328548644338113,
      34.770334928229666
    ]
  ],
  "participant_results": [
    {
      "participant": "3208",
      "n_seeds": 10,
      "test_acc_mean": 0.38888888888888884,
      "test_acc_std": 0.040908744508100975,
      "test_bal_acc_mean": 0.3888888888888889,
      "test_bal_acc_std": 0.04090874450810097,
      "test_f1_mean": 0.2990864703364425,
      "test_f1_std": 0.032557432190111896,
      "test_kappa_mean": 0.08333333333333329,
      "test_kappa_std": 0.0613631167621515,
      "confusion_matrix": [
        [
          34.666666666666664,
          3.3333333333333335,
          62.0
        ],
        [
          31.333333333333332,
          0.0,
          68.66666666666666
        ],
        [
          17.333333333333332,
          0.6666666666666667,
          82.0
        ]
      ]
    },
    {
      "participant": "3209",
      "n_seeds": 10,
      "test_acc_mean": 0.42000000000000004,
      "test_acc_std": 0.08409935987842947,
      "test_bal_acc_mean": 0.42000000000000004,
      "test_bal_acc_std": 0.08409935987842944,
      "test_f1_mean": 0.339963490902932,
      "test_f1_std": 0.07266285148444462,
      "test_kappa_mean": 0.12999999999999998,
      "test_kappa_std": 0.1261490398176442,
      "confusion_matrix": [
        [
          46.666666666666664,
          0.0,
          53.33333333333333
        ],
        [
          28.0,
          0.0,
          71.99999999999999
        ],
        [
          7.333333333333333,
          13.333333333333334,
          79.33333333333334
        ]
      ]
    },
    {
      "participant": "3210",
      "n_seeds": 10,
      "test_acc_mean": 0.3666666666666667,
      "test_acc_std": 0.026189140043946218,
      "test_bal_acc_mean": 0.3666666666666667,
      "test_bal_acc_std": 0.026189140043946194,
      "test_f1_mean": 0.2516915204353337,
      "test_f1_std": 0.043902088687928734,
      "test_kappa_mean": 0.05000000000000001,
      "test_kappa_std": 0.03928371006591928,
      "confusion_matrix": [
        [
          16.0,
          0.0,
          84.0
        ],
        [
          0.0,
          0.0,
          100.0
        ],
        [
          2.666666666666667,
          3.3333333333333335,
          94.0
        ]
      ]
    },
    {
      "participant": "3214",
      "n_seeds": 10,
      "test_acc_mean": 0.6155555555555555,
      "test_acc_std": 0.03636425987743286,
      "test_bal_acc_mean": 0.6155555555555555,
      "test_bal_acc_std": 0.036364259877432775,
      "test_f1_mean": 0.614429214030743,
      "test_f1_std": 0.039096024244171065,
      "test_kappa_mean": 0.42333333333333334,
      "test_kappa_std": 0.05454638981614922,
      "confusion_matrix": [
        [
          61.33333333333333,
          4.0,
          34.666666666666664
        ],
        [
          18.666666666666664,
          58.666666666666664,
          22.666666666666664
        ],
        [
          12.666666666666666,
          22.666666666666668,
          64.66666666666666
        ]
      ]
    },
    {
      "participant": "3215",
      "n_seeds": 10,
      "test_acc_mean": 0.32666666666666666,
      "test_acc_std": 0.010734353145325498,
      "test_bal_acc_mean": 0.32666666666666666,
      "test_bal_acc_std": 0.010734353145325498,
      "test_f1_mean": 0.17925993143778987,
      "test_f1_std": 0.019143215779987198,
      "test_kappa_mean": -0.010000000000000031,
      "test_kappa_std": 0.016101529717988314,
      "confusion_matrix": [
        [
          2.666666666666667,
          0.0,
          97.33333333333334
        ],
        [
          6.666666666666666,
          0.0,
          93.33333333333334
        ],
        [
          4.666666666666666,
          0.0,
          95.33333333333334
        ]
      ]
    },
    {
      "participant": "3216",
      "n_seeds": 10,
      "test_acc_mean": 0.18666666666666668,
      "test_acc_std": 0.05562958031264767,
      "test_bal_acc_mean": 0.18666666666666668,
      "test_bal_acc_std": 0.05562958031264766,
      "test_f1_mean": 0.1039377603528547,
      "test_f1_std": 0.02711922371836406,
      "test_kappa_mean": -0.21999999999999997,
      "test_kappa_std": 0.08344437046897148,
      "confusion_matrix": [
        [
          55.999999999999986,
          27.333333333333332,
          16.666666666666664
        ],
        [
          100.0,
          0.0,
          0.0
        ],
        [
          99.33333333333334,
          0.6666666666666667,
          0.0
        ]
      ]
    },
    {
      "participant": "3217",
      "n_seeds": 10,
      "test_acc_mean": 0.3822222222222222,
      "test_acc_std": 0.05907378381445003,
      "test_bal_acc_mean": 0.3822222222222222,
      "test_bal_acc_std": 0.059073783814450026,
      "test_f1_mean": 0.2775072296857192,
      "test_f1_std": 0.08731209019210673,
      "test_kappa_mean": 0.07333333333333326,
      "test_kappa_std": 0.08861067572167508,
      "confusion_matrix": [
        [
          91.33333333333333,
          8.666666666666666,
          0.0
        ],
        [
          81.33333333333333,
          16.666666666666668,
          2.0
        ],
        [
          67.33333333333333,
          26.0,
          6.666666666666667
        ]
      ]
    },
    {
      "participant": "3218",
      "n_seeds": 10,
      "test_acc_mean": 0.5066666666666666,
      "test_acc_std": 0.050020571899656696,
      "test_bal_acc_mean": 0.5066666666666666,
      "test_bal_acc_std": 0.05002057189965667,
      "test_f1_mean": 0.4379768179376627,
      "test_f1_std": 0.06621521951657731,
      "test_kappa_mean": 0.26,
      "test_kappa_std": 0.07503085784948506,
      "confusion_matrix": [
        [
          13.333333333333334,
          72.66666666666666,
          14.0
        ],
        [
          0.0,
          98.0,
          2.0
        ],
        [
          0.0,
          59.33333333333333,
          40.666666666666664
        ]
      ]
    },
    {
      "participant": "3219",
      "n_seeds": 10,
      "test_acc_mean": 0.5577777777777777,
      "test_acc_std": 0.032203059435976525,
      "test_bal_acc_mean": 0.5577777777777777,
      "test_bal_acc_std": 0.032203059435976546,
      "test_f1_mean": 0.5071130629123848,
      "test_f1_std": 0.04679160570454899,
      "test_kappa_mean": 0.3366666666666667,
      "test_kappa_std": 0.0483045891539648,
      "confusion_matrix": [
        [
          100.0,
          0.0,
          0.0
        ],
        [
          37.99999999999999,
          21.333333333333336,
          40.66666666666667
        ],
        [
          46.666666666666664,
          7.333333333333334,
          46.00000000000001
        ]
      ]
    },
    {
      "participant": "3220",
      "n_seeds": 10,
      "test_acc_mean": 0.35555555555555557,
      "test_acc_std": 0.03919631571947542,
      "test_bal_acc_mean": 0.35555555555555557,
      "test_bal_acc_std": 0.03919631571947541,
      "test_f1_mean": 0.2990586748603135,
      "test_f1_std": 0.036466057457386236,
      "test_kappa_mean": 0.033333333333333305,
      "test_kappa_std": 0.05879447357921314,
      "confusion_matrix": [
        [
          72.0,
          17.333333333333336,
          10.666666666666668
        ],
        [
          85.99999999999999,
          0.0,
          13.999999999999996
        ],
        [
          45.33333333333333,
          20.0,
          34.666666666666664
        ]
      ]
    },
    {
      "participant": "3221",
      "n_seeds": 10,
      "test_acc_mean": 0.29333333333333333,
      "test_acc_std": 0.050020571899656696,
      "test_bal_acc_mean": 0.29333333333333333,
      "test_bal_acc_std": 0.05002057189965669,
      "test_f1_mean": 0.27701095723776153,
      "test_f1_std": 0.035025765730950904,
      "test_kappa_mean": -0.06000000000000003,
      "test_kappa_std": 0.07503085784948504,
      "confusion_matrix": [
        [
          62.0,
          30.666666666666668,
          7.333333333333333
        ],
        [
          22.0,
          0.0,
          78.0
        ],
        [
          24.0,
          50.0,
          26.0
        ]
      ]
    },
    {
      "participant": "3223",
      "n_seeds": 10,
      "test_acc_mean": 0.09333333333333334,
      "test_acc_std": 0.09299173230503832,
      "test_bal_acc_mean": 0.09333333333333334,
      "test_bal_acc_std": 0.09299173230503832,
      "test_f1_mean": 0.07778809769521844,
      "test_f1_std": 0.07030784780014102,
      "test_kappa_mean": -0.35999999999999993,
      "test_kappa_std": 0.13948759845755745,
      "confusion_matrix": [
        [
          0.0,
          0.0,
          100.0
        ],
        [
          72.0,
          28.0,
          0.0
        ],
        [
          14.0,
          86.0,
          0.0
        ]
      ]
    },
    {
      "participant": "3224",
      "n_seeds": 10,
      "test_acc_mean": 0.39999999999999997,
      "test_acc_std": 0.03312693299999689,
      "test_bal_acc_mean": 0.39999999999999997,
      "test_bal_acc_std": 0.033126932999996875,
      "test_f1_mean": 0.2829525282867607,
      "test_f1_std": 0.04648853538690449,
      "test_kappa_mean": 0.09999999999999998,
      "test_kappa_std": 0.04969039949999532,
      "confusion_matrix": [
        [
          20.000000000000004,
          79.99999999999999,
          0.0
        ],
        [
          0.0,
          100.0,
          0.0
        ],
        [
          0.6666666666666667,
          99.33333333333333,
          0.0
        ]
      ]
    },
    {
      "participant": "3225",
      "n_seeds": 10,
      "test_acc_mean": 0.4822222222222222,
      "test_acc_std": 0.050294059842275404,
      "test_bal_acc_mean": 0.4822222222222222,
      "test_bal_acc_std": 0.050294059842275446,
      "test_f1_mean": 0.4750537895135326,
      "test_f1_std": 0.054159284059108886,
      "test_kappa_mean": 0.22333333333333333,
      "test_kappa_std": 0.07544108976341315,
      "confusion_matrix": [
        [
          49.99999999999999,
          16.666666666666664,
          33.33333333333333
        ],
        [
          28.666666666666657,
          45.99999999999999,
          25.333333333333332
        ],
        [
          6.0,
          45.33333333333333,
          48.66666666666667
        ]
      ]
    },
    {
      "participant": "3226",
      "n_seeds": 10,
      "test_acc_mean": 0.37777777777777777,
      "test_acc_std": 0.010475656017578484,
      "test_bal_acc_mean": 0.37777777777777777,
      "test_bal_acc_std": 0.01047565601757847,
      "test_f1_mean": 0.2504469224912477,
      "test_f1_std": 0.01778977299902694,
      "test_kappa_mean": 0.06666666666666665,
      "test_kappa_std": 0.01571348402636772,
      "confusion_matrix": [
        [
          13.333333333333332,
          86.66666666666666,
          0.0
        ],
        [
          0.0,
          100.0,
          0.0
        ],
        [
          0.0,
          100.0,
          0.0
        ]
      ]
    },
    {
      "participant": "3227",
      "n_seeds": 10,
      "test_acc_mean": 0.2311111111111111,
      "test_acc_std": 0.015537908861780025,
      "test_bal_acc_mean": 0.2311111111111111,
      "test_bal_acc_std": 0.015537908861780025,
      "test_f1_mean": 0.12507404875825928,
      "test_f1_std": 0.006723858485474604,
      "test_kappa_mean": -0.15333333333333338,
      "test_kappa_std": 0.023306863292670052,
      "confusion_matrix": [
        [
          69.33333333333333,
          0.0,
          30.666666666666664
        ],
        [
          100.0,
          0.0,
          0.0
        ],
        [
          100.0,
          0.0,
          0.0
        ]
      ]
    },
    {
      "participant": "3228",
      "n_seeds": 10,
      "test_acc_mean": 0.27999999999999997,
      "test_acc_std": 0.0785324935152508,
      "test_bal_acc_mean": 0.27999999999999997,
      "test_bal_acc_std": 0.07853249351525078,
      "test_f1_mean": 0.28771146605652387,
      "test_f1_std": 0.07051275728688645,
      "test_kappa_mean": -0.08000000000000003,
      "test_kappa_std": 0.11779874027287619,
      "confusion_matrix": [
        [
          41.99999999999999,
          0.0,
          58.0
        ],
        [
          3.3333333333333335,
          13.999999999999996,
          82.66666666666666
        ],
        [
          9.333333333333332,
          62.66666666666667,
          28.0
        ]
      ]
    },
    {
      "participant": "3229",
      "n_seeds": 10,
      "test_acc_mean": 0.12,
      "test_acc_std": 0.04708221802095023,
      "test_bal_acc_mean": 0.12,
      "test_bal_acc_std": 0.04708221802095023,
      "test_f1_mean": 0.12290455249183033,
      "test_f1_std": 0.057479727989037124,
      "test_kappa_mean": -0.32,
      "test_kappa_std": 0.07062332703142532,
      "confusion_matrix": [
        [
          9.999999999999998,
          30.0,
          59.999999999999986
        ],
        [
          4.0,
          9.333333333333334,
          86.66666666666666
        ],
        [
          0.0,
          83.33333333333334,
          16.666666666666664
        ]
      ]
    },
    {
      "participant": "3230",
      "n_seeds": 10,
      "test_acc_mean": 0.5288888888888887,
      "test_acc_std": 0.058137531467699496,
      "test_bal_acc_mean": 0.5288888888888887,
      "test_bal_acc_std": 0.05813753146769952,
      "test_f1_mean": 0.502022676607271,
      "test_f1_std": 0.06202394083056733,
      "test_kappa_mean": 0.29333333333333333,
      "test_kappa_std": 0.08720629720154927,
      "confusion_matrix": [
        [
          25.33333333333333,
          27.333333333333332,
          47.333333333333336
        ],
        [
          5.999999999999999,
          60.666666666666664,
          33.33333333333333
        ],
        [
          2.0,
          25.333333333333325,
          72.66666666666666
        ]
      ]
    },
    {
      "participant": "3232",
      "n_seeds": 10,
      "test_acc_mean": 0.3,
      "test_acc_std": 0.05367176572662756,
      "test_bal_acc_mean": 0.3,
      "test_bal_acc_std": 0.053671765726627546,
      "test_f1_mean": 0.22804698496480125,
      "test_f1_std": 0.056724221635226155,
      "test_kappa_mean": -0.05000000000000003,
      "test_kappa_std": 0.08050764858994135,
      "confusion_matrix": [
        [
          75.33333333333334,
          5.333333333333334,
          19.333333333333336
        ],
        [
          44.0,
          6.666666666666667,
          49.33333333333333
        ],
        [
          92.0,
          0.0,
          8.0
        ]
      ]
    },
    {
      "participant": "3233",
      "n_seeds": 10,
      "test_acc_mean": 0.35111111111111104,
      "test_acc_std": 0.03442651863295482,
      "test_bal_acc_mean": 0.35111111111111104,
      "test_bal_acc_std": 0.034426518632954824,
      "test_f1_mean": 0.30282288472404006,
      "test_f1_std": 0.03591212064929029,
      "test_kappa_mean": 0.026666666666666637,
      "test_kappa_std": 0.05163977794943223,
      "confusion_matrix": [
        [
          78.66666666666666,
          15.333333333333334,
          5.999999999999999
        ],
        [
          27.333333333333332,
          20.0,
          52.666666666666664
        ],
        [
          58.0,
          35.33333333333333,
          6.666666666666666
        ]
      ]
    },
    {
      "participant": "3234",
      "n_seeds": 10,
      "test_acc_mean": 0.4022222222222222,
      "test_acc_std": 0.06825273777653003,
      "test_bal_acc_mean": 0.4022222222222222,
      "test_bal_acc_std": 0.06825273777653001,
      "test_f1_mean": 0.3511950676823163,
      "test_f1_std": 0.08067303513402108,
      "test_kappa_mean": 0.10333333333333332,
      "test_kappa_std": 0.10237910666479504,
      "confusion_matrix": [
        [
          74.0,
          10.666666666666668,
          15.333333333333334
        ],
        [
          22.0,
          10.666666666666668,
          67.33333333333333
        ],
        [
          61.33333333333333,
          2.666666666666667,
          36.0
        ]
      ]
    },
    {
      "participant": "3235",
      "n_seeds": 10,
      "test_acc_mean": 0.34444444444444444,
      "test_acc_std": 0.021596118129056673,
      "test_bal_acc_mean": 0.34444444444444444,
      "test_bal_acc_std": 0.021596118129056673,
      "test_f1_mean": 0.21824168671930416,
      "test_f1_std": 0.033654559857904685,
      "test_kappa_mean": 0.016666666666666618,
      "test_kappa_std": 0.03239417719358497,
      "confusion_matrix": [
        [
          98.66666666666666,
          0.0,
          1.3333333333333335
        ],
        [
          43.33333333333333,
          2.666666666666667,
          54.0
        ],
        [
          98.0,
          0.0,
          2.0
        ]
      ]
    },
    {
      "participant": "3236",
      "n_seeds": 10,
      "test_acc_mean": 0.39111111111111113,
      "test_acc_std": 0.06036014455544699,
      "test_bal_acc_mean": 0.39111111111111113,
      "test_bal_acc_std": 0.06036014455544701,
      "test_f1_mean": 0.3813186048093326,
      "test_f1_std": 0.0650084200368235,
      "test_kappa_mean": 0.08666666666666661,
      "test_kappa_std": 0.09054021683317053,
      "confusion_matrix": [
        [
          30.0,
          36.666666666666664,
          33.33333333333333
        ],
        [
          12.666666666666666,
          57.999999999999986,
          29.333333333333325
        ],
        [
          6.666666666666666,
          64.0,
          29.333333333333336
        ]
      ]
    },
    {
      "participant": "3237",
      "n_seeds": 10,
      "test_acc_mean": 0.20222222222222222,
      "test_acc_std": 0.033864087261222094,
      "test_bal_acc_mean": 0.20222222222222222,
      "test_bal_acc_std": 0.033864087261222094,
      "test_f1_mean": 0.13872094478817168,
      "test_f1_std": 0.029750422495835083,
      "test_kappa_mean": -0.1966666666666667,
      "test_kappa_std": 0.050796130891833116,
      "confusion_matrix": [
        [
          56.66666666666667,
          43.33333333333333,
          0.0
        ],
        [
          100.0,
          0.0,
          0.0
        ],
        [
          74.66666666666667,
          21.333333333333332,
          4.0
        ]
      ]
    },
    {
      "participant": "3238",
      "n_seeds": 10,
      "test_acc_mean": 0.47777777777777775,
      "test_acc_std": 0.02618914004394619,
      "test_bal_acc_mean": 0.47777777777777775,
      "test_bal_acc_std": 0.02618914004394623,
      "test_f1_mean": 0.41913772667419663,
      "test_f1_std": 0.03068172752782338,
      "test_kappa_mean": 0.21666666666666665,
      "test_kappa_std": 0.03928371006591933,
      "confusion_matrix": [
        [
          62.666666666666664,
          0.0,
          37.33333333333333
        ],
        [
          37.99999999999999,
          7.333333333333333,
          54.666666666666664
        ],
        [
          11.999999999999998,
          14.666666666666668,
          73.33333333333333
        ]
      ]
    },
    {
      "participant": "3239",
      "n_seeds": 10,
      "test_acc_mean": 0.3878048780487805,
      "test_acc_std": 0.013845029565793823,
      "test_bal_acc_mean": 0.35979797979797984,
      "test_bal_acc_std": 0.017233006092864395,
      "test_f1_mean": 0.24344431071306358,
      "test_f1_std": 0.02347166505016519,
      "test_kappa_mean": 0.0406297763551751,
      "test_kappa_std": 0.02578399111275891,
      "confusion_matrix": [
        [
          100.0,
          0.0,
          0.0
        ],
        [
          93.33333333333334,
          0.6666666666666667,
          5.999999999999999
        ],
        [
          80.90909090909092,
          11.81818181818182,
          7.272727272727273
        ]
      ]
    },
    {
      "participant": "3240",
      "n_seeds": 10,
      "test_acc_mean": 0.4377777777777777,
      "test_acc_std": 0.040639605109170966,
      "test_bal_acc_mean": 0.4377777777777778,
      "test_bal_acc_std": 0.04063960510917096,
      "test_f1_mean": 0.33213168734214826,
      "test_f1_std": 0.04733965203076693,
      "test_kappa_mean": 0.15666666666666665,
      "test_kappa_std": 0.06095940766375645,
      "confusion_matrix": [
        [
          32.666666666666664,
          4.666666666666667,
          62.666666666666664
        ],
        [
          24.666666666666668,
          0.0,
          75.33333333333334
        ],
        [
          1.3333333333333335,
          0.0,
          98.66666666666666
        ]
      ]
    },
    {
      "participant": "3241",
      "n_seeds": 10,
      "test_acc_mean": 0.5888888888888888,
      "test_acc_std": 0.06562979683951611,
      "test_bal_acc_mean": 0.5888888888888888,
      "test_bal_acc_std": 0.0656297968395161,
      "test_f1_mean": 0.5677127989602375,
      "test_f1_std": 0.06990150269779724,
      "test_kappa_mean": 0.3833333333333333,
      "test_kappa_std": 0.09844469525927417,
      "confusion_matrix": [
        [
          35.33333333333333,
          44.666666666666664,
          20.0
        ],
        [
          4.666666666666666,
          94.0,
          1.3333333333333335
        ],
        [
          46.0,
          6.666666666666667,
          47.33333333333333
        ]
      ]
    },
    {
      "participant": "3242",
      "n_seeds": 10,
      "test_acc_mean": 0.3333333333333333,
      "test_acc_std": 0.027715980642769946,
      "test_bal_acc_mean": 0.3333333333333333,
      "test_bal_acc_std": 0.027715980642769925,
      "test_f1_mean": 0.20585665589144114,
      "test_f1_std": 0.04182455203091199,
      "test_kappa_mean": 1.1102230246251566e-17,
      "test_kappa_std": 0.04157397096415487,
      "confusion_matrix": [
        [
          7.333333333333334,
          5.333333333333334,
          87.33333333333334
        ],
        [
          0.0,
          0.0,
          100.0
        ],
        [
          0.0,
          7.333333333333333,
          92.66666666666666
        ]
      ]
    },
    {
      "participant": "3243",
      "n_seeds": 10,
      "test_acc_mean": 0.36888888888888893,
      "test_acc_std": 0.021468706290651028,
      "test_bal_acc_mean": 0.36888888888888893,
      "test_bal_acc_std": 0.021468706290651018,
      "test_f1_mean": 0.2378281544758747,
      "test_f1_std": 0.0424481506628559,
      "test_kappa_mean": 0.05333333333333332,
      "test_kappa_std": 0.032203059435976525,
      "confusion_matrix": [
        [
          0.0,
          100.0,
          0.0
        ],
        [
          0.0,
          98.66666666666666,
          1.3333333333333335
        ],
        [
          0.0,
          88.0,
          12.0
        ]
      ]
    },
    {
      "participant": "3244",
      "n_seeds": 10,
      "test_acc_mean": 0.37333333333333335,
      "test_acc_std": 0.04293741258130204,
      "test_bal_acc_mean": 0.37333333333333335,
      "test_bal_acc_std": 0.04293741258130204,
      "test_f1_mean": 0.2852272757845855,
      "test_f1_std": 0.045368491662820414,
      "test_kappa_mean": 0.06000000000000001,
      "test_kappa_std": 0.06440611887195308,
      "confusion_matrix": [
        [
          0.0,
          39.33333333333333,
          60.66666666666667
        ],
        [
          0.0,
          32.666666666666664,
          67.33333333333334
        ],
        [
          4.666666666666666,
          15.999999999999996,
          79.33333333333333
        ]
      ]
    },
    {
      "participant": "3245",
      "n_seeds": 10,
      "test_acc_mean": 0.3555555555555555,
      "test_acc_std": 0.014814814814814817,
      "test_bal_acc_mean": 0.3555555555555555,
      "test_bal_acc_std": 0.014814814814814817,
      "test_f1_mean": 0.21019728171806423,
      "test_f1_std": 0.02808690862040207,
      "test_kappa_mean": 0.033333333333333326,
      "test_kappa_std": 0.022222222222222216,
      "confusion_matrix": [
        [
          100.0,
          0.0,
          0.0
        ],
        [
          100.0,
          0.0,
          0.0
        ],
        [
          93.33333333333334,
          0.0,
          6.666666666666667
        ]
      ]
    },
    {
      "participant": "3246",
      "n_seeds": 10,
      "test_acc_mean": 0.18888888888888888,
      "test_acc_std": 0.0594902903859593,
      "test_bal_acc_mean": 0.18888888888888888,
      "test_bal_acc_std": 0.0594902903859593,
      "test_f1_mean": 0.21202076439508719,
      "test_f1_std": 0.06610920483610189,
      "test_kappa_mean": -0.2166666666666667,
      "test_kappa_std": 0.08923543557893891,
      "confusion_matrix": [
        [
          32.66666666666667,
          41.99999999999999,
          25.333333333333332
        ],
        [
          0.0,
          10.666666666666666,
          89.33333333333333
        ],
        [
          19.333333333333332,
          67.33333333333334,
          13.333333333333334
        ]
      ]
    },
    {
      "participant": "3247",
      "n_seeds": 10,
      "test_acc_mean": 0.3844444444444445,
      "test_acc_std": 0.039266246757625405,
      "test_bal_acc_mean": 0.3844444444444445,
      "test_bal_acc_std": 0.0392662467576254,
      "test_f1_mean": 0.2929157348967018,
      "test_f1_std": 0.05349450150138377,
      "test_kappa_mean": 0.0766666666666666,
      "test_kappa_std": 0.05889937013643806,
      "confusion_matrix": [
        [
          85.33333333333334,
          14.666666666666666,
          0.0
        ],
        [
          70.00000000000001,
          29.333333333333332,
          0.6666666666666667
        ],
        [
          94.00000000000001,
          5.333333333333333,
          0.6666666666666667
        ]
      ]
    },
    {
      "participant": "3248",
      "n_seeds": 10,
      "test_acc_mean": 0.45555555555555555,
      "test_acc_std": 0.07995197461082555,
      "test_bal_acc_mean": 0.45555555555555555,
      "test_bal_acc_std": 0.07995197461082555,
      "test_f1_mean": 0.4600957134641531,
      "test_f1_std": 0.08115475382138547,
      "test_kappa_mean": 0.1833333333333333,
      "test_kappa_std": 0.11992796191623839,
      "confusion_matrix": [
        [
          49.33333333333333,
          13.333333333333334,
          37.33333333333333
        ],
        [
          10.000000000000002,
          32.666666666666664,
          57.333333333333336
        ],
        [
          0.0,
          45.33333333333333,
          54.66666666666667
        ]
      ]
    },
    {
      "participant": "3249",
      "n_seeds": 10,
      "test_acc_mean": 0.12000000000000002,
      "test_acc_std": 0.15331722942809192,
      "test_bal_acc_mean": 0.12000000000000002,
      "test_bal_acc_std": 0.15331722942809192,
      "test_f1_mean": 0.18630952380952379,
      "test_f1_std": 0.22785605783910667,
      "test_kappa_mean": 0.0,
      "test_kappa_std": 0.0,
      "confusion_matrix": [
        [
          0.0,
          0.0,
          0.0
        ],
        [
          0.0,
          0.0,
          0.0
        ],
        [
          86.66666666666667,
          1.3333333333333335,
          12.0
        ]
      ]
    },
    {
      "participant": "3250",
      "n_seeds": 10,
      "test_acc_mean": 0.25999999999999995,
      "test_acc_std": 0.05548143203281186,
      "test_bal_acc_mean": 0.25999999999999995,
      "test_bal_acc_std": 0.05548143203281187,
      "test_f1_mean": 0.16006021645453425,
      "test_f1_std": 0.034910344295943266,
      "test_kappa_mean": -0.11000000000000003,
      "test_kappa_std": 0.0832221480492178,
      "confusion_matrix": [
        [
          3.3333333333333335,
          96.66666666666667,
          0.0
        ],
        [
          0.6666666666666667,
          72.66666666666666,
          26.666666666666664
        ],
        [
          0.0,
          98.0,
          2.0
        ]
      ]
    }
  ],
  "selected_features": [
    "head_rotation_rad_std",
    "head_tx_p25",
    "head_tx_p75",
    "head_ty_max",
    "head_ty_rms",
    "head_ty_p75",
    "head_scalex_rms",
    "head_scalex_p75",
    "head_scaley_min",
    "head_scaley_autocorr1",
    "head_motion_mag_rms",
    "head_motion_mag_p75",
    "head_motion_mag_autocorr1",
    "blink_aperture_p25",
    "blink_aperture_p75",
    "mouth_aperture_p75",
    "mouth_aperture_autocorr1",
    "pupil_dx_p25",
    "pupil_metric_std",
    "pupil_metric_p75",
    "head_rotation_rad_vel_p25",
    "head_ty_vel_max",
    "head_scaley_vel_autocorr1",
    "blink_aperture_vel_max",
    "blink_aperture_vel_p75",
    "blink_aperture_vel_autocorr1",
    "mouth_aperture_acc_std",
    "mouth_aperture_acc_median",
    "mouth_aperture_acc_p75",
    "HRV_MeanNN",
    "HRV_Prc80NN",
    "HRV_pNN20",
    "HRV_MaxNN"
  ],
  "n_participants": 38,
  "n_seeds": 10,
  "n_features": 33,
  "timestamp": "2025-10-17T16:04:38.965689"
}