{
  "name": "ecg",
  "config": {
    "n_seeds": 20,
    "feature_selection": "none",
    "use_pose_derivatives": true,
    "use_time_features": false,
    "include_order": false,
    "normalize_features": true,
    "class_config": "all",
    "use_pca": false,
    "pca_variance": 0.9,
    "write_cm": true,
    "tune_hyperparameters": false,
    "tune_n_iter": 30,
    "tune_cv_folds": 5,
    "name": "ecg",
    "feature_groups": [
      "ecg"
    ],
    "split_strategy": "lopo"
  },
  "metrics": {
    "test_acc_mean": 0.3764102564102564,
    "test_acc_std": 0.14864352251653906,
    "test_bal_acc_mean": 0.37641025641025644,
    "test_bal_acc_std": 0.14864352251653906,
    "test_f1_mean": 0.33359248857421014,
    "test_f1_std": 0.1696723060090732,
    "test_kappa_mean": 0.030789473684210505,
    "test_kappa_std": 0.15539146383681807
  },
  "confusion_matrix": [
    [
      39.717948717948715,
      24.282051282051277,
      30.871794871794872
    ],
    [
      35.1111111111111,
      28.256410256410252,
      31.504273504273506
    ],
    [
      32.63247863247863,
      30.452991452991448,
      36.91452991452992
    ]
  ],
  "participant_results": [
    {
      "participant": "3208",
      "n_seeds": 20,
      "test_acc_mean": 0.331111111111111,
      "test_acc_std": 0.015959663254657957,
      "test_bal_acc_mean": 0.331111111111111,
      "test_bal_acc_std": 0.015959663254657957,
      "test_f1_mean": 0.24472811652865137,
      "test_f1_std": 0.01238925157831567,
      "test_kappa_mean": -0.0033333333333334103,
      "test_kappa_std": 0.02393949488198696,
      "confusion_matrix": [
        [
          77.33333333333331,
          22.66666666666667,
          0.0
        ],
        [
          73.33333333333331,
          22.0,
          4.666666666666667
        ],
        [
          67.66666666666664,
          32.33333333333333,
          0.0
        ]
      ]
    },
    {
      "participant": "3209",
      "n_seeds": 20,
      "test_acc_mean": 0.3288888888888889,
      "test_acc_std": 0.039882869441074595,
      "test_bal_acc_mean": 0.3288888888888889,
      "test_bal_acc_std": 0.039882869441074574,
      "test_f1_mean": 0.30404808686373963,
      "test_f1_std": 0.034847312891141936,
      "test_kappa_mean": -0.006666666666666698,
      "test_kappa_std": 0.05982430416161189,
      "confusion_matrix": [
        [
          39.33333333333333,
          25.000000000000007,
          35.66666666666667
        ],
        [
          51.33333333333333,
          9.333333333333332,
          39.33333333333333
        ],
        [
          31.666666666666668,
          18.333333333333332,
          50.00000000000001
        ]
      ]
    },
    {
      "participant": "3210",
      "n_seeds": 20,
      "test_acc_mean": 0.6355555555555554,
      "test_acc_std": 0.031756055226283435,
      "test_bal_acc_mean": 0.6355555555555554,
      "test_bal_acc_std": 0.03175605522628341,
      "test_f1_mean": 0.6355758209632411,
      "test_f1_std": 0.03167335356840913,
      "test_kappa_mean": 0.4533333333333333,
      "test_kappa_std": 0.04763408283942513,
      "confusion_matrix": [
        [
          53.66666666666665,
          17.666666666666664,
          28.666666666666668
        ],
        [
          5.000000000000002,
          61.333333333333336,
          33.66666666666667
        ],
        [
          5.000000000000001,
          19.33333333333333,
          75.66666666666666
        ]
      ]
    },
    {
      "participant": "3214",
      "n_seeds": 20,
      "test_acc_mean": 0.4333333333333334,
      "test_acc_std": 0.02649064714130087,
      "test_bal_acc_mean": 0.4333333333333334,
      "test_bal_acc_std": 0.026490647141300862,
      "test_f1_mean": 0.34241745510222193,
      "test_f1_std": 0.020684669438487176,
      "test_kappa_mean": 0.14999999999999997,
      "test_kappa_std": 0.03973597071195131,
      "confusion_matrix": [
        [
          0.0,
          31.666666666666668,
          68.33333333333334
        ],
        [
          0.0,
          80.99999999999997,
          19.000000000000004
        ],
        [
          0.0,
          51.00000000000001,
          48.99999999999999
        ]
      ]
    },
    {
      "participant": "3215",
      "n_seeds": 20,
      "test_acc_mean": 0.29999999999999993,
      "test_acc_std": 0.01838155981930025,
      "test_bal_acc_mean": 0.29999999999999993,
      "test_bal_acc_std": 0.01838155981930024,
      "test_f1_mean": 0.23811509304087183,
      "test_f1_std": 0.021519089472399843,
      "test_kappa_mean": -0.05000000000000003,
      "test_kappa_std": 0.02757233972895035,
      "confusion_matrix": [
        [
          70.33333333333331,
          14.000000000000004,
          15.666666666666668
        ],
        [
          76.99999999999999,
          13.0,
          9.999999999999998
        ],
        [
          77.99999999999999,
          15.333333333333332,
          6.666666666666669
        ]
      ]
    },
    {
      "participant": "3216",
      "n_seeds": 20,
      "test_acc_mean": 0.33444444444444443,
      "test_acc_std": 0.020989183141962953,
      "test_bal_acc_mean": 0.33444444444444443,
      "test_bal_acc_std": 0.020989183141962946,
      "test_f1_mean": 0.2226264019536993,
      "test_f1_std": 0.029648277683477536,
      "test_kappa_mean": 0.0016666666666666663,
      "test_kappa_std": 0.03148377471294444,
      "confusion_matrix": [
        [
          1.0,
          27.0,
          71.99999999999999
        ],
        [
          0.0,
          10.333333333333334,
          89.66666666666667
        ],
        [
          3.0,
          8.0,
          89.0
        ]
      ]
    },
    {
      "participant": "3217",
      "n_seeds": 20,
      "test_acc_mean": 0.44666666666666666,
      "test_acc_std": 0.04937556803367909,
      "test_bal_acc_mean": 0.44666666666666666,
      "test_bal_acc_std": 0.049375568033679096,
      "test_f1_mean": 0.4177202156806857,
      "test_f1_std": 0.06035816842221987,
      "test_kappa_mean": 0.16999999999999998,
      "test_kappa_std": 0.07406335205051866,
      "confusion_matrix": [
        [
          24.0,
          55.0,
          21.000000000000004
        ],
        [
          4.666666666666668,
          71.99999999999999,
          23.333333333333332
        ],
        [
          11.333333333333334,
          50.66666666666667,
          37.99999999999999
        ]
      ]
    },
    {
      "participant": "3218",
      "n_seeds": 20,
      "test_acc_mean": 0.46111111111111114,
      "test_acc_std": 0.05040447188717308,
      "test_bal_acc_mean": 0.46111111111111114,
      "test_bal_acc_std": 0.05040447188717308,
      "test_f1_mean": 0.4067716694327574,
      "test_f1_std": 0.05312706690266661,
      "test_kappa_mean": 0.1916666666666667,
      "test_kappa_std": 0.07560670783075964,
      "confusion_matrix": [
        [
          73.33333333333334,
          21.0,
          5.666666666666668
        ],
        [
          27.0,
          56.999999999999986,
          15.999999999999996
        ],
        [
          49.666666666666664,
          42.33333333333333,
          7.999999999999998
        ]
      ]
    },
    {
      "participant": "3219",
      "n_seeds": 20,
      "test_acc_mean": 0.4855555555555555,
      "test_acc_std": 0.021957487425957416,
      "test_bal_acc_mean": 0.4855555555555555,
      "test_bal_acc_std": 0.02195748742595744,
      "test_f1_mean": 0.39704155466179103,
      "test_f1_std": 0.027679318195367456,
      "test_kappa_mean": 0.22833333333333333,
      "test_kappa_std": 0.03293623113893617,
      "confusion_matrix": [
        [
          100.0,
          0.0,
          0.0
        ],
        [
          60.666666666666664,
          39.333333333333336,
          0.0
        ],
        [
          52.333333333333336,
          41.33333333333333,
          6.333333333333334
        ]
      ]
    },
    {
      "participant": "3220",
      "n_seeds": 20,
      "test_acc_mean": 0.3844444444444445,
      "test_acc_std": 0.039555686970016275,
      "test_bal_acc_mean": 0.3844444444444445,
      "test_bal_acc_std": 0.03955568697001628,
      "test_f1_mean": 0.3886541825902056,
      "test_f1_std": 0.04037696802027554,
      "test_kappa_mean": 0.07666666666666663,
      "test_kappa_std": 0.05933353045502442,
      "confusion_matrix": [
        [
          31.999999999999993,
          55.33333333333335,
          12.666666666666671
        ],
        [
          40.0,
          39.33333333333333,
          20.666666666666664
        ],
        [
          24.666666666666664,
          31.333333333333332,
          43.99999999999999
        ]
      ]
    },
    {
      "participant": "3221",
      "n_seeds": 20,
      "test_acc_mean": 0.31555555555555553,
      "test_acc_std": 0.03647923029636104,
      "test_bal_acc_mean": 0.31555555555555553,
      "test_bal_acc_std": 0.03647923029636102,
      "test_f1_mean": 0.3126099144965061,
      "test_f1_std": 0.038308262567178036,
      "test_kappa_mean": -0.026666666666666693,
      "test_kappa_std": 0.054718845444541545,
      "confusion_matrix": [
        [
          42.00000000000001,
          9.666666666666668,
          48.33333333333333
        ],
        [
          23.333333333333336,
          23.999999999999996,
          52.666666666666664
        ],
        [
          50.333333333333336,
          20.999999999999996,
          28.666666666666664
        ]
      ]
    },
    {
      "participant": "3223",
      "n_seeds": 20,
      "test_acc_mean": 0.0,
      "test_acc_std": 0.0,
      "test_bal_acc_mean": 0.0,
      "test_bal_acc_std": 0.0,
      "test_f1_mean": 0.0,
      "test_f1_std": 0.0,
      "test_kappa_mean": -0.5,
      "test_kappa_std": 0.0,
      "confusion_matrix": [
        [
          0.0,
          0.0,
          100.0
        ],
        [
          100.0,
          0.0,
          0.0
        ],
        [
          100.0,
          0.0,
          0.0
        ]
      ]
    },
    {
      "participant": "3224",
      "n_seeds": 20,
      "test_acc_mean": 0.32999999999999996,
      "test_acc_std": 0.03082154297518248,
      "test_bal_acc_mean": 0.32999999999999996,
      "test_bal_acc_std": 0.030821542975182473,
      "test_f1_mean": 0.2907188709947831,
      "test_f1_std": 0.03763093430350838,
      "test_kappa_mean": -0.005000000000000055,
      "test_kappa_std": 0.046232314462773746,
      "confusion_matrix": [
        [
          62.666666666666664,
          7.333333333333333,
          30.0
        ],
        [
          63.666666666666664,
          6.666666666666666,
          29.666666666666664
        ],
        [
          38.666666666666664,
          31.666666666666664,
          29.666666666666664
        ]
      ]
    },
    {
      "participant": "3225",
      "n_seeds": 20,
      "test_acc_mean": 0.4055555555555556,
      "test_acc_std": 0.015918897764697307,
      "test_bal_acc_mean": 0.4055555555555556,
      "test_bal_acc_std": 0.01591889776469732,
      "test_f1_mean": 0.2963664058302176,
      "test_f1_std": 0.02026569530200058,
      "test_kappa_mean": 0.10833333333333332,
      "test_kappa_std": 0.02387834664704597,
      "confusion_matrix": [
        [
          100.0,
          0.0,
          0.0
        ],
        [
          78.66666666666666,
          0.0,
          21.333333333333332
        ],
        [
          62.333333333333336,
          15.999999999999995,
          21.666666666666668
        ]
      ]
    },
    {
      "participant": "3226",
      "n_seeds": 20,
      "test_acc_mean": 0.42555555555555563,
      "test_acc_std": 0.036957028591503266,
      "test_bal_acc_mean": 0.42555555555555563,
      "test_bal_acc_std": 0.036957028591503266,
      "test_f1_mean": 0.41597156237985644,
      "test_f1_std": 0.031817112087837114,
      "test_kappa_mean": 0.13833333333333325,
      "test_kappa_std": 0.05543554288725489,
      "confusion_matrix": [
        [
          61.66666666666667,
          19.999999999999993,
          18.333333333333336
        ],
        [
          41.0,
          20.000000000000004,
          39.0
        ],
        [
          6.666666666666669,
          47.33333333333333,
          45.99999999999999
        ]
      ]
    },
    {
      "participant": "3227",
      "n_seeds": 20,
      "test_acc_mean": 0.3655555555555555,
      "test_acc_std": 0.02098918314196295,
      "test_bal_acc_mean": 0.36555555555555563,
      "test_bal_acc_std": 0.020989183141962943,
      "test_f1_mean": 0.36643169515197827,
      "test_f1_std": 0.022518749489301656,
      "test_kappa_mean": 0.048333333333333325,
      "test_kappa_std": 0.03148377471294443,
      "confusion_matrix": [
        [
          48.0,
          45.33333333333333,
          6.666666666666667
        ],
        [
          23.666666666666668,
          42.666666666666664,
          33.66666666666667
        ],
        [
          6.333333333333334,
          74.66666666666667,
          19.0
        ]
      ]
    },
    {
      "participant": "3228",
      "n_seeds": 20,
      "test_acc_mean": 0.2977777777777777,
      "test_acc_std": 0.018239615148180524,
      "test_bal_acc_mean": 0.2977777777777778,
      "test_bal_acc_std": 0.018239615148180507,
      "test_f1_mean": 0.17661501147052625,
      "test_f1_std": 0.02378740873515338,
      "test_kappa_mean": -0.05333333333333338,
      "test_kappa_std": 0.02735942272227077,
      "confusion_matrix": [
        [
          86.00000000000003,
          12.333333333333337,
          1.6666666666666667
        ],
        [
          96.66666666666666,
          3.3333333333333335,
          0.0
        ],
        [
          71.66666666666669,
          28.333333333333332,
          0.0
        ]
      ]
    },
    {
      "participant": "3229",
      "n_seeds": 20,
      "test_acc_mean": 0.29888888888888887,
      "test_acc_std": 0.03341121505943608,
      "test_bal_acc_mean": 0.29888888888888887,
      "test_bal_acc_std": 0.03341121505943608,
      "test_f1_mean": 0.2493696243138995,
      "test_f1_std": 0.04329694767840712,
      "test_kappa_mean": -0.05166666666666671,
      "test_kappa_std": 0.05011682258915414,
      "confusion_matrix": [
        [
          15.333333333333334,
          3.333333333333333,
          81.33333333333333
        ],
        [
          42.99999999999999,
          9.333333333333334,
          47.66666666666667
        ],
        [
          0.6666666666666667,
          34.33333333333333,
          65.0
        ]
      ]
    },
    {
      "participant": "3230",
      "n_seeds": 20,
      "test_acc_mean": 0.4644444444444445,
      "test_acc_std": 0.04135458172318606,
      "test_bal_acc_mean": 0.4644444444444445,
      "test_bal_acc_std": 0.04135458172318607,
      "test_f1_mean": 0.44629548658781193,
      "test_f1_std": 0.05061013527423606,
      "test_kappa_mean": 0.19666666666666663,
      "test_kappa_std": 0.06203187258477912,
      "confusion_matrix": [
        [
          34.33333333333333,
          8.333333333333334,
          57.333333333333336
        ],
        [
          23.333333333333336,
          31.666666666666668,
          45.0
        ],
        [
          8.333333333333334,
          18.333333333333336,
          73.33333333333334
        ]
      ]
    },
    {
      "participant": "3231",
      "n_seeds": 20,
      "test_acc_mean": 1.0,
      "test_acc_std": 0.0,
      "test_bal_acc_mean": 1.0,
      "test_bal_acc_std": 0.0,
      "test_f1_mean": 1.0,
      "test_f1_std": 0.0,
      "test_kappa_mean": NaN,
      "test_kappa_std": NaN,
      "confusion_matrix": [
        [
          0.0,
          0.0,
          0.0
        ],
        [
          0.0,
          0.0,
          0.0
        ],
        [
          0.0,
          0.0,
          100.0
        ]
      ]
    },
    {
      "participant": "3232",
      "n_seeds": 20,
      "test_acc_mean": 0.35111111111111104,
      "test_acc_std": 0.03191932650931592,
      "test_bal_acc_mean": 0.35111111111111104,
      "test_bal_acc_std": 0.0319193265093159,
      "test_f1_mean": 0.3336209773767587,
      "test_f1_std": 0.03004391011111407,
      "test_kappa_mean": 0.026666666666666637,
      "test_kappa_std": 0.04787898976397386,
      "confusion_matrix": [
        [
          12.666666666666668,
          69.66666666666666,
          17.666666666666664
        ],
        [
          24.666666666666668,
          57.33333333333333,
          18.0
        ],
        [
          31.0,
          33.66666666666667,
          35.33333333333333
        ]
      ]
    },
    {
      "participant": "3233",
      "n_seeds": 20,
      "test_acc_mean": 0.12333333333333334,
      "test_acc_std": 0.02098918314196295,
      "test_bal_acc_mean": 0.12333333333333334,
      "test_bal_acc_std": 0.02098918314196295,
      "test_f1_mean": 0.10611365566890722,
      "test_f1_std": 0.01770678261557791,
      "test_kappa_mean": -0.31499999999999995,
      "test_kappa_std": 0.03148377471294443,
      "confusion_matrix": [
        [
          2.333333333333333,
          52.666666666666664,
          45.0
        ],
        [
          12.666666666666666,
          31.999999999999993,
          55.33333333333333
        ],
        [
          40.66666666666667,
          56.66666666666667,
          2.6666666666666665
        ]
      ]
    },
    {
      "participant": "3234",
      "n_seeds": 20,
      "test_acc_mean": 0.3966666666666668,
      "test_acc_std": 0.05643744488533463,
      "test_bal_acc_mean": 0.3966666666666667,
      "test_bal_acc_std": 0.05643744488533464,
      "test_f1_mean": 0.39439171852185295,
      "test_f1_std": 0.06340508173929733,
      "test_kappa_mean": 0.09499999999999995,
      "test_kappa_std": 0.08465616732800198,
      "confusion_matrix": [
        [
          39.0,
          53.66666666666667,
          7.333333333333334
        ],
        [
          16.666666666666668,
          48.666666666666664,
          34.666666666666664
        ],
        [
          15.666666666666668,
          52.999999999999986,
          31.333333333333325
        ]
      ]
    },
    {
      "participant": "3235",
      "n_seeds": 20,
      "test_acc_mean": 0.3233333333333333,
      "test_acc_std": 0.024423169902168227,
      "test_bal_acc_mean": 0.3233333333333333,
      "test_bal_acc_std": 0.02442316990216822,
      "test_f1_mean": 0.28050494371955903,
      "test_f1_std": 0.026543295847650552,
      "test_kappa_mean": -0.01499999999999999,
      "test_kappa_std": 0.03663475485325233,
      "confusion_matrix": [
        [
          20.333333333333332,
          0.33333333333333337,
          79.33333333333334
        ],
        [
          0.0,
          6.666666666666669,
          93.3333333333333
        ],
        [
          0.0,
          30.0,
          70.00000000000001
        ]
      ]
    },
    {
      "participant": "3236",
      "n_seeds": 20,
      "test_acc_mean": 0.27666666666666667,
      "test_acc_std": 0.026466107398061354,
      "test_bal_acc_mean": 0.27666666666666667,
      "test_bal_acc_std": 0.026466107398061354,
      "test_f1_mean": 0.27325954120235096,
      "test_f1_std": 0.029448389530751046,
      "test_kappa_mean": -0.08500000000000003,
      "test_kappa_std": 0.03969916109709201,
      "confusion_matrix": [
        [
          18.33333333333333,
          24.333333333333336,
          57.33333333333333
        ],
        [
          27.666666666666668,
          25.666666666666664,
          46.66666666666666
        ],
        [
          48.000000000000014,
          13.0,
          39.0
        ]
      ]
    },
    {
      "participant": "3237",
      "n_seeds": 20,
      "test_acc_mean": 0.34666666666666657,
      "test_acc_std": 0.02325103839024876,
      "test_bal_acc_mean": 0.34666666666666657,
      "test_bal_acc_std": 0.02325103839024876,
      "test_f1_mean": 0.22358292075872782,
      "test_f1_std": 0.018446583786199327,
      "test_kappa_mean": 0.01999999999999999,
      "test_kappa_std": 0.03487655758537314,
      "confusion_matrix": [
        [
          93.33333333333333,
          6.666666666666667,
          0.0
        ],
        [
          89.33333333333333,
          10.666666666666666,
          0.0
        ],
        [
          69.99999999999999,
          30.0,
          0.0
        ]
      ]
    },
    {
      "participant": "3238",
      "n_seeds": 20,
      "test_acc_mean": 0.3455555555555555,
      "test_acc_std": 0.02098918314196295,
      "test_bal_acc_mean": 0.3455555555555555,
      "test_bal_acc_std": 0.02098918314196295,
      "test_f1_mean": 0.2863368063871018,
      "test_f1_std": 0.026823238662752127,
      "test_kappa_mean": 0.018333333333333313,
      "test_kappa_std": 0.031483774712944446,
      "confusion_matrix": [
        [
          15.666666666666666,
          47.33333333333333,
          36.99999999999999
        ],
        [
          4.333333333333334,
          6.333333333333335,
          89.33333333333333
        ],
        [
          1.3333333333333335,
          16.999999999999996,
          81.66666666666667
        ]
      ]
    },
    {
      "participant": "3239",
      "n_seeds": 20,
      "test_acc_mean": 0.33333333333333326,
      "test_acc_std": 5.695323946259567e-17,
      "test_bal_acc_mean": 0.33333333333333326,
      "test_bal_acc_std": 5.695323946259567e-17,
      "test_f1_mean": 0.16666666666666663,
      "test_f1_std": 2.8476619731297836e-17,
      "test_kappa_mean": 0.0,
      "test_kappa_std": 0.0,
      "confusion_matrix": [
        [
          100.0,
          0.0,
          0.0
        ],
        [
          100.0,
          0.0,
          0.0
        ],
        [
          100.0,
          0.0,
          0.0
        ]
      ]
    },
    {
      "participant": "3240",
      "n_seeds": 20,
      "test_acc_mean": 0.42666666666666675,
      "test_acc_std": 0.018522416743699782,
      "test_bal_acc_mean": 0.42666666666666675,
      "test_bal_acc_std": 0.018522416743699793,
      "test_f1_mean": 0.3828643434901603,
      "test_f1_std": 0.022473982026473886,
      "test_kappa_mean": 0.13999999999999996,
      "test_kappa_std": 0.027783625115549677,
      "confusion_matrix": [
        [
          10.666666666666664,
          33.99999999999999,
          55.333333333333336
        ],
        [
          0.0,
          57.66666666666665,
          42.33333333333333
        ],
        [
          0.0,
          40.33333333333333,
          59.666666666666664
        ]
      ]
    },
    {
      "participant": "3241",
      "n_seeds": 20,
      "test_acc_mean": 0.3166666666666666,
      "test_acc_std": 0.027807002170687125,
      "test_bal_acc_mean": 0.31666666666666665,
      "test_bal_acc_std": 0.027807002170687115,
      "test_f1_mean": 0.30752241379714595,
      "test_f1_std": 0.030719033312989502,
      "test_kappa_mean": -0.025000000000000022,
      "test_kappa_std": 0.04171050325603067,
      "confusion_matrix": [
        [
          16.333333333333336,
          66.66666666666666,
          16.999999999999996
        ],
        [
          42.33333333333333,
          50.99999999999999,
          6.666666666666669
        ],
        [
          17.0,
          55.333333333333336,
          27.666666666666668
        ]
      ]
    },
    {
      "participant": "3242",
      "n_seeds": 20,
      "test_acc_mean": 0.3977777777777779,
      "test_acc_std": 0.032162679408262125,
      "test_bal_acc_mean": 0.3977777777777779,
      "test_bal_acc_std": 0.032162679408262125,
      "test_f1_mean": 0.3575287732579456,
      "test_f1_std": 0.03648440148517604,
      "test_kappa_mean": 0.09666666666666665,
      "test_kappa_std": 0.04824401911239317,
      "confusion_matrix": [
        [
          40.66666666666667,
          51.666666666666664,
          7.666666666666667
        ],
        [
          5.000000000000001,
          71.00000000000001,
          24.0
        ],
        [
          22.000000000000004,
          70.33333333333331,
          7.666666666666666
        ]
      ]
    },
    {
      "participant": "3243",
      "n_seeds": 20,
      "test_acc_mean": 0.2166666666666667,
      "test_acc_std": 0.017475500347934415,
      "test_bal_acc_mean": 0.2166666666666667,
      "test_bal_acc_std": 0.01747550034793443,
      "test_f1_mean": 0.18084977358283622,
      "test_f1_std": 0.024679430306134304,
      "test_kappa_mean": -0.17500000000000004,
      "test_kappa_std": 0.026213250521901627,
      "confusion_matrix": [
        [
          13.0,
          14.0,
          72.99999999999997
        ],
        [
          4.666666666666668,
          1.0,
          94.33333333333334
        ],
        [
          3.0,
          46.0,
          51.00000000000001
        ]
      ]
    },
    {
      "participant": "3244",
      "n_seeds": 20,
      "test_acc_mean": 0.4488888888888889,
      "test_acc_std": 0.04705767685794802,
      "test_bal_acc_mean": 0.4488888888888889,
      "test_bal_acc_std": 0.047057676857948025,
      "test_f1_mean": 0.44349224211274463,
      "test_f1_std": 0.05120033810430972,
      "test_kappa_mean": 0.1733333333333333,
      "test_kappa_std": 0.07058651528692203,
      "confusion_matrix": [
        [
          23.333333333333336,
          11.333333333333334,
          65.33333333333333
        ],
        [
          0.33333333333333337,
          50.0,
          49.666666666666664
        ],
        [
          31.333333333333332,
          7.333333333333334,
          61.33333333333333
        ]
      ]
    },
    {
      "participant": "3245",
      "n_seeds": 20,
      "test_acc_mean": 0.33333333333333326,
      "test_acc_std": 5.695323946259567e-17,
      "test_bal_acc_mean": 0.33333333333333326,
      "test_bal_acc_std": 5.695323946259567e-17,
      "test_f1_mean": 0.16666666666666663,
      "test_f1_std": 2.8476619731297836e-17,
      "test_kappa_mean": 0.0,
      "test_kappa_std": 0.0,
      "confusion_matrix": [
        [
          100.0,
          0.0,
          0.0
        ],
        [
          100.0,
          0.0,
          0.0
        ],
        [
          100.0,
          0.0,
          0.0
        ]
      ]
    },
    {
      "participant": "3246",
      "n_seeds": 20,
      "test_acc_mean": 0.40666666666666673,
      "test_acc_std": 0.04020738959492006,
      "test_bal_acc_mean": 0.40666666666666673,
      "test_bal_acc_std": 0.040207389594920054,
      "test_f1_mean": 0.34700144115622955,
      "test_f1_std": 0.05326634874820902,
      "test_kappa_mean": 0.10999999999999999,
      "test_kappa_std": 0.06031108439238011,
      "confusion_matrix": [
        [
          13.999999999999996,
          22.66666666666667,
          63.333333333333336
        ],
        [
          26.333333333333336,
          21.666666666666664,
          52.0
        ],
        [
          6.333333333333334,
          7.333333333333334,
          86.33333333333334
        ]
      ]
    },
    {
      "participant": "3247",
      "n_seeds": 20,
      "test_acc_mean": 0.3866666666666666,
      "test_acc_std": 0.0208961042658501,
      "test_bal_acc_mean": 0.3866666666666666,
      "test_bal_acc_std": 0.0208961042658501,
      "test_f1_mean": 0.3036173628643063,
      "test_f1_std": 0.025401535612617248,
      "test_kappa_mean": 0.08000000000000003,
      "test_kappa_std": 0.03134415639877513,
      "confusion_matrix": [
        [
          81.00000000000001,
          18.999999999999996,
          0.0
        ],
        [
          65.0,
          35.0,
          0.0
        ],
        [
          97.33333333333334,
          2.666666666666667,
          0.0
        ]
      ]
    },
    {
      "participant": "3248",
      "n_seeds": 20,
      "test_acc_mean": 0.25222222222222224,
      "test_acc_std": 0.035522645588098416,
      "test_bal_acc_mean": 0.25222222222222224,
      "test_bal_acc_std": 0.035522645588098416,
      "test_f1_mean": 0.20174530073907007,
      "test_f1_std": 0.03201298280211999,
      "test_kappa_mean": -0.12166666666666673,
      "test_kappa_std": 0.05328396838214761,
      "confusion_matrix": [
        [
          1.0,
          91.66666666666667,
          7.333333333333334
        ],
        [
          3.6666666666666665,
          50.00000000000001,
          46.333333333333336
        ],
        [
          0.0,
          75.33333333333334,
          24.666666666666668
        ]
      ]
    },
    {
      "participant": "3249",
      "n_seeds": 20,
      "test_acc_mean": 0.5666666666666667,
      "test_acc_std": 0.07334928056269076,
      "test_bal_acc_mean": 0.5666666666666667,
      "test_bal_acc_std": 0.07334928056269076,
      "test_f1_mean": 0.7206860530773573,
      "test_f1_std": 0.06121741027810935,
      "test_kappa_mean": 0.0,
      "test_kappa_std": 0.0,
      "confusion_matrix": [
        [
          0.0,
          0.0,
          0.0
        ],
        [
          0.0,
          0.0,
          0.0
        ],
        [
          2.0,
          41.33333333333333,
          56.666666666666664
        ]
      ]
    },
    {
      "participant": "3250",
      "n_seeds": 20,
      "test_acc_mean": 0.3866666666666667,
      "test_acc_std": 0.03256422653622429,
      "test_bal_acc_mean": 0.38666666666666677,
      "test_bal_acc_std": 0.03256422653622429,
      "test_f1_mean": 0.38157828530436677,
      "test_f1_std": 0.03504044918753963,
      "test_kappa_mean": 0.07999999999999997,
      "test_kappa_std": 0.048846339804336426,
      "confusion_matrix": [
        [
          26.333333333333325,
          5.666666666666668,
          68.0
        ],
        [
          14.333333333333334,
          34.99999999999999,
          50.66666666666666
        ],
        [
          18.666666666666664,
          26.666666666666664,
          54.666666666666664
        ]
      ]
    }
  ],
  "selected_features": [],
  "n_participants": 39,
  "n_seeds": 20,
  "n_features": 90,
  "timestamp": "2025-10-20T07:30:40.074983"
}