{
  "name": "eye_gsr_ecg",
  "config": {
    "n_seeds": 20,
    "feature_selection": "none",
    "use_pose_derivatives": true,
    "use_time_features": false,
    "include_order": false,
    "normalize_features": true,
    "class_config": "all",
    "use_pca": false,
    "pca_variance": 0.9,
    "write_cm": true,
    "tune_hyperparameters": false,
    "tune_n_iter": 30,
    "tune_cv_folds": 5,
    "name": "eye_gsr_ecg",
    "feature_groups": [
      "eye_tracking",
      "gsr",
      "ecg"
    ],
    "split_strategy": "lopo"
  },
  "metrics": {
    "test_acc_mean": 0.39868280006615053,
    "test_acc_std": 0.11943386158829843,
    "test_bal_acc_mean": 0.40156239958871537,
    "test_bal_acc_std": 0.1211663472573696,
    "test_f1_mean": 0.33662652833047974,
    "test_f1_std": 0.12476963318640918,
    "test_kappa_mean": 0.09415561400742724,
    "test_kappa_std": 0.17727467706377834
  },
  "confusion_matrix": [
    [
      49.734335839599005,
      17.28571428571429,
      27.716791979949868
    ],
    [
      39.64411027568922,
      18.018796992481203,
      39.705513784461154
    ],
    [
      33.133940620782724,
      17.198717948717945,
      49.667341430499334
    ]
  ],
  "participant_results": [
    {
      "participant": "3208",
      "n_seeds": 20,
      "test_acc_mean": 0.25,
      "test_acc_std": 0.0727711929524087,
      "test_bal_acc_mean": 0.25,
      "test_bal_acc_std": 0.0727711929524087,
      "test_f1_mean": 0.1987223990710841,
      "test_f1_std": 0.051643421795487456,
      "test_kappa_mean": -0.12499999999999996,
      "test_kappa_std": 0.10915678942861304,
      "confusion_matrix": [
        [
          1.3333333333333335,
          98.0,
          0.6666666666666667
        ],
        [
          0.0,
          48.666666666666664,
          51.333333333333336
        ],
        [
          0.33333333333333337,
          74.66666666666666,
          24.999999999999996
        ]
      ]
    },
    {
      "participant": "3209",
      "n_seeds": 20,
      "test_acc_mean": 0.3965909090909091,
      "test_acc_std": 0.024978241945399313,
      "test_bal_acc_mean": 0.4071428571428572,
      "test_bal_acc_std": 0.0242181586433216,
      "test_f1_mean": 0.3311961610054298,
      "test_f1_std": 0.034102518450136766,
      "test_kappa_mean": 0.1093924742823662,
      "test_kappa_std": 0.03616347812673711,
      "confusion_matrix": [
        [
          35.00000000000001,
          8.666666666666668,
          56.33333333333333
        ],
        [
          0.0,
          0.0,
          100.0
        ],
        [
          0.0,
          12.857142857142852,
          87.14285714285715
        ]
      ]
    },
    {
      "participant": "3210",
      "n_seeds": 20,
      "test_acc_mean": 0.49833333333333335,
      "test_acc_std": 0.007453559924999299,
      "test_bal_acc_mean": 0.49833333333333335,
      "test_bal_acc_std": 0.007453559924999299,
      "test_f1_mean": 0.3325757575757575,
      "test_f1_std": 0.003387981784090588,
      "test_kappa_mean": -0.0033333333333333327,
      "test_kappa_std": 0.014907119849998596,
      "confusion_matrix": [
        [
          0.0,
          0.0,
          0.0
        ],
        [
          0.0,
          0.0,
          100.0
        ],
        [
          0.0,
          0.33333333333333337,
          99.66666666666666
        ]
      ]
    },
    {
      "participant": "3214",
      "n_seeds": 20,
      "test_acc_mean": 0.49777777777777776,
      "test_acc_std": 0.041039134083406176,
      "test_bal_acc_mean": 0.4977777777777777,
      "test_bal_acc_std": 0.04103913408340614,
      "test_f1_mean": 0.38661000381546884,
      "test_f1_std": 0.03927510481883272,
      "test_kappa_mean": 0.24666666666666665,
      "test_kappa_std": 0.06155870112510924,
      "confusion_matrix": [
        [
          0.0,
          46.666666666666664,
          53.33333333333335
        ],
        [
          0.0,
          49.33333333333333,
          50.66666666666667
        ],
        [
          0.0,
          0.0,
          100.0
        ]
      ]
    },
    {
      "participant": "3215",
      "n_seeds": 20,
      "test_acc_mean": 0.37666666666666665,
      "test_acc_std": 0.0233347256616058,
      "test_bal_acc_mean": 0.37666666666666665,
      "test_bal_acc_std": 0.023334725661605788,
      "test_f1_mean": 0.294553590706061,
      "test_f1_std": 0.026284647764932098,
      "test_kappa_mean": 0.065,
      "test_kappa_std": 0.03500208849240873,
      "confusion_matrix": [
        [
          92.33333333333333,
          7.666666666666667,
          0.0
        ],
        [
          97.33333333333331,
          2.6666666666666665,
          0.0
        ],
        [
          50.666666666666664,
          31.333333333333332,
          17.999999999999996
        ]
      ]
    },
    {
      "participant": "3216",
      "n_seeds": 20,
      "test_acc_mean": 0.472093023255814,
      "test_acc_std": 0.021473965508759026,
      "test_bal_acc_mean": 0.47145299145299147,
      "test_bal_acc_std": 0.02039703414062957,
      "test_f1_mean": 0.387583405755248,
      "test_f1_std": 0.036026805603697525,
      "test_kappa_mean": 0.20772156058275532,
      "test_kappa_std": 0.03196820066256334,
      "confusion_matrix": [
        [
          90.99999999999999,
          2.333333333333333,
          6.666666666666669
        ],
        [
          48.333333333333336,
          4.666666666666668,
          46.99999999999999
        ],
        [
          45.76923076923078,
          8.461538461538458,
          45.76923076923078
        ]
      ]
    },
    {
      "participant": "3217",
      "n_seeds": 20,
      "test_acc_mean": 0.5666666666666667,
      "test_acc_std": 0.026490647141300866,
      "test_bal_acc_mean": 0.5666666666666667,
      "test_bal_acc_std": 0.02649064714130088,
      "test_f1_mean": 0.45409706047472775,
      "test_f1_std": 0.02096565726714107,
      "test_kappa_mean": 0.35,
      "test_kappa_std": 0.039735970711951306,
      "confusion_matrix": [
        [
          83.66666666666666,
          0.0,
          16.333333333333336
        ],
        [
          44.000000000000014,
          0.0,
          55.999999999999986
        ],
        [
          13.666666666666668,
          0.0,
          86.33333333333334
        ]
      ]
    },
    {
      "participant": "3218",
      "n_seeds": 20,
      "test_acc_mean": 0.41555555555555557,
      "test_acc_std": 0.03955568697001627,
      "test_bal_acc_mean": 0.41555555555555557,
      "test_bal_acc_std": 0.03955568697001628,
      "test_f1_mean": 0.3710710531788533,
      "test_f1_std": 0.030949501978078452,
      "test_kappa_mean": 0.1233333333333333,
      "test_kappa_std": 0.059333530455024416,
      "confusion_matrix": [
        [
          0.33333333333333337,
          0.0,
          99.66666666666666
        ],
        [
          29.666666666666657,
          53.33333333333333,
          16.999999999999996
        ],
        [
          9.666666666666668,
          19.333333333333336,
          71.00000000000001
        ]
      ]
    },
    {
      "participant": "3219",
      "n_seeds": 20,
      "test_acc_mean": 0.5131578947368423,
      "test_acc_std": 0.03018628077244234,
      "test_bal_acc_mean": 0.5104761904761904,
      "test_bal_acc_std": 0.03183529638927306,
      "test_f1_mean": 0.4547538248736599,
      "test_f1_std": 0.027650517934977196,
      "test_kappa_mean": 0.2561091235573181,
      "test_kappa_std": 0.045428826534809376,
      "confusion_matrix": [
        [
          90.35714285714288,
          0.0,
          9.64285714285714
        ],
        [
          71.07142857142856,
          14.285714285714281,
          14.642857142857135
        ],
        [
          40.0,
          11.5,
          48.5
        ]
      ]
    },
    {
      "participant": "3220",
      "n_seeds": 20,
      "test_acc_mean": 0.3866666666666667,
      "test_acc_std": 0.02538846980344353,
      "test_bal_acc_mean": 0.3866666666666667,
      "test_bal_acc_std": 0.02538846980344352,
      "test_f1_mean": 0.3188939212537497,
      "test_f1_std": 0.029434076657101543,
      "test_kappa_mean": 0.07999999999999999,
      "test_kappa_std": 0.038082704705165296,
      "confusion_matrix": [
        [
          27.0,
          17.33333333333333,
          55.666666666666664
        ],
        [
          14.333333333333332,
          4.666666666666666,
          80.99999999999999
        ],
        [
          7.666666666666667,
          8.0,
          84.33333333333334
        ]
      ]
    },
    {
      "participant": "3221",
      "n_seeds": 20,
      "test_acc_mean": 0.48,
      "test_acc_std": 0.03335282081429253,
      "test_bal_acc_mean": 0.48,
      "test_bal_acc_std": 0.033352820814292534,
      "test_f1_mean": 0.4131813581871846,
      "test_f1_std": 0.04982951125300994,
      "test_kappa_mean": 0.22000000000000003,
      "test_kappa_std": 0.050029231221438826,
      "confusion_matrix": [
        [
          92.99999999999997,
          7.000000000000002,
          0.0
        ],
        [
          51.33333333333333,
          43.999999999999986,
          4.666666666666667
        ],
        [
          85.33333333333334,
          7.666666666666666,
          7.0
        ]
      ]
    },
    {
      "participant": "3223",
      "n_seeds": 20,
      "test_acc_mean": 0.0,
      "test_acc_std": 0.0,
      "test_bal_acc_mean": 0.0,
      "test_bal_acc_std": 0.0,
      "test_f1_mean": 0.0,
      "test_f1_std": 0.0,
      "test_kappa_mean": -0.5,
      "test_kappa_std": 1.1390647892519134e-16,
      "confusion_matrix": [
        [
          0.0,
          1.6666666666666667,
          98.33333333333333
        ],
        [
          100.0,
          0.0,
          0.0
        ],
        [
          100.0,
          0.0,
          0.0
        ]
      ]
    },
    {
      "participant": "3224",
      "n_seeds": 20,
      "test_acc_mean": 0.4583333333333333,
      "test_acc_std": 0.05284314204150538,
      "test_bal_acc_mean": 0.5992063492063493,
      "test_bal_acc_std": 0.04229104133269072,
      "test_f1_mean": 0.41054955979842234,
      "test_f1_std": 0.06006073419582772,
      "test_kappa_mean": 0.27828926702320894,
      "test_kappa_std": 0.050693056549663676,
      "confusion_matrix": [
        [
          100.0,
          0.0,
          0.0
        ],
        [
          68.57142857142856,
          8.928571428571425,
          22.5
        ],
        [
          29.166666666666664,
          0.0,
          70.83333333333333
        ]
      ]
    },
    {
      "participant": "3225",
      "n_seeds": 20,
      "test_acc_mean": 0.37333333333333335,
      "test_acc_std": 0.049742677683312475,
      "test_bal_acc_mean": 0.37333333333333335,
      "test_bal_acc_std": 0.049742677683312475,
      "test_f1_mean": 0.3615194326903163,
      "test_f1_std": 0.04442525083657573,
      "test_kappa_mean": 0.059999999999999984,
      "test_kappa_std": 0.07461401652496873,
      "confusion_matrix": [
        [
          21.333333333333336,
          1.0,
          77.66666666666666
        ],
        [
          0.0,
          30.666666666666668,
          69.33333333333334
        ],
        [
          0.0,
          40.0,
          59.999999999999986
        ]
      ]
    },
    {
      "participant": "3226",
      "n_seeds": 20,
      "test_acc_mean": 0.32555555555555554,
      "test_acc_std": 0.03552264558809842,
      "test_bal_acc_mean": 0.3255555555555555,
      "test_bal_acc_std": 0.0355226455880984,
      "test_f1_mean": 0.28210184063314603,
      "test_f1_std": 0.032566883211732046,
      "test_kappa_mean": -0.011666666666666681,
      "test_kappa_std": 0.053283968382147634,
      "confusion_matrix": [
        [
          62.0,
          18.666666666666668,
          19.333333333333336
        ],
        [
          50.00000000000001,
          2.9999999999999996,
          46.99999999999999
        ],
        [
          45.66666666666667,
          21.666666666666664,
          32.66666666666667
        ]
      ]
    },
    {
      "participant": "3227",
      "n_seeds": 20,
      "test_acc_mean": 0.6177777777777778,
      "test_acc_std": 0.03427519254375722,
      "test_bal_acc_mean": 0.6177777777777778,
      "test_bal_acc_std": 0.03427519254375723,
      "test_f1_mean": 0.5612795490678402,
      "test_f1_std": 0.028261338708230402,
      "test_kappa_mean": 0.42666666666666675,
      "test_kappa_std": 0.051412788815635824,
      "confusion_matrix": [
        [
          94.66666666666664,
          0.0,
          5.333333333333334
        ],
        [
          73.0,
          14.000000000000004,
          13.000000000000004
        ],
        [
          10.999999999999998,
          12.333333333333332,
          76.66666666666667
        ]
      ]
    },
    {
      "participant": "3228",
      "n_seeds": 20,
      "test_acc_mean": 0.373611111111111,
      "test_acc_std": 0.016800147745258325,
      "test_bal_acc_mean": 0.4905555555555556,
      "test_bal_acc_std": 0.02844805349911024,
      "test_f1_mean": 0.3263778800644049,
      "test_f1_std": 0.016151540312005958,
      "test_kappa_mean": 0.17868004174472865,
      "test_kappa_std": 0.024973969410705035,
      "confusion_matrix": [
        [
          95.83333333333333,
          0.0,
          4.166666666666666
        ],
        [
          92.33333333333333,
          0.0,
          7.666666666666667
        ],
        [
          41.666666666666664,
          7.0,
          51.33333333333333
        ]
      ]
    },
    {
      "participant": "3229",
      "n_seeds": 20,
      "test_acc_mean": 0.5177777777777778,
      "test_acc_std": 0.03753274507102567,
      "test_bal_acc_mean": 0.5177777777777778,
      "test_bal_acc_std": 0.037532745071025685,
      "test_f1_mean": 0.47975767340298797,
      "test_f1_std": 0.05679282439964517,
      "test_kappa_mean": 0.2766666666666667,
      "test_kappa_std": 0.05629911760653854,
      "confusion_matrix": [
        [
          33.66666666666667,
          5.000000000000001,
          61.333333333333336
        ],
        [
          18.333333333333336,
          28.333333333333332,
          53.333333333333336
        ],
        [
          4.0,
          2.6666666666666665,
          93.3333333333333
        ]
      ]
    },
    {
      "participant": "3230",
      "n_seeds": 20,
      "test_acc_mean": 0.29222222222222216,
      "test_acc_std": 0.008141056634056083,
      "test_bal_acc_mean": 0.29222222222222227,
      "test_bal_acc_std": 0.008141056634056064,
      "test_f1_mean": 0.18923435614581927,
      "test_f1_std": 0.015832520620221002,
      "test_kappa_mean": -0.06166666666666667,
      "test_kappa_std": 0.012211584951084065,
      "confusion_matrix": [
        [
          80.0,
          0.0,
          20.0
        ],
        [
          73.66666666666666,
          1.0,
          25.333333333333336
        ],
        [
          93.3333333333333,
          0.0,
          6.666666666666669
        ]
      ]
    },
    {
      "participant": "3232",
      "n_seeds": 20,
      "test_acc_mean": 0.4855555555555555,
      "test_acc_std": 0.036246933055714095,
      "test_bal_acc_mean": 0.4855555555555555,
      "test_bal_acc_std": 0.03624693305571409,
      "test_f1_mean": 0.4905526004216149,
      "test_f1_std": 0.03741464123564976,
      "test_kappa_mean": 0.22833333333333333,
      "test_kappa_std": 0.05437039958357116,
      "confusion_matrix": [
        [
          43.0,
          57.0,
          0.0
        ],
        [
          21.666666666666664,
          37.33333333333333,
          41.00000000000001
        ],
        [
          4.666666666666666,
          29.999999999999993,
          65.33333333333333
        ]
      ]
    },
    {
      "participant": "3233",
      "n_seeds": 20,
      "test_acc_mean": 0.3011111111111111,
      "test_acc_std": 0.028362271656925873,
      "test_bal_acc_mean": 0.3011111111111111,
      "test_bal_acc_std": 0.02836227165692587,
      "test_f1_mean": 0.190906313932716,
      "test_f1_std": 0.02736144821839163,
      "test_kappa_mean": -0.048333333333333346,
      "test_kappa_std": 0.04254340748538883,
      "confusion_matrix": [
        [
          86.66666666666666,
          13.333333333333332,
          0.0
        ],
        [
          92.33333333333331,
          1.0,
          6.666666666666669
        ],
        [
          57.666666666666664,
          39.66666666666667,
          2.6666666666666665
        ]
      ]
    },
    {
      "participant": "3234",
      "n_seeds": 20,
      "test_acc_mean": 0.37777777777777777,
      "test_acc_std": 0.033039641852223474,
      "test_bal_acc_mean": 0.3777777777777777,
      "test_bal_acc_std": 0.03303964185222347,
      "test_f1_mean": 0.3098642396128003,
      "test_f1_std": 0.04651367124564696,
      "test_kappa_mean": 0.06666666666666665,
      "test_kappa_std": 0.0495594627783352,
      "confusion_matrix": [
        [
          9.333333333333332,
          42.99999999999999,
          47.666666666666664
        ],
        [
          0.0,
          21.333333333333332,
          78.66666666666667
        ],
        [
          0.0,
          17.333333333333332,
          82.66666666666667
        ]
      ]
    },
    {
      "participant": "3235",
      "n_seeds": 20,
      "test_acc_mean": 0.29772727272727284,
      "test_acc_std": 0.006995306946035135,
      "test_bal_acc_mean": 0.3117460317460317,
      "test_bal_acc_std": 0.006839855680567687,
      "test_f1_mean": 0.15004485645933016,
      "test_f1_std": 0.013812988287025898,
      "test_kappa_mean": -0.030974516262262376,
      "test_kappa_std": 0.010078123363590588,
      "confusion_matrix": [
        [
          92.85714285714288,
          0.0,
          7.142857142857141
        ],
        [
          99.33333333333334,
          0.6666666666666667,
          0.0
        ],
        [
          98.99999999999999,
          1.0,
          0.0
        ]
      ]
    },
    {
      "participant": "3236",
      "n_seeds": 20,
      "test_acc_mean": 0.5459459459459459,
      "test_acc_std": 0.025714950869932664,
      "test_bal_acc_mean": 0.4488888888888889,
      "test_bal_acc_std": 0.021143404048611283,
      "test_f1_mean": 0.4983271472648522,
      "test_f1_std": 0.019591369438646835,
      "test_kappa_mean": 0.2538522750333423,
      "test_kappa_std": 0.03592367646219557,
      "confusion_matrix": [
        [
          41.666666666666664,
          8.666666666666668,
          49.666666666666664
        ],
        [
          0.0,
          0.0,
          100.0
        ],
        [
          0.0,
          7.000000000000002,
          93.0
        ]
      ]
    },
    {
      "participant": "3237",
      "n_seeds": 20,
      "test_acc_mean": 0.40595238095238095,
      "test_acc_std": 0.04469399744180244,
      "test_bal_acc_mean": 0.38166666666666665,
      "test_bal_acc_std": 0.042885676939389765,
      "test_f1_mean": 0.3648277998651429,
      "test_f1_std": 0.04245948324231668,
      "test_kappa_mean": 0.09248425071376547,
      "test_kappa_std": 0.06653893013388602,
      "confusion_matrix": [
        [
          73.66666666666666,
          22.333333333333336,
          4.0
        ],
        [
          55.833333333333336,
          4.166666666666666,
          39.99999999999999
        ],
        [
          43.33333333333333,
          20.0,
          36.666666666666664
        ]
      ]
    },
    {
      "participant": "3238",
      "n_seeds": 20,
      "test_acc_mean": 0.43000000000000005,
      "test_acc_std": 0.02195748742595742,
      "test_bal_acc_mean": 0.43000000000000005,
      "test_bal_acc_std": 0.021957487425957423,
      "test_f1_mean": 0.3437069336973537,
      "test_f1_std": 0.02649713705504392,
      "test_kappa_mean": 0.14499999999999996,
      "test_kappa_std": 0.03293623113893614,
      "confusion_matrix": [
        [
          28.333333333333332,
          19.666666666666668,
          52.0
        ],
        [
          2.333333333333333,
          2.0,
          95.66666666666666
        ],
        [
          0.0,
          1.3333333333333335,
          98.66666666666666
        ]
      ]
    },
    {
      "participant": "3239",
      "n_seeds": 20,
      "test_acc_mean": 0.3409090909090909,
      "test_acc_std": 0.0,
      "test_bal_acc_mean": 0.33333333333333326,
      "test_bal_acc_std": 5.695323946259567e-17,
      "test_f1_mean": 0.17633228840125392,
      "test_f1_std": 0.0,
      "test_kappa_mean": 0.000783085356303781,
      "test_kappa_std": 0.0,
      "confusion_matrix": [
        [
          100.0,
          0.0,
          0.0
        ],
        [
          100.0,
          0.0,
          0.0
        ],
        [
          93.3333333333333,
          6.666666666666669,
          0.0
        ]
      ]
    },
    {
      "participant": "3240",
      "n_seeds": 20,
      "test_acc_mean": 0.4395348837209303,
      "test_acc_std": 0.018327184317497948,
      "test_bal_acc_mean": 0.4264285714285715,
      "test_bal_acc_std": 0.018698236819293324,
      "test_f1_mean": 0.34884060706376996,
      "test_f1_std": 0.03226937776665116,
      "test_kappa_mean": 0.14233254890677655,
      "test_kappa_std": 0.028551788647029785,
      "confusion_matrix": [
        [
          6.071428571428569,
          93.21428571428574,
          0.7142857142857142
        ],
        [
          1.0,
          98.99999999999999,
          0.0
        ],
        [
          0.0,
          77.14285714285715,
          22.857142857142858
        ]
      ]
    },
    {
      "participant": "3241",
      "n_seeds": 20,
      "test_acc_mean": 0.17777777777777776,
      "test_acc_std": 0.05812759597562188,
      "test_bal_acc_mean": 0.17777777777777778,
      "test_bal_acc_std": 0.05812759597562189,
      "test_f1_mean": 0.1749912250079912,
      "test_f1_std": 0.05772784673139468,
      "test_kappa_mean": -0.2333333333333334,
      "test_kappa_std": 0.08719139396343285,
      "confusion_matrix": [
        [
          16.333333333333332,
          34.666666666666664,
          49.00000000000001
        ],
        [
          48.33333333333333,
          14.666666666666666,
          37.0
        ],
        [
          65.99999999999999,
          11.666666666666666,
          22.333333333333336
        ]
      ]
    },
    {
      "participant": "3242",
      "n_seeds": 20,
      "test_acc_mean": 0.3277777777777777,
      "test_acc_std": 0.022656573833696514,
      "test_bal_acc_mean": 0.3277777777777777,
      "test_bal_acc_std": 0.02265657383369651,
      "test_f1_mean": 0.28252591340580013,
      "test_f1_std": 0.020614844453763565,
      "test_kappa_mean": -0.008333333333333382,
      "test_kappa_std": 0.03398486075054482,
      "confusion_matrix": [
        [
          19.666666666666664,
          31.333333333333325,
          49.0
        ],
        [
          27.666666666666657,
          72.33333333333334,
          0.0
        ],
        [
          34.66666666666667,
          58.999999999999986,
          6.333333333333335
        ]
      ]
    },
    {
      "participant": "3243",
      "n_seeds": 20,
      "test_acc_mean": 0.5693181818181818,
      "test_acc_std": 0.05734208225696167,
      "test_bal_acc_mean": 0.5648412698412698,
      "test_bal_acc_std": 0.05636544178785633,
      "test_f1_mean": 0.5303278607201888,
      "test_f1_std": 0.07578742413606596,
      "test_kappa_mean": 0.34998703847953067,
      "test_kappa_std": 0.08656610610295587,
      "confusion_matrix": [
        [
          36.785714285714285,
          10.714285714285712,
          52.5
        ],
        [
          10.666666666666666,
          32.66666666666667,
          56.666666666666664
        ],
        [
          0.0,
          0.0,
          100.0
        ]
      ]
    },
    {
      "participant": "3244",
      "n_seeds": 20,
      "test_acc_mean": 0.43000000000000005,
      "test_acc_std": 0.03695702859150326,
      "test_bal_acc_mean": 0.43000000000000005,
      "test_bal_acc_std": 0.036957028591503266,
      "test_f1_mean": 0.39908905462742,
      "test_f1_std": 0.05266563425297472,
      "test_kappa_mean": 0.145,
      "test_kappa_std": 0.05543554288725489,
      "confusion_matrix": [
        [
          61.33333333333333,
          4.0,
          34.66666666666667
        ],
        [
          46.66666666666667,
          16.333333333333332,
          37.0
        ],
        [
          48.666666666666664,
          0.0,
          51.33333333333335
        ]
      ]
    },
    {
      "participant": "3245",
      "n_seeds": 20,
      "test_acc_mean": 0.5546511627906977,
      "test_acc_std": 0.05954243755627728,
      "test_bal_acc_mean": 0.5352991452991452,
      "test_bal_acc_std": 0.058091271414403,
      "test_f1_mean": 0.4942423315083171,
      "test_f1_std": 0.07138960691442896,
      "test_kappa_mean": 0.32006969482472486,
      "test_kappa_std": 0.09151172081004348,
      "confusion_matrix": [
        [
          96.66666666666666,
          3.3333333333333335,
          0.0
        ],
        [
          34.333333333333336,
          52.0,
          13.666666666666666
        ],
        [
          66.15384615384615,
          21.923076923076923,
          11.923076923076923
        ]
      ]
    },
    {
      "participant": "3246",
      "n_seeds": 20,
      "test_acc_mean": 0.37222222222222234,
      "test_acc_std": 0.02147879259907247,
      "test_bal_acc_mean": 0.37222222222222234,
      "test_bal_acc_std": 0.021478792599072455,
      "test_f1_mean": 0.341929261722293,
      "test_f1_std": 0.019247730402646098,
      "test_kappa_mean": 0.05833333333333328,
      "test_kappa_std": 0.032218188898608724,
      "confusion_matrix": [
        [
          70.33333333333334,
          2.0,
          27.666666666666664
        ],
        [
          20.666666666666664,
          14.666666666666668,
          64.66666666666666
        ],
        [
          72.99999999999999,
          0.33333333333333337,
          26.666666666666675
        ]
      ]
    },
    {
      "participant": "3247",
      "n_seeds": 20,
      "test_acc_mean": 0.3177777777777777,
      "test_acc_std": 0.01044805213292504,
      "test_bal_acc_mean": 0.3177777777777777,
      "test_bal_acc_std": 0.01044805213292504,
      "test_f1_mean": 0.17542798996526138,
      "test_f1_std": 0.020390055625374416,
      "test_kappa_mean": -0.023333333333333407,
      "test_kappa_std": 0.015672078199387623,
      "confusion_matrix": [
        [
          1.6666666666666667,
          7.666666666666667,
          90.66666666666666
        ],
        [
          0.0,
          0.6666666666666667,
          99.33333333333333
        ],
        [
          7.0,
          0.0,
          92.99999999999997
        ]
      ]
    },
    {
      "participant": "3248",
      "n_seeds": 20,
      "test_acc_mean": 0.32045454545454544,
      "test_acc_std": 0.03604827366085364,
      "test_bal_acc_mean": 0.3166666666666667,
      "test_bal_acc_std": 0.03611719265396308,
      "test_f1_mean": 0.2899175974062124,
      "test_f1_std": 0.03465665498504821,
      "test_kappa_mean": -0.027480178626990138,
      "test_kappa_std": 0.055049233093994454,
      "confusion_matrix": [
        [
          14.999999999999996,
          83.92857142857142,
          1.0714285714285714
        ],
        [
          13.666666666666668,
          8.333333333333332,
          78.0
        ],
        [
          2.0,
          26.333333333333336,
          71.66666666666667
        ]
      ]
    },
    {
      "participant": "3249",
      "n_seeds": 20,
      "test_acc_mean": 0.33,
      "test_acc_std": 0.11940397791330265,
      "test_bal_acc_mean": 0.33,
      "test_bal_acc_std": 0.11940397791330265,
      "test_f1_mean": 0.4845505416645543,
      "test_f1_std": 0.13769133133079417,
      "test_kappa_mean": 0.0,
      "test_kappa_std": 0.0,
      "confusion_matrix": [
        [
          0.0,
          0.0,
          0.0
        ],
        [
          0.0,
          0.0,
          0.0
        ],
        [
          6.333333333333335,
          60.666666666666664,
          32.99999999999999
        ]
      ]
    },
    {
      "participant": "3250",
      "n_seeds": 20,
      "test_acc_mean": 0.3133333333333333,
      "test_acc_std": 0.014238295011493055,
      "test_bal_acc_mean": 0.3133333333333333,
      "test_bal_acc_std": 0.014238295011493039,
      "test_f1_mean": 0.19134468611119798,
      "test_f1_std": 0.0195254517030492,
      "test_kappa_mean": -0.03000000000000001,
      "test_kappa_std": 0.021357442517239533,
      "confusion_matrix": [
        [
          89.00000000000001,
          8.000000000000002,
          2.9999999999999996
        ],
        [
          100.0,
          0.0,
          0.0
        ],
        [
          79.33333333333331,
          15.666666666666668,
          5.000000000000001
        ]
      ]
    }
  ],
  "selected_features": [],
  "n_participants": 38,
  "n_seeds": 20,
  "n_features": 108,
  "timestamp": "2025-10-20T09:08:55.617307"
}