{
  "name": "eye_ecg",
  "config": {
    "n_seeds": 20,
    "feature_selection": "none",
    "use_pose_derivatives": true,
    "use_time_features": false,
    "include_order": false,
    "normalize_features": true,
    "class_config": "all",
    "use_pca": false,
    "pca_variance": 0.9,
    "write_cm": true,
    "tune_hyperparameters": false,
    "tune_n_iter": 30,
    "tune_cv_folds": 5,
    "name": "eye_ecg",
    "feature_groups": [
      "eye_tracking",
      "ecg"
    ],
    "split_strategy": "lopo"
  },
  "metrics": {
    "test_acc_mean": 0.40320590923865096,
    "test_acc_std": 0.11429669309425528,
    "test_bal_acc_mean": 0.4033936604331341,
    "test_bal_acc_std": 0.1146437697626064,
    "test_f1_mean": 0.3397057165601424,
    "test_f1_std": 0.12401009846448176,
    "test_kappa_mean": 0.09595512288588379,
    "test_kappa_std": 0.1711685333634797
  },
  "confusion_matrix": [
    [
      49.875313283208015,
      17.995614035087716,
      26.86591478696742
    ],
    [
      39.62781954887219,
      18.12437343358396,
      39.61622807017543
    ],
    [
      34.202091767881235,
      16.16107576633892,
      49.63683246577983
    ]
  ],
  "participant_results": [
    {
      "participant": "3208",
      "n_seeds": 20,
      "test_acc_mean": 0.34111111111111103,
      "test_acc_std": 0.018060615575272207,
      "test_bal_acc_mean": 0.34111111111111103,
      "test_bal_acc_std": 0.018060615575272207,
      "test_f1_mean": 0.348115779583937,
      "test_f1_std": 0.0159219458808497,
      "test_kappa_mean": 0.011666666666666659,
      "test_kappa_std": 0.027090923362908297,
      "confusion_matrix": [
        [
          56.999999999999986,
          30.0,
          13.0
        ],
        [
          0.0,
          0.6666666666666667,
          99.33333333333334
        ],
        [
          7.999999999999998,
          47.33333333333333,
          44.666666666666664
        ]
      ]
    },
    {
      "participant": "3209",
      "n_seeds": 20,
      "test_acc_mean": 0.42159090909090907,
      "test_acc_std": 0.018763135170043098,
      "test_bal_acc_mean": 0.43206349206349215,
      "test_bal_acc_std": 0.018615254360298764,
      "test_f1_mean": 0.35513260678583713,
      "test_f1_std": 0.02196332877532925,
      "test_kappa_mean": 0.14634339089833395,
      "test_kappa_std": 0.0272653081011267,
      "confusion_matrix": [
        [
          40.33333333333333,
          4.666666666666667,
          55.0
        ],
        [
          0.0,
          0.0,
          100.0
        ],
        [
          0.0,
          10.71428571428571,
          89.2857142857143
        ]
      ]
    },
    {
      "participant": "3210",
      "n_seeds": 20,
      "test_acc_mean": 0.4916666666666667,
      "test_acc_std": 0.021288879121950165,
      "test_bal_acc_mean": 0.4916666666666667,
      "test_bal_acc_std": 0.021288879121950165,
      "test_f1_mean": 0.32947498238195905,
      "test_f1_std": 0.009880316238819032,
      "test_kappa_mean": -0.016666666666666663,
      "test_kappa_std": 0.04257775824390033,
      "confusion_matrix": [
        [
          0.0,
          0.0,
          0.0
        ],
        [
          0.0,
          0.0,
          100.0
        ],
        [
          0.0,
          1.6666666666666667,
          98.33333333333334
        ]
      ]
    },
    {
      "participant": "3214",
      "n_seeds": 20,
      "test_acc_mean": 0.49111111111111105,
      "test_acc_std": 0.04197836628392588,
      "test_bal_acc_mean": 0.49111111111111105,
      "test_bal_acc_std": 0.0419783662839259,
      "test_f1_mean": 0.3816097809590991,
      "test_f1_std": 0.03911143761008289,
      "test_kappa_mean": 0.23666666666666666,
      "test_kappa_std": 0.06296754942588886,
      "confusion_matrix": [
        [
          0.0,
          41.0,
          59.0
        ],
        [
          0.0,
          47.33333333333333,
          52.666666666666664
        ],
        [
          0.0,
          0.0,
          100.0
        ]
      ]
    },
    {
      "participant": "3215",
      "n_seeds": 20,
      "test_acc_mean": 0.3866666666666667,
      "test_acc_std": 0.01116943755444523,
      "test_bal_acc_mean": 0.3866666666666667,
      "test_bal_acc_std": 0.011169437554445202,
      "test_f1_mean": 0.2685532815483707,
      "test_f1_std": 0.017708128296835518,
      "test_kappa_mean": 0.08,
      "test_kappa_std": 0.016754156331667793,
      "confusion_matrix": [
        [
          100.0,
          0.0,
          0.0
        ],
        [
          100.0,
          0.0,
          0.0
        ],
        [
          76.66666666666666,
          7.333333333333334,
          16.000000000000004
        ]
      ]
    },
    {
      "participant": "3216",
      "n_seeds": 20,
      "test_acc_mean": 0.48604651162790696,
      "test_acc_std": 0.027099707098915328,
      "test_bal_acc_mean": 0.48290598290598286,
      "test_bal_acc_std": 0.026681541925383835,
      "test_f1_mean": 0.42653454734523955,
      "test_f1_std": 0.034695912195841824,
      "test_kappa_mean": 0.22833075082905735,
      "test_kappa_std": 0.040844677496577546,
      "confusion_matrix": [
        [
          90.99999999999997,
          2.333333333333333,
          6.666666666666669
        ],
        [
          38.66666666666667,
          12.333333333333336,
          49.0
        ],
        [
          42.30769230769231,
          16.153846153846153,
          41.53846153846154
        ]
      ]
    },
    {
      "participant": "3217",
      "n_seeds": 20,
      "test_acc_mean": 0.5755555555555555,
      "test_acc_std": 0.030503677384589315,
      "test_bal_acc_mean": 0.5755555555555556,
      "test_bal_acc_std": 0.030503677384589322,
      "test_f1_mean": 0.462427025643143,
      "test_f1_std": 0.025124766886421117,
      "test_kappa_mean": 0.36333333333333334,
      "test_kappa_std": 0.04575551607688397,
      "confusion_matrix": [
        [
          86.66666666666667,
          0.0,
          13.333333333333334
        ],
        [
          49.0,
          0.0,
          51.0
        ],
        [
          14.000000000000004,
          0.0,
          86.00000000000003
        ]
      ]
    },
    {
      "participant": "3218",
      "n_seeds": 20,
      "test_acc_mean": 0.4455555555555556,
      "test_acc_std": 0.04108660562511062,
      "test_bal_acc_mean": 0.4455555555555556,
      "test_bal_acc_std": 0.04108660562511063,
      "test_f1_mean": 0.3842856784243358,
      "test_f1_std": 0.029015422952003964,
      "test_kappa_mean": 0.1683333333333333,
      "test_kappa_std": 0.061629908437665935,
      "confusion_matrix": [
        [
          0.0,
          3.333333333333333,
          96.66666666666666
        ],
        [
          22.999999999999996,
          63.0,
          14.0
        ],
        [
          3.3333333333333335,
          26.0,
          70.66666666666667
        ]
      ]
    },
    {
      "participant": "3219",
      "n_seeds": 20,
      "test_acc_mean": 0.5046511627906977,
      "test_acc_std": 0.03547038305897313,
      "test_bal_acc_mean": 0.5034920634920634,
      "test_bal_acc_std": 0.03499498426770677,
      "test_f1_mean": 0.4663138538908174,
      "test_f1_std": 0.031744398121027896,
      "test_kappa_mean": 0.2578143821094172,
      "test_kappa_std": 0.05312668324332699,
      "confusion_matrix": [
        [
          80.71428571428574,
          0.0,
          19.28571428571429
        ],
        [
          71.07142857142856,
          14.999999999999995,
          13.928571428571422
        ],
        [
          26.0,
          18.666666666666664,
          55.333333333333336
        ]
      ]
    },
    {
      "participant": "3220",
      "n_seeds": 20,
      "test_acc_mean": 0.3655555555555555,
      "test_acc_std": 0.025465133701552543,
      "test_bal_acc_mean": 0.3655555555555555,
      "test_bal_acc_std": 0.02546513370155253,
      "test_f1_mean": 0.2938836346679753,
      "test_f1_std": 0.02966000726768847,
      "test_kappa_mean": 0.048333333333333325,
      "test_kappa_std": 0.038197700552328795,
      "confusion_matrix": [
        [
          23.0,
          20.333333333333336,
          56.666666666666664
        ],
        [
          14.333333333333334,
          3.6666666666666665,
          82.0
        ],
        [
          7.666666666666667,
          9.333333333333334,
          83.0
        ]
      ]
    },
    {
      "participant": "3221",
      "n_seeds": 20,
      "test_acc_mean": 0.4144444444444445,
      "test_acc_std": 0.020740044544149534,
      "test_bal_acc_mean": 0.4144444444444445,
      "test_bal_acc_std": 0.02074004454414956,
      "test_f1_mean": 0.3262674587416204,
      "test_f1_std": 0.02955459609477552,
      "test_kappa_mean": 0.12166666666666662,
      "test_kappa_std": 0.031110066816224306,
      "confusion_matrix": [
        [
          92.66666666666666,
          7.333333333333333,
          0.0
        ],
        [
          65.66666666666666,
          29.666666666666668,
          4.666666666666668
        ],
        [
          93.00000000000001,
          5.0,
          2.0
        ]
      ]
    },
    {
      "participant": "3223",
      "n_seeds": 20,
      "test_acc_mean": 0.0,
      "test_acc_std": 0.0,
      "test_bal_acc_mean": 0.0,
      "test_bal_acc_std": 0.0,
      "test_f1_mean": 0.0,
      "test_f1_std": 0.0,
      "test_kappa_mean": -0.4999999999999999,
      "test_kappa_std": 1.1390647892519134e-16,
      "confusion_matrix": [
        [
          0.0,
          3.333333333333333,
          96.66666666666666
        ],
        [
          100.0,
          0.0,
          0.0
        ],
        [
          100.0,
          0.0,
          0.0
        ]
      ]
    },
    {
      "participant": "3224",
      "n_seeds": 20,
      "test_acc_mean": 0.4166666666666667,
      "test_acc_std": 0.04118138454142282,
      "test_bal_acc_mean": 0.5694444444444445,
      "test_bal_acc_std": 0.03431782045118569,
      "test_f1_mean": 0.3368141342116934,
      "test_f1_std": 0.023788298276148985,
      "test_kappa_mean": 0.23854171108559444,
      "test_kappa_std": 0.03759793534836841,
      "confusion_matrix": [
        [
          100.0,
          0.0,
          0.0
        ],
        [
          79.2857142857143,
          0.0,
          20.714285714285715
        ],
        [
          29.166666666666664,
          0.0,
          70.83333333333334
        ]
      ]
    },
    {
      "participant": "3225",
      "n_seeds": 20,
      "test_acc_mean": 0.48999999999999994,
      "test_acc_std": 0.020989183141962943,
      "test_bal_acc_mean": 0.48999999999999994,
      "test_bal_acc_std": 0.02098918314196295,
      "test_f1_mean": 0.4406165664854841,
      "test_f1_std": 0.029987440178892114,
      "test_kappa_mean": 0.23499999999999996,
      "test_kappa_std": 0.03148377471294444,
      "confusion_matrix": [
        [
          28.666666666666668,
          0.0,
          71.33333333333334
        ],
        [
          0.0,
          18.666666666666664,
          81.33333333333334
        ],
        [
          0.0,
          0.33333333333333337,
          99.66666666666666
        ]
      ]
    },
    {
      "participant": "3226",
      "n_seeds": 20,
      "test_acc_mean": 0.2866666666666666,
      "test_acc_std": 0.034501932783859546,
      "test_bal_acc_mean": 0.2866666666666666,
      "test_bal_acc_std": 0.034501932783859546,
      "test_f1_mean": 0.2691228171507039,
      "test_f1_std": 0.032983414029803086,
      "test_kappa_mean": -0.07000000000000003,
      "test_kappa_std": 0.051752899175789346,
      "confusion_matrix": [
        [
          47.66666666666667,
          36.66666666666666,
          15.666666666666666
        ],
        [
          50.666666666666664,
          7.333333333333334,
          42.0
        ],
        [
          41.33333333333333,
          27.666666666666668,
          30.999999999999993
        ]
      ]
    },
    {
      "participant": "3227",
      "n_seeds": 20,
      "test_acc_mean": 0.5177777777777777,
      "test_acc_std": 0.046221772377478126,
      "test_bal_acc_mean": 0.5177777777777777,
      "test_bal_acc_std": 0.046221772377478106,
      "test_f1_mean": 0.480424993513339,
      "test_f1_std": 0.041170639054468806,
      "test_kappa_mean": 0.27666666666666667,
      "test_kappa_std": 0.06933265856621722,
      "confusion_matrix": [
        [
          87.0,
          5.666666666666667,
          7.333333333333334
        ],
        [
          69.33333333333334,
          15.0,
          15.666666666666668
        ],
        [
          6.333333333333335,
          40.33333333333333,
          53.333333333333336
        ]
      ]
    },
    {
      "participant": "3228",
      "n_seeds": 20,
      "test_acc_mean": 0.46111111111111114,
      "test_acc_std": 0.027807002170687104,
      "test_bal_acc_mean": 0.46111111111111114,
      "test_bal_acc_std": 0.027807002170687132,
      "test_f1_mean": 0.4017615302992944,
      "test_f1_std": 0.03085345226645761,
      "test_kappa_mean": 0.19166666666666662,
      "test_kappa_std": 0.04171050325603068,
      "confusion_matrix": [
        [
          80.33333333333334,
          6.333333333333334,
          13.333333333333334
        ],
        [
          88.33333333333334,
          4.333333333333334,
          7.333333333333334
        ],
        [
          41.333333333333336,
          5.000000000000001,
          53.66666666666667
        ]
      ]
    },
    {
      "participant": "3229",
      "n_seeds": 20,
      "test_acc_mean": 0.48,
      "test_acc_std": 0.03842243226091632,
      "test_bal_acc_mean": 0.48,
      "test_bal_acc_std": 0.03842243226091634,
      "test_f1_mean": 0.4118854627351965,
      "test_f1_std": 0.05334756645963316,
      "test_kappa_mean": 0.21999999999999997,
      "test_kappa_std": 0.05763364839137451,
      "confusion_matrix": [
        [
          50.00000000000001,
          1.3333333333333335,
          48.66666666666667
        ],
        [
          46.33333333333332,
          7.999999999999998,
          45.66666666666667
        ],
        [
          6.666666666666669,
          7.333333333333333,
          85.99999999999999
        ]
      ]
    },
    {
      "participant": "3230",
      "n_seeds": 20,
      "test_acc_mean": 0.2899999999999999,
      "test_acc_std": 0.008756321396137919,
      "test_bal_acc_mean": 0.29,
      "test_bal_acc_std": 0.008756321396137913,
      "test_f1_mean": 0.18357033776845094,
      "test_f1_std": 0.016263033366862474,
      "test_kappa_mean": -0.065,
      "test_kappa_std": 0.013134482094206857,
      "confusion_matrix": [
        [
          80.0,
          0.0,
          20.0
        ],
        [
          81.33333333333333,
          0.6666666666666667,
          18.0
        ],
        [
          93.66666666666664,
          0.0,
          6.333333333333335
        ]
      ]
    },
    {
      "participant": "3232",
      "n_seeds": 20,
      "test_acc_mean": 0.4344444444444445,
      "test_acc_std": 0.041714397612348936,
      "test_bal_acc_mean": 0.4344444444444444,
      "test_bal_acc_std": 0.04171439761234895,
      "test_f1_mean": 0.44115449706222715,
      "test_f1_std": 0.04292980804735729,
      "test_kappa_mean": 0.15166666666666662,
      "test_kappa_std": 0.06257159641852342,
      "confusion_matrix": [
        [
          42.33333333333333,
          57.666666666666664,
          0.0
        ],
        [
          34.666666666666664,
          30.666666666666668,
          34.666666666666664
        ],
        [
          10.0,
          32.666666666666664,
          57.33333333333333
        ]
      ]
    },
    {
      "participant": "3233",
      "n_seeds": 20,
      "test_acc_mean": 0.32222222222222213,
      "test_acc_std": 0.016908575783392926,
      "test_bal_acc_mean": 0.32222222222222213,
      "test_bal_acc_std": 0.016908575783392926,
      "test_f1_mean": 0.1860396331356792,
      "test_f1_std": 0.01556680656844656,
      "test_kappa_mean": -0.016666666666666795,
      "test_kappa_std": 0.02536286367508938,
      "confusion_matrix": [
        [
          95.33333333333331,
          4.666666666666668,
          0.0
        ],
        [
          91.99999999999999,
          1.3333333333333335,
          6.666666666666669
        ],
        [
          64.66666666666667,
          35.333333333333336,
          0.0
        ]
      ]
    },
    {
      "participant": "3234",
      "n_seeds": 20,
      "test_acc_mean": 0.37111111111111106,
      "test_acc_std": 0.05589370772012762,
      "test_bal_acc_mean": 0.37111111111111106,
      "test_bal_acc_std": 0.05589370772012761,
      "test_f1_mean": 0.3389368805812241,
      "test_f1_std": 0.06455719976698245,
      "test_kappa_mean": 0.05666666666666664,
      "test_kappa_std": 0.0838405615801914,
      "confusion_matrix": [
        [
          19.666666666666664,
          52.33333333333333,
          28.000000000000007
        ],
        [
          0.0,
          18.0,
          81.99999999999999
        ],
        [
          0.0,
          26.333333333333332,
          73.66666666666666
        ]
      ]
    },
    {
      "participant": "3235",
      "n_seeds": 20,
      "test_acc_mean": 0.303409090909091,
      "test_acc_std": 0.011121829202945284,
      "test_bal_acc_mean": 0.31730158730158725,
      "test_bal_acc_std": 0.010874677442879831,
      "test_f1_mean": 0.1612812463328819,
      "test_f1_std": 0.02177222231688012,
      "test_kappa_mean": -0.02312916246001363,
      "test_kappa_std": 0.015627012331619672,
      "confusion_matrix": [
        [
          92.85714285714288,
          1.0714285714285714,
          6.0714285714285685
        ],
        [
          97.66666666666666,
          2.333333333333333,
          0.0
        ],
        [
          96.33333333333334,
          3.6666666666666665,
          0.0
        ]
      ]
    },
    {
      "participant": "3236",
      "n_seeds": 20,
      "test_acc_mean": 0.5283783783783784,
      "test_acc_std": 0.028380071750601636,
      "test_bal_acc_mean": 0.4382539682539683,
      "test_bal_acc_std": 0.02666974959304537,
      "test_f1_mean": 0.47272842954695066,
      "test_f1_std": 0.030797083573020943,
      "test_kappa_mean": 0.23304339322470485,
      "test_kappa_std": 0.04129055300181846,
      "confusion_matrix": [
        [
          32.66666666666667,
          18.666666666666664,
          48.66666666666667
        ],
        [
          0.0,
          2.142857142857143,
          97.85714285714286
        ],
        [
          0.0,
          3.3333333333333335,
          96.66666666666667
        ]
      ]
    },
    {
      "participant": "3237",
      "n_seeds": 20,
      "test_acc_mean": 0.3678571428571429,
      "test_acc_std": 0.04469399744180244,
      "test_bal_acc_mean": 0.3475,
      "test_bal_acc_std": 0.04460770453008981,
      "test_f1_mean": 0.29251588146046476,
      "test_f1_std": 0.05753512786196846,
      "test_kappa_mean": 0.026771844745344702,
      "test_kappa_std": 0.06960695962409304,
      "confusion_matrix": [
        [
          81.66666666666666,
          18.333333333333336,
          0.0
        ],
        [
          57.5,
          6.249999999999998,
          36.25
        ],
        [
          80.66666666666666,
          3.0,
          16.333333333333336
        ]
      ]
    },
    {
      "participant": "3238",
      "n_seeds": 20,
      "test_acc_mean": 0.3944444444444445,
      "test_acc_std": 0.02147879259907247,
      "test_bal_acc_mean": 0.3944444444444445,
      "test_bal_acc_std": 0.02147879259907247,
      "test_f1_mean": 0.29449822288341715,
      "test_f1_std": 0.03208298652502689,
      "test_kappa_mean": 0.09166666666666665,
      "test_kappa_std": 0.03221818889860868,
      "confusion_matrix": [
        [
          17.333333333333336,
          28.333333333333325,
          54.333333333333336
        ],
        [
          1.6666666666666667,
          2.0,
          96.33333333333333
        ],
        [
          0.0,
          1.0,
          99.0
        ]
      ]
    },
    {
      "participant": "3239",
      "n_seeds": 20,
      "test_acc_mean": 0.378409090909091,
      "test_acc_std": 0.019888499543532293,
      "test_bal_acc_mean": 0.37,
      "test_bal_acc_std": 0.019446532887009337,
      "test_f1_mean": 0.24924308294435651,
      "test_f1_std": 0.03502473223610555,
      "test_kappa_mean": 0.05804623267316418,
      "test_kappa_std": 0.029957203693440387,
      "confusion_matrix": [
        [
          100.0,
          0.0,
          0.0
        ],
        [
          100.0,
          0.0,
          0.0
        ],
        [
          78.66666666666666,
          10.333333333333332,
          11.0
        ]
      ]
    },
    {
      "participant": "3240",
      "n_seeds": 20,
      "test_acc_mean": 0.43255813953488376,
      "test_acc_std": 0.0218680160921687,
      "test_bal_acc_mean": 0.4191269841269841,
      "test_bal_acc_std": 0.02242700133623089,
      "test_f1_mean": 0.32818164557241364,
      "test_f1_std": 0.0367608903774653,
      "test_kappa_mean": 0.13146488455112315,
      "test_kappa_std": 0.034198969791780436,
      "confusion_matrix": [
        [
          1.7857142857142854,
          95.71428571428574,
          2.499999999999999
        ],
        [
          0.33333333333333337,
          99.66666666666666,
          0.0
        ],
        [
          0.0,
          75.71428571428572,
          24.285714285714285
        ]
      ]
    },
    {
      "participant": "3241",
      "n_seeds": 20,
      "test_acc_mean": 0.21555555555555558,
      "test_acc_std": 0.03612123115054439,
      "test_bal_acc_mean": 0.21555555555555558,
      "test_bal_acc_std": 0.0361212311505444,
      "test_f1_mean": 0.2070017814139223,
      "test_f1_std": 0.036649126865353335,
      "test_kappa_mean": -0.17666666666666667,
      "test_kappa_std": 0.05418184672581658,
      "confusion_matrix": [
        [
          7.0,
          50.66666666666666,
          42.33333333333333
        ],
        [
          32.66666666666666,
          32.33333333333333,
          34.999999999999986
        ],
        [
          51.33333333333333,
          23.333333333333332,
          25.333333333333332
        ]
      ]
    },
    {
      "participant": "3242",
      "n_seeds": 20,
      "test_acc_mean": 0.32777777777777767,
      "test_acc_std": 0.02147879259907247,
      "test_bal_acc_mean": 0.32777777777777767,
      "test_bal_acc_std": 0.021478792599072455,
      "test_f1_mean": 0.2666472110680505,
      "test_f1_std": 0.02298843283160896,
      "test_kappa_mean": -0.008333333333333331,
      "test_kappa_std": 0.03221818889860871,
      "confusion_matrix": [
        [
          20.0,
          34.99999999999999,
          45.000000000000014
        ],
        [
          22.000000000000004,
          78.0,
          0.0
        ],
        [
          45.0,
          54.66666666666667,
          0.33333333333333337
        ]
      ]
    },
    {
      "participant": "3243",
      "n_seeds": 20,
      "test_acc_mean": 0.6499999999999999,
      "test_acc_std": 0.050766204127487245,
      "test_bal_acc_mean": 0.6435714285714286,
      "test_bal_acc_std": 0.04972901331169478,
      "test_f1_mean": 0.6241987870327624,
      "test_f1_std": 0.0561666084753095,
      "test_kappa_mean": 0.47164204743718774,
      "test_kappa_std": 0.07645202131606836,
      "confusion_matrix": [
        [
          36.07142857142857,
          23.57142857142857,
          40.357142857142854
        ],
        [
          9.000000000000002,
          57.0,
          34.0
        ],
        [
          0.0,
          0.0,
          100.0
        ]
      ]
    },
    {
      "participant": "3244",
      "n_seeds": 20,
      "test_acc_mean": 0.4166666666666667,
      "test_acc_std": 0.0449532281660295,
      "test_bal_acc_mean": 0.4166666666666667,
      "test_bal_acc_std": 0.044953228166029494,
      "test_f1_mean": 0.40583621870063996,
      "test_f1_std": 0.055477934598709575,
      "test_kappa_mean": 0.12499999999999997,
      "test_kappa_std": 0.06742984224904423,
      "confusion_matrix": [
        [
          40.33333333333333,
          18.0,
          41.66666666666667
        ],
        [
          29.0,
          27.666666666666668,
          43.33333333333333
        ],
        [
          42.33333333333333,
          0.6666666666666667,
          57.0
        ]
      ]
    },
    {
      "participant": "3245",
      "n_seeds": 20,
      "test_acc_mean": 0.5848837209302323,
      "test_acc_std": 0.04667962316969834,
      "test_bal_acc_mean": 0.5641880341880341,
      "test_bal_acc_std": 0.04574543143859067,
      "test_f1_mean": 0.5279009337952207,
      "test_f1_std": 0.05290058027362318,
      "test_kappa_mean": 0.3663605803268938,
      "test_kappa_std": 0.07208836663841157,
      "confusion_matrix": [
        [
          97.66666666666666,
          2.333333333333333,
          0.0
        ],
        [
          25.666666666666668,
          59.666666666666664,
          14.666666666666668
        ],
        [
          66.53846153846153,
          21.538461538461537,
          11.923076923076923
        ]
      ]
    },
    {
      "participant": "3246",
      "n_seeds": 20,
      "test_acc_mean": 0.37,
      "test_acc_std": 0.019446532887009354,
      "test_bal_acc_mean": 0.37,
      "test_bal_acc_std": 0.01944653288700934,
      "test_f1_mean": 0.34223952960164783,
      "test_f1_std": 0.019652881528044865,
      "test_kappa_mean": 0.05499999999999995,
      "test_kappa_std": 0.029169799330514026,
      "confusion_matrix": [
        [
          69.0,
          3.333333333333333,
          27.666666666666668
        ],
        [
          20.0,
          15.333333333333332,
          64.66666666666666
        ],
        [
          71.66666666666666,
          1.6666666666666667,
          26.666666666666675
        ]
      ]
    },
    {
      "participant": "3247",
      "n_seeds": 20,
      "test_acc_mean": 0.3344444444444444,
      "test_acc_std": 0.01834617661070881,
      "test_bal_acc_mean": 0.3344444444444444,
      "test_bal_acc_std": 0.01834617661070881,
      "test_f1_mean": 0.20441421294853504,
      "test_f1_std": 0.03204235390662607,
      "test_kappa_mean": 0.001666666666666644,
      "test_kappa_std": 0.027519264916063237,
      "confusion_matrix": [
        [
          1.3333333333333335,
          10.000000000000002,
          88.66666666666667
        ],
        [
          0.0,
          5.666666666666668,
          94.33333333333333
        ],
        [
          6.666666666666669,
          0.0,
          93.3333333333333
        ]
      ]
    },
    {
      "participant": "3248",
      "n_seeds": 20,
      "test_acc_mean": 0.3068181818181818,
      "test_acc_std": 0.03866801405560912,
      "test_bal_acc_mean": 0.3005555555555556,
      "test_bal_acc_std": 0.03769377362301865,
      "test_f1_mean": 0.2630661684741891,
      "test_f1_std": 0.03524638026312051,
      "test_kappa_mean": -0.05060205242389022,
      "test_kappa_std": 0.05838495097313927,
      "confusion_matrix": [
        [
          2.499999999999999,
          97.14285714285715,
          0.3571428571428571
        ],
        [
          6.666666666666667,
          25.0,
          68.33333333333331
        ],
        [
          0.0,
          37.333333333333336,
          62.66666666666667
        ]
      ]
    },
    {
      "participant": "3249",
      "n_seeds": 20,
      "test_acc_mean": 0.39666666666666667,
      "test_acc_std": 0.13929647795952999,
      "test_bal_acc_mean": 0.39666666666666667,
      "test_bal_acc_std": 0.13929647795952999,
      "test_f1_mean": 0.5545775753613282,
      "test_f1_std": 0.14239678691181726,
      "test_kappa_mean": 0.0,
      "test_kappa_std": 0.0,
      "confusion_matrix": [
        [
          0.0,
          0.0,
          0.0
        ],
        [
          0.0,
          0.0,
          0.0
        ],
        [
          7.333333333333336,
          52.999999999999986,
          39.66666666666666
        ]
      ]
    },
    {
      "participant": "3250",
      "n_seeds": 20,
      "test_acc_mean": 0.31999999999999995,
      "test_acc_std": 0.018239615148180517,
      "test_bal_acc_mean": 0.31999999999999995,
      "test_bal_acc_std": 0.018239615148180507,
      "test_f1_mean": 0.18156081923300457,
      "test_f1_std": 0.02469033805845857,
      "test_kappa_mean": -0.020000000000000052,
      "test_kappa_std": 0.02735942272227076,
      "confusion_matrix": [
        [
          92.66666666666666,
          4.666666666666667,
          2.6666666666666665
        ],
        [
          100.0,
          0.0,
          0.0
        ],
        [
          89.0,
          7.666666666666666,
          3.333333333333333
        ]
      ]
    }
  ],
  "selected_features": [],
  "n_participants": 38,
  "n_seeds": 20,
  "n_features": 104,
  "timestamp": "2025-10-20T08:15:53.320725"
}