{
  "name": "gsr",
  "config": {
    "n_seeds": 20,
    "feature_selection": "none",
    "use_pose_derivatives": true,
    "use_time_features": false,
    "include_order": false,
    "normalize_features": true,
    "class_config": "all",
    "use_pca": false,
    "pca_variance": 0.9,
    "write_cm": true,
    "tune_hyperparameters": false,
    "tune_n_iter": 30,
    "tune_cv_folds": 5,
    "name": "gsr",
    "feature_groups": [
      "gsr"
    ],
    "split_strategy": "lopo"
  },
  "metrics": {
    "test_acc_mean": 0.34095494579945795,
    "test_acc_std": 0.06946889271963652,
    "test_bal_acc_mean": 0.34378661616161615,
    "test_bal_acc_std": 0.06650811859554427,
    "test_f1_mean": 0.26797870117993566,
    "test_f1_std": 0.08267536600075122,
    "test_kappa_mean": 0.015156219933747966,
    "test_kappa_std": 0.09947500664805714
  },
  "confusion_matrix": [
    [
      57.8,
      18.30833333333333,
      23.89166666666667
    ],
    [
      46.58257575757575,
      27.098484848484855,
      26.318939393939388
    ],
    [
      53.6375,
      28.125,
      18.237499999999997
    ]
  ],
  "participant_results": [
    {
      "participant": "3208",
      "n_seeds": 20,
      "test_acc_mean": 0.29333333333333333,
      "test_acc_std": 0.02559239653166382,
      "test_bal_acc_mean": 0.29333333333333333,
      "test_bal_acc_std": 0.025592396531663814,
      "test_f1_mean": 0.21052883466303954,
      "test_f1_std": 0.027412044365795585,
      "test_kappa_mean": -0.06000000000000004,
      "test_kappa_std": 0.0383885947974957,
      "confusion_matrix": [
        [
          0.0,
          86.66666666666669,
          13.333333333333337
        ],
        [
          0.0,
          71.33333333333334,
          28.666666666666675
        ],
        [
          6.666666666666669,
          76.66666666666666,
          16.666666666666664
        ]
      ]
    },
    {
      "participant": "3209",
      "n_seeds": 20,
      "test_acc_mean": 0.4655555555555556,
      "test_acc_std": 0.029264317178246815,
      "test_bal_acc_mean": 0.4655555555555556,
      "test_bal_acc_std": 0.02926431717824683,
      "test_f1_mean": 0.44671640656833517,
      "test_f1_std": 0.03288795502055955,
      "test_kappa_mean": 0.1983333333333333,
      "test_kappa_std": 0.04389647576737024,
      "confusion_matrix": [
        [
          30.666666666666668,
          20.0,
          49.33333333333333
        ],
        [
          0.0,
          80.33333333333334,
          19.666666666666664
        ],
        [
          7.999999999999997,
          63.33333333333333,
          28.666666666666668
        ]
      ]
    },
    {
      "participant": "3210",
      "n_seeds": 20,
      "test_acc_mean": 0.36444444444444446,
      "test_acc_std": 0.030074631016842428,
      "test_bal_acc_mean": 0.36444444444444446,
      "test_bal_acc_std": 0.03007463101684242,
      "test_f1_mean": 0.3759960407193335,
      "test_f1_std": 0.029913203142456986,
      "test_kappa_mean": 0.04666666666666663,
      "test_kappa_std": 0.04511194652526364,
      "confusion_matrix": [
        [
          53.0,
          0.0,
          47.00000000000001
        ],
        [
          12.333333333333332,
          27.333333333333332,
          60.333333333333336
        ],
        [
          15.333333333333332,
          55.666666666666664,
          28.999999999999993
        ]
      ]
    },
    {
      "participant": "3214",
      "n_seeds": 20,
      "test_acc_mean": 0.23111111111111113,
      "test_acc_std": 0.019612887781290837,
      "test_bal_acc_mean": 0.23111111111111113,
      "test_bal_acc_std": 0.01961288778129085,
      "test_f1_mean": 0.186107232579331,
      "test_f1_std": 0.015280802697589847,
      "test_kappa_mean": -0.15333333333333338,
      "test_kappa_std": 0.02941933167193627,
      "confusion_matrix": [
        [
          35.33333333333333,
          0.0,
          64.66666666666666
        ],
        [
          56.66666666666667,
          0.0,
          43.33333333333333
        ],
        [
          62.0,
          4.0,
          33.99999999999999
        ]
      ]
    },
    {
      "participant": "3215",
      "n_seeds": 20,
      "test_acc_mean": 0.34111111111111103,
      "test_acc_std": 0.02195748742595743,
      "test_bal_acc_mean": 0.34111111111111103,
      "test_bal_acc_std": 0.02195748742595743,
      "test_f1_mean": 0.23437603258441486,
      "test_f1_std": 0.03568337784987899,
      "test_kappa_mean": 0.011666666666666641,
      "test_kappa_std": 0.03293623113893617,
      "confusion_matrix": [
        [
          7.333333333333333,
          91.33333333333333,
          1.3333333333333335
        ],
        [
          6.000000000000002,
          89.33333333333333,
          4.666666666666666
        ],
        [
          0.0,
          94.33333333333334,
          5.666666666666667
        ]
      ]
    },
    {
      "participant": "3216",
      "n_seeds": 20,
      "test_acc_mean": 0.27555555555555555,
      "test_acc_std": 0.015123489941749333,
      "test_bal_acc_mean": 0.27555555555555555,
      "test_bal_acc_std": 0.015123489941749361,
      "test_f1_mean": 0.15374293654167864,
      "test_f1_std": 0.007066417493469451,
      "test_kappa_mean": -0.0866666666666667,
      "test_kappa_std": 0.02268523491262404,
      "confusion_matrix": [
        [
          82.66666666666669,
          0.0,
          17.333333333333332
        ],
        [
          75.66666666666666,
          0.0,
          24.333333333333336
        ],
        [
          100.0,
          0.0,
          0.0
        ]
      ]
    },
    {
      "participant": "3217",
      "n_seeds": 20,
      "test_acc_mean": 0.39111111111111113,
      "test_acc_std": 0.0208961042658501,
      "test_bal_acc_mean": 0.39111111111111113,
      "test_bal_acc_std": 0.020896104265850094,
      "test_f1_mean": 0.31757716967846844,
      "test_f1_std": 0.020562414008829792,
      "test_kappa_mean": 0.08666666666666664,
      "test_kappa_std": 0.03134415639877516,
      "confusion_matrix": [
        [
          68.99999999999999,
          0.0,
          30.999999999999993
        ],
        [
          20.999999999999996,
          0.6666666666666667,
          78.33333333333334
        ],
        [
          52.333333333333336,
          0.0,
          47.666666666666664
        ]
      ]
    },
    {
      "participant": "3218",
      "n_seeds": 20,
      "test_acc_mean": 0.24,
      "test_acc_std": 0.03647923029636102,
      "test_bal_acc_mean": 0.24,
      "test_bal_acc_std": 0.036479230296361034,
      "test_f1_mean": 0.20069671679484805,
      "test_f1_std": 0.04020920466643997,
      "test_kappa_mean": -0.13999999999999999,
      "test_kappa_std": 0.05471884544454154,
      "confusion_matrix": [
        [
          48.66666666666667,
          22.333333333333332,
          29.0
        ],
        [
          76.66666666666666,
          2.333333333333333,
          20.999999999999996
        ],
        [
          69.99999999999999,
          8.999999999999998,
          20.999999999999996
        ]
      ]
    },
    {
      "participant": "3219",
      "n_seeds": 20,
      "test_acc_mean": 0.38,
      "test_acc_std": 0.015389675281277325,
      "test_bal_acc_mean": 0.3516666666666667,
      "test_bal_acc_std": 0.017013926184467995,
      "test_f1_mean": 0.24913533947686478,
      "test_f1_std": 0.016156752233220426,
      "test_kappa_mean": 0.026253826051789046,
      "test_kappa_std": 0.02377771803083351,
      "confusion_matrix": [
        [
          92.99999999999999,
          0.0,
          7.0
        ],
        [
          90.33333333333334,
          0.0,
          9.666666666666668
        ],
        [
          87.5,
          0.0,
          12.5
        ]
      ]
    },
    {
      "participant": "3220",
      "n_seeds": 20,
      "test_acc_mean": 0.30666666666666664,
      "test_acc_std": 0.015463386087521324,
      "test_bal_acc_mean": 0.30666666666666664,
      "test_bal_acc_std": 0.015463386087521312,
      "test_f1_mean": 0.21451366737536345,
      "test_f1_std": 0.02707348641596487,
      "test_kappa_mean": -0.04000000000000001,
      "test_kappa_std": 0.023195079131281958,
      "confusion_matrix": [
        [
          78.33333333333331,
          0.0,
          21.66666666666667
        ],
        [
          94.66666666666666,
          0.0,
          5.333333333333334
        ],
        [
          70.33333333333334,
          16.0,
          13.666666666666666
        ]
      ]
    },
    {
      "participant": "3221",
      "n_seeds": 20,
      "test_acc_mean": 0.3822222222222222,
      "test_acc_std": 0.02233887510889043,
      "test_bal_acc_mean": 0.3822222222222222,
      "test_bal_acc_std": 0.02233887510889041,
      "test_f1_mean": 0.32067192581972315,
      "test_f1_std": 0.018072603149271074,
      "test_kappa_mean": 0.07333333333333338,
      "test_kappa_std": 0.03350831266333564,
      "confusion_matrix": [
        [
          84.33333333333333,
          0.0,
          15.666666666666668
        ],
        [
          65.33333333333333,
          13.333333333333337,
          21.333333333333336
        ],
        [
          83.00000000000001,
          0.0,
          17.0
        ]
      ]
    },
    {
      "participant": "3222",
      "n_seeds": 20,
      "test_acc_mean": 0.2609756097560976,
      "test_acc_std": 0.02252147602138143,
      "test_bal_acc_mean": 0.2442424242424243,
      "test_bal_acc_std": 0.02244726799418956,
      "test_f1_mean": 0.21843186416111884,
      "test_f1_std": 0.03430796544899395,
      "test_kappa_mean": -0.12980016872968492,
      "test_kappa_std": 0.03461604446099104,
      "confusion_matrix": [
        [
          56.33333333333335,
          23.333333333333336,
          20.333333333333336
        ],
        [
          83.63636363636365,
          7.272727272727273,
          9.090909090909092
        ],
        [
          62.999999999999986,
          27.333333333333336,
          9.666666666666664
        ]
      ]
    },
    {
      "participant": "3223",
      "n_seeds": 20,
      "test_acc_mean": 0.2733333333333333,
      "test_acc_std": 0.028929346389455768,
      "test_bal_acc_mean": 0.2733333333333333,
      "test_bal_acc_std": 0.028929346389455775,
      "test_f1_mean": 0.21684015072824708,
      "test_f1_std": 0.030179423619006055,
      "test_kappa_mean": -0.09000000000000002,
      "test_kappa_std": 0.04339401958418361,
      "confusion_matrix": [
        [
          1.3333333333333335,
          48.33333333333332,
          50.33333333333334
        ],
        [
          0.0,
          58.666666666666664,
          41.33333333333333
        ],
        [
          7.666666666666667,
          70.33333333333334,
          22.000000000000004
        ]
      ]
    },
    {
      "participant": "3224",
      "n_seeds": 20,
      "test_acc_mean": 0.31333333333333324,
      "test_acc_std": 0.033740206867388815,
      "test_bal_acc_mean": 0.3133333333333333,
      "test_bal_acc_std": 0.033740206867388815,
      "test_f1_mean": 0.29160912311636367,
      "test_f1_std": 0.044775954793510604,
      "test_kappa_mean": -0.030000000000000044,
      "test_kappa_std": 0.05061031030108325,
      "confusion_matrix": [
        [
          60.666666666666664,
          6.666666666666669,
          32.66666666666666
        ],
        [
          36.666666666666664,
          20.000000000000004,
          43.33333333333333
        ],
        [
          86.66666666666666,
          0.0,
          13.333333333333334
        ]
      ]
    },
    {
      "participant": "3225",
      "n_seeds": 20,
      "test_acc_mean": 0.2833333333333333,
      "test_acc_std": 0.029617443887954613,
      "test_bal_acc_mean": 0.2833333333333333,
      "test_bal_acc_std": 0.02961744388795462,
      "test_f1_mean": 0.22336820912936423,
      "test_f1_std": 0.04102141585722773,
      "test_kappa_mean": -0.07500000000000002,
      "test_kappa_std": 0.0444261658319319,
      "confusion_matrix": [
        [
          17.333333333333332,
          78.99999999999999,
          3.6666666666666665
        ],
        [
          1.3333333333333335,
          67.66666666666666,
          30.999999999999993
        ],
        [
          2.0,
          98.0,
          0.0
        ]
      ]
    },
    {
      "participant": "3226",
      "n_seeds": 20,
      "test_acc_mean": 0.35777777777777775,
      "test_acc_std": 0.009938079899999062,
      "test_bal_acc_mean": 0.35777777777777775,
      "test_bal_acc_std": 0.009938079899999062,
      "test_f1_mean": 0.24185469822752034,
      "test_f1_std": 0.01363932986907526,
      "test_kappa_mean": 0.03666666666666666,
      "test_kappa_std": 0.014907119849998594,
      "confusion_matrix": [
        [
          93.3333333333333,
          0.0,
          6.666666666666669
        ],
        [
          57.999999999999986,
          0.0,
          41.999999999999986
        ],
        [
          86.00000000000001,
          0.0,
          14.0
        ]
      ]
    },
    {
      "participant": "3227",
      "n_seeds": 20,
      "test_acc_mean": 0.4055555555555556,
      "test_acc_std": 0.015918897764697303,
      "test_bal_acc_mean": 0.4055555555555556,
      "test_bal_acc_std": 0.015918897764697314,
      "test_f1_mean": 0.2968195412427458,
      "test_f1_std": 0.020907881941343284,
      "test_kappa_mean": 0.10833333333333332,
      "test_kappa_std": 0.023878346647045953,
      "confusion_matrix": [
        [
          100.0,
          0.0,
          0.0
        ],
        [
          80.00000000000001,
          0.0,
          19.999999999999996
        ],
        [
          62.0,
          16.333333333333336,
          21.666666666666668
        ]
      ]
    },
    {
      "participant": "3228",
      "n_seeds": 20,
      "test_acc_mean": 0.20833333333333334,
      "test_acc_std": 0.01424969933451602,
      "test_bal_acc_mean": 0.36666666666666664,
      "test_bal_acc_std": 0.01139975946761281,
      "test_f1_mean": 0.12052605393077717,
      "test_f1_std": 0.022405448022141575,
      "test_kappa_mean": 0.02646180669448196,
      "test_kappa_std": 0.015168263684348777,
      "confusion_matrix": [
        [
          100.0,
          0.0,
          0.0
        ],
        [
          90.66666666666666,
          0.0,
          9.333333333333334
        ],
        [
          89.99999999999999,
          0.0,
          9.999999999999998
        ]
      ]
    },
    {
      "participant": "3229",
      "n_seeds": 20,
      "test_acc_mean": 0.27111111111111114,
      "test_acc_std": 0.03718489006818113,
      "test_bal_acc_mean": 0.27111111111111114,
      "test_bal_acc_std": 0.037184890068181146,
      "test_f1_mean": 0.22786598299328417,
      "test_f1_std": 0.036763155841561874,
      "test_kappa_mean": -0.09333333333333332,
      "test_kappa_std": 0.05577733510227164,
      "confusion_matrix": [
        [
          2.9999999999999996,
          30.333333333333336,
          66.66666666666666
        ],
        [
          0.0,
          33.66666666666667,
          66.33333333333334
        ],
        [
          0.0,
          55.333333333333336,
          44.66666666666666
        ]
      ]
    },
    {
      "participant": "3230",
      "n_seeds": 20,
      "test_acc_mean": 0.32222222222222213,
      "test_acc_std": 0.022222222222222233,
      "test_bal_acc_mean": 0.32222222222222213,
      "test_bal_acc_std": 0.02222222222222222,
      "test_f1_mean": 0.28159945234923495,
      "test_f1_std": 0.023868766785954933,
      "test_kappa_mean": -0.01666666666666671,
      "test_kappa_std": 0.033333333333333375,
      "confusion_matrix": [
        [
          65.99999999999999,
          0.0,
          33.99999999999999
        ],
        [
          58.333333333333336,
          12.0,
          29.666666666666664
        ],
        [
          74.66666666666666,
          6.666666666666669,
          18.666666666666664
        ]
      ]
    },
    {
      "participant": "3231",
      "n_seeds": 20,
      "test_acc_mean": 0.33333333333333326,
      "test_acc_std": 0.04204023568564076,
      "test_bal_acc_mean": 0.33333333333333326,
      "test_bal_acc_std": 0.04204023568564077,
      "test_f1_mean": 0.31902405557816715,
      "test_f1_std": 0.05260846596690626,
      "test_kappa_mean": -2.2204460492503132e-17,
      "test_kappa_std": 0.06306035352846118,
      "confusion_matrix": [
        [
          18.666666666666664,
          39.00000000000001,
          42.33333333333333
        ],
        [
          11.666666666666668,
          49.33333333333332,
          38.99999999999999
        ],
        [
          4.333333333333334,
          63.66666666666667,
          32.0
        ]
      ]
    },
    {
      "participant": "3232",
      "n_seeds": 20,
      "test_acc_mean": 0.4033333333333333,
      "test_acc_std": 0.04687782913273108,
      "test_bal_acc_mean": 0.4033333333333333,
      "test_bal_acc_std": 0.04687782913273107,
      "test_f1_mean": 0.39252150720367773,
      "test_f1_std": 0.04445878424513063,
      "test_kappa_mean": 0.10499999999999998,
      "test_kappa_std": 0.07031674369909661,
      "confusion_matrix": [
        [
          27.333333333333336,
          7.333333333333331,
          65.33333333333333
        ],
        [
          12.66666666666667,
          29.0,
          58.333333333333336
        ],
        [
          28.666666666666657,
          6.666666666666669,
          64.66666666666667
        ]
      ]
    },
    {
      "participant": "3233",
      "n_seeds": 20,
      "test_acc_mean": 0.22222222222222218,
      "test_acc_std": 0.027923593886113027,
      "test_bal_acc_mean": 0.22222222222222218,
      "test_bal_acc_std": 0.027923593886113034,
      "test_f1_mean": 0.16965614696419357,
      "test_f1_std": 0.027154523635876022,
      "test_kappa_mean": -0.1666666666666667,
      "test_kappa_std": 0.04188539082916954,
      "confusion_matrix": [
        [
          52.0,
          7.333333333333333,
          40.666666666666664
        ],
        [
          67.33333333333333,
          0.0,
          32.666666666666664
        ],
        [
          69.66666666666666,
          15.666666666666663,
          14.666666666666666
        ]
      ]
    },
    {
      "participant": "3234",
      "n_seeds": 20,
      "test_acc_mean": 0.42000000000000004,
      "test_acc_std": 0.015959663254657936,
      "test_bal_acc_mean": 0.42000000000000004,
      "test_bal_acc_std": 0.01595966325465796,
      "test_f1_mean": 0.3302335027384265,
      "test_f1_std": 0.01991299324345132,
      "test_kappa_mean": 0.12999999999999995,
      "test_kappa_std": 0.023939494881986923,
      "confusion_matrix": [
        [
          6.666666666666669,
          72.33333333333333,
          21.000000000000004
        ],
        [
          0.0,
          96.99999999999999,
          2.9999999999999996
        ],
        [
          6.666666666666667,
          70.99999999999999,
          22.333333333333332
        ]
      ]
    },
    {
      "participant": "3235",
      "n_seeds": 20,
      "test_acc_mean": 0.37333333333333335,
      "test_acc_std": 0.019876159799998138,
      "test_bal_acc_mean": 0.37333333333333335,
      "test_bal_acc_std": 0.019876159799998117,
      "test_f1_mean": 0.26939349772101984,
      "test_f1_std": 0.019781716655587298,
      "test_kappa_mean": 0.059999999999999984,
      "test_kappa_std": 0.029814239699997188,
      "confusion_matrix": [
        [
          90.33333333333334,
          0.0,
          9.666666666666668
        ],
        [
          43.33333333333334,
          0.0,
          56.666666666666664
        ],
        [
          78.33333333333334,
          0.0,
          21.666666666666664
        ]
      ]
    },
    {
      "participant": "3236",
      "n_seeds": 20,
      "test_acc_mean": 0.37111111111111106,
      "test_acc_std": 0.0331182142386931,
      "test_bal_acc_mean": 0.37111111111111106,
      "test_bal_acc_std": 0.03311821423869309,
      "test_f1_mean": 0.29899077418788667,
      "test_f1_std": 0.02699857088516714,
      "test_kappa_mean": 0.056666666666666664,
      "test_kappa_std": 0.049677321358039636,
      "confusion_matrix": [
        [
          66.66666666666667,
          27.666666666666664,
          5.666666666666668
        ],
        [
          51.333333333333336,
          44.66666666666667,
          4.0
        ],
        [
          60.0,
          40.0,
          0.0
        ]
      ]
    },
    {
      "participant": "3237",
      "n_seeds": 20,
      "test_acc_mean": 0.3844444444444445,
      "test_acc_std": 0.029814239699997202,
      "test_bal_acc_mean": 0.3844444444444445,
      "test_bal_acc_std": 0.02981423969999719,
      "test_f1_mean": 0.35870305586915024,
      "test_f1_std": 0.034002241145807376,
      "test_kappa_mean": 0.07666666666666663,
      "test_kappa_std": 0.0447213595499958,
      "confusion_matrix": [
        [
          22.333333333333336,
          19.666666666666664,
          58.000000000000014
        ],
        [
          8.666666666666666,
          72.66666666666666,
          18.666666666666664
        ],
        [
          16.666666666666668,
          63.0,
          20.333333333333336
        ]
      ]
    },
    {
      "participant": "3238",
      "n_seeds": 20,
      "test_acc_mean": 0.39888888888888896,
      "test_acc_std": 0.004969039949999541,
      "test_bal_acc_mean": 0.3988888888888889,
      "test_bal_acc_std": 0.004969039949999528,
      "test_f1_mean": 0.28249181652165534,
      "test_f1_std": 0.007743642973718532,
      "test_kappa_mean": 0.09833333333333334,
      "test_kappa_std": 0.007453559924999299,
      "confusion_matrix": [
        [
          100.0,
          0.0,
          0.0
        ],
        [
          93.66666666666666,
          0.0,
          6.333333333333334
        ],
        [
          80.33333333333334,
          0.0,
          19.666666666666664
        ]
      ]
    },
    {
      "participant": "3239",
      "n_seeds": 20,
      "test_acc_mean": 0.3088888888888889,
      "test_acc_std": 0.02150902314548861,
      "test_bal_acc_mean": 0.3088888888888889,
      "test_bal_acc_std": 0.0215090231454886,
      "test_f1_mean": 0.23245706896989096,
      "test_f1_std": 0.03417806014946879,
      "test_kappa_mean": -0.036666666666666695,
      "test_kappa_std": 0.03226353471823292,
      "confusion_matrix": [
        [
          76.66666666666666,
          23.000000000000004,
          0.33333333333333337
        ],
        [
          87.66666666666669,
          2.333333333333333,
          10.000000000000002
        ],
        [
          79.66666666666666,
          6.666666666666669,
          13.666666666666668
        ]
      ]
    },
    {
      "participant": "3240",
      "n_seeds": 20,
      "test_acc_mean": 0.4488888888888889,
      "test_acc_std": 0.015463386087521324,
      "test_bal_acc_mean": 0.4488888888888889,
      "test_bal_acc_std": 0.015463386087521304,
      "test_f1_mean": 0.3650919412213952,
      "test_f1_std": 0.023786357751966854,
      "test_kappa_mean": 0.17333333333333328,
      "test_kappa_std": 0.023195079131281975,
      "confusion_matrix": [
        [
          99.66666666666666,
          0.33333333333333337,
          0.0
        ],
        [
          46.33333333333332,
          31.333333333333336,
          22.333333333333336
        ],
        [
          86.00000000000003,
          10.333333333333334,
          3.6666666666666665
        ]
      ]
    },
    {
      "participant": "3241",
      "n_seeds": 20,
      "test_acc_mean": 0.44333333333333336,
      "test_acc_std": 0.0197120268516226,
      "test_bal_acc_mean": 0.44333333333333336,
      "test_bal_acc_std": 0.019712026851622585,
      "test_f1_mean": 0.3613958472960167,
      "test_f1_std": 0.03393722644977887,
      "test_kappa_mean": 0.16499999999999998,
      "test_kappa_std": 0.029568040277433916,
      "confusion_matrix": [
        [
          100.0,
          0.0,
          0.0
        ],
        [
          70.0,
          26.000000000000007,
          4.0
        ],
        [
          93.0,
          0.0,
          7.0
        ]
      ]
    },
    {
      "participant": "3242",
      "n_seeds": 20,
      "test_acc_mean": 0.34111111111111103,
      "test_acc_std": 0.013047621080275563,
      "test_bal_acc_mean": 0.34111111111111103,
      "test_bal_acc_std": 0.013047621080275563,
      "test_f1_mean": 0.21660113706335443,
      "test_f1_std": 0.017227207117070854,
      "test_kappa_mean": 0.011666666666666659,
      "test_kappa_std": 0.019571431620413336,
      "confusion_matrix": [
        [
          92.99999999999997,
          0.0,
          7.000000000000002
        ],
        [
          78.0,
          0.33333333333333337,
          21.666666666666668
        ],
        [
          91.0,
          0.0,
          9.000000000000002
        ]
      ]
    },
    {
      "participant": "3243",
      "n_seeds": 20,
      "test_acc_mean": 0.3622222222222222,
      "test_acc_std": 0.02051956704170308,
      "test_bal_acc_mean": 0.3622222222222222,
      "test_bal_acc_std": 0.020519567041703077,
      "test_f1_mean": 0.24156957058917844,
      "test_f1_std": 0.02852912006171891,
      "test_kappa_mean": 0.04333333333333332,
      "test_kappa_std": 0.030779350562554632,
      "confusion_matrix": [
        [
          97.66666666666666,
          0.0,
          2.333333333333333
        ],
        [
          100.0,
          0.0,
          0.0
        ],
        [
          69.0,
          20.0,
          11.0
        ]
      ]
    },
    {
      "participant": "3244",
      "n_seeds": 20,
      "test_acc_mean": 0.33333333333333326,
      "test_acc_std": 5.695323946259567e-17,
      "test_bal_acc_mean": 0.33333333333333326,
      "test_bal_acc_std": 5.695323946259567e-17,
      "test_f1_mean": 0.16666666666666663,
      "test_f1_std": 2.8476619731297836e-17,
      "test_kappa_mean": 0.0,
      "test_kappa_std": 0.0,
      "confusion_matrix": [
        [
          100.0,
          0.0,
          0.0
        ],
        [
          100.0,
          0.0,
          0.0
        ],
        [
          100.0,
          0.0,
          0.0
        ]
      ]
    },
    {
      "participant": "3245",
      "n_seeds": 20,
      "test_acc_mean": 0.24666666666666665,
      "test_acc_std": 0.006839855680567695,
      "test_bal_acc_mean": 0.24666666666666665,
      "test_bal_acc_std": 0.006839855680567695,
      "test_f1_mean": 0.19233271490237436,
      "test_f1_std": 0.005235112661972844,
      "test_kappa_mean": -0.13000000000000006,
      "test_kappa_std": 0.010259783520851535,
      "confusion_matrix": [
        [
          0.0,
          12.666666666666668,
          87.33333333333334
        ],
        [
          0.0,
          67.33333333333331,
          32.66666666666666
        ],
        [
          13.333333333333337,
          80.0,
          6.666666666666669
        ]
      ]
    },
    {
      "participant": "3246",
      "n_seeds": 20,
      "test_acc_mean": 0.40888888888888897,
      "test_acc_std": 0.030074631016842417,
      "test_bal_acc_mean": 0.40888888888888897,
      "test_bal_acc_std": 0.03007463101684242,
      "test_f1_mean": 0.34774075885172373,
      "test_f1_std": 0.03495056074481136,
      "test_kappa_mean": 0.11333333333333331,
      "test_kappa_std": 0.0451119465252636,
      "confusion_matrix": [
        [
          85.00000000000001,
          11.666666666666668,
          3.333333333333333
        ],
        [
          59.999999999999986,
          27.333333333333332,
          12.666666666666668
        ],
        [
          73.0,
          16.666666666666664,
          10.333333333333334
        ]
      ]
    },
    {
      "participant": "3247",
      "n_seeds": 20,
      "test_acc_mean": 0.27999999999999997,
      "test_acc_std": 0.030074631016842417,
      "test_bal_acc_mean": 0.27999999999999997,
      "test_bal_acc_std": 0.030074631016842417,
      "test_f1_mean": 0.1999950010744943,
      "test_f1_std": 0.02978749404714394,
      "test_kappa_mean": -0.08000000000000002,
      "test_kappa_std": 0.04511194652526363,
      "confusion_matrix": [
        [
          69.99999999999997,
          0.0,
          29.999999999999993
        ],
        [
          48.999999999999986,
          0.0,
          51.000000000000014
        ],
        [
          85.66666666666666,
          0.33333333333333337,
          14.0
        ]
      ]
    },
    {
      "participant": "3248",
      "n_seeds": 20,
      "test_acc_mean": 0.37333333333333335,
      "test_acc_std": 0.01546338608752132,
      "test_bal_acc_mean": 0.37333333333333335,
      "test_bal_acc_std": 0.015463386087521304,
      "test_f1_mean": 0.2829556202389599,
      "test_f1_std": 0.016513058454580665,
      "test_kappa_mean": 0.059999999999999984,
      "test_kappa_std": 0.023195079131281972,
      "confusion_matrix": [
        [
          81.66666666666667,
          0.0,
          18.333333333333336
        ],
        [
          76.33333333333333,
          0.0,
          23.666666666666668
        ],
        [
          69.66666666666666,
          0.0,
          30.333333333333325
        ]
      ]
    },
    {
      "participant": "3249",
      "n_seeds": 20,
      "test_acc_mean": 0.33333333333333326,
      "test_acc_std": 5.695323946259567e-17,
      "test_bal_acc_mean": 0.33333333333333326,
      "test_bal_acc_std": 5.695323946259567e-17,
      "test_f1_mean": 0.16666666666666663,
      "test_f1_std": 2.8476619731297836e-17,
      "test_kappa_mean": 0.0,
      "test_kappa_std": 0.0,
      "confusion_matrix": [
        [
          0.0,
          100.0,
          0.0
        ],
        [
          0.0,
          100.0,
          0.0
        ],
        [
          0.0,
          100.0,
          0.0
        ]
      ]
    },
    {
      "participant": "3250",
      "n_seeds": 20,
      "test_acc_mean": 0.4844444444444444,
      "test_acc_std": 0.031094398184247692,
      "test_bal_acc_mean": 0.4844444444444444,
      "test_bal_acc_std": 0.031094398184247668,
      "test_f1_mean": 0.4956833181924704,
      "test_f1_std": 0.03169194351275823,
      "test_kappa_mean": 0.22666666666666663,
      "test_kappa_std": 0.04664159727637157,
      "confusion_matrix": [
        [
          44.0,
          3.333333333333333,
          52.666666666666664
        ],
        [
          0.0,
          52.66666666666667,
          47.33333333333333
        ],
        [
          13.333333333333337,
          38.0,
          48.66666666666666
        ]
      ]
    }
  ],
  "selected_features": [],
  "n_participants": 40,
  "n_seeds": 20,
  "n_features": 6,
  "timestamp": "2025-10-20T07:26:00.615863"
}