{
  "name": "gsr_ecg",
  "config": {
    "n_seeds": 20,
    "feature_selection": "none",
    "use_pose_derivatives": true,
    "use_time_features": false,
    "include_order": false,
    "normalize_features": true,
    "class_config": "all",
    "use_pca": false,
    "pca_variance": 0.9,
    "write_cm": true,
    "tune_hyperparameters": false,
    "tune_n_iter": 30,
    "tune_cv_folds": 5,
    "name": "gsr_ecg",
    "feature_groups": [
      "gsr",
      "ecg"
    ],
    "split_strategy": "lopo"
  },
  "metrics": {
    "test_acc_mean": 0.37859283625731005,
    "test_acc_std": 0.11194217247381784,
    "test_bal_acc_mean": 0.38184210526315787,
    "test_bal_acc_std": 0.10605816055891426,
    "test_f1_mean": 0.3348041880662907,
    "test_f1_std": 0.12521908670947568,
    "test_kappa_mean": 0.07453081743435386,
    "test_kappa_std": 0.15813263819507659
  },
  "confusion_matrix": [
    [
      44.39473684210526,
      26.991228070175442,
      25.982456140350877
    ],
    [
      32.50877192982456,
      35.97368421052631,
      28.8859649122807
    ],
    [
      34.1140350877193,
      33.228070175438596,
      32.6578947368421
    ]
  ],
  "participant_results": [
    {
      "participant": "3208",
      "n_seeds": 20,
      "test_acc_mean": 0.3322222222222221,
      "test_acc_std": 0.004969039949999528,
      "test_bal_acc_mean": 0.3322222222222221,
      "test_bal_acc_std": 0.004969039949999528,
      "test_f1_mean": 0.16906292616403662,
      "test_f1_std": 0.0019167541595556275,
      "test_kappa_mean": -0.0016666666666666718,
      "test_kappa_std": 0.007453559924999321,
      "confusion_matrix": [
        [
          0.0,
          100.0,
          0.0
        ],
        [
          0.0,
          99.66666666666666,
          0.33333333333333337
        ],
        [
          6.666666666666669,
          93.3333333333333,
          0.0
        ]
      ]
    },
    {
      "participant": "3209",
      "n_seeds": 20,
      "test_acc_mean": 0.4988888888888889,
      "test_acc_std": 0.03013937733724443,
      "test_bal_acc_mean": 0.4988888888888888,
      "test_bal_acc_std": 0.030139377337244415,
      "test_f1_mean": 0.49429212337842277,
      "test_f1_std": 0.03314722241796446,
      "test_kappa_mean": 0.2483333333333333,
      "test_kappa_std": 0.045209066005866674,
      "confusion_matrix": [
        [
          64.66666666666666,
          23.333333333333336,
          12.000000000000002
        ],
        [
          25.333333333333332,
          41.0,
          33.66666666666667
        ],
        [
          24.666666666666664,
          31.333333333333325,
          44.0
        ]
      ]
    },
    {
      "participant": "3210",
      "n_seeds": 20,
      "test_acc_mean": 0.6033333333333333,
      "test_acc_std": 0.03695702859150328,
      "test_bal_acc_mean": 0.6033333333333333,
      "test_bal_acc_std": 0.036957028591503266,
      "test_f1_mean": 0.5893965046558342,
      "test_f1_std": 0.03957183934911087,
      "test_kappa_mean": 0.40499999999999997,
      "test_kappa_std": 0.0554355428872549,
      "confusion_matrix": [
        [
          60.0,
          13.333333333333337,
          26.666666666666664
        ],
        [
          13.666666666666666,
          36.33333333333333,
          50.0
        ],
        [
          7.333333333333333,
          8.0,
          84.66666666666666
        ]
      ]
    },
    {
      "participant": "3214",
      "n_seeds": 20,
      "test_acc_mean": 0.43888888888888894,
      "test_acc_std": 0.023776083450591956,
      "test_bal_acc_mean": 0.43888888888888894,
      "test_bal_acc_std": 0.023776083450591946,
      "test_f1_mean": 0.34748877406835366,
      "test_f1_std": 0.02095596274936658,
      "test_kappa_mean": 0.15833333333333335,
      "test_kappa_std": 0.03566412517588793,
      "confusion_matrix": [
        [
          0.0,
          23.333333333333336,
          76.66666666666666
        ],
        [
          0.0,
          83.66666666666666,
          16.333333333333332
        ],
        [
          0.0,
          52.0,
          47.99999999999999
        ]
      ]
    },
    {
      "participant": "3215",
      "n_seeds": 20,
      "test_acc_mean": 0.45,
      "test_acc_std": 0.05192837572395401,
      "test_bal_acc_mean": 0.45,
      "test_bal_acc_std": 0.05192837572395401,
      "test_f1_mean": 0.43121813664672304,
      "test_f1_std": 0.05408067424604956,
      "test_kappa_mean": 0.175,
      "test_kappa_std": 0.077892563585931,
      "confusion_matrix": [
        [
          36.33333333333333,
          57.0,
          6.666666666666666
        ],
        [
          1.3333333333333335,
          75.0,
          23.666666666666664
        ],
        [
          5.000000000000001,
          71.33333333333333,
          23.666666666666668
        ]
      ]
    },
    {
      "participant": "3216",
      "n_seeds": 20,
      "test_acc_mean": 0.3277777777777777,
      "test_acc_std": 0.03214247037113754,
      "test_bal_acc_mean": 0.3277777777777777,
      "test_bal_acc_std": 0.03214247037113754,
      "test_f1_mean": 0.26916502273420556,
      "test_f1_std": 0.04023046353771505,
      "test_kappa_mean": -0.008333333333333377,
      "test_kappa_std": 0.04821370555670628,
      "confusion_matrix": [
        [
          13.0,
          18.333333333333332,
          68.66666666666667
        ],
        [
          0.33333333333333337,
          11.66666666666667,
          88.00000000000003
        ],
        [
          26.0,
          0.33333333333333337,
          73.66666666666666
        ]
      ]
    },
    {
      "participant": "3217",
      "n_seeds": 20,
      "test_acc_mean": 0.51,
      "test_acc_std": 0.036390060692708025,
      "test_bal_acc_mean": 0.51,
      "test_bal_acc_std": 0.036390060692708025,
      "test_f1_mean": 0.4763936662125521,
      "test_f1_std": 0.055121062022164796,
      "test_kappa_mean": 0.265,
      "test_kappa_std": 0.05458509103906207,
      "confusion_matrix": [
        [
          26.333333333333336,
          53.333333333333336,
          20.333333333333336
        ],
        [
          3.3333333333333335,
          82.33333333333333,
          14.333333333333334
        ],
        [
          11.333333333333332,
          44.33333333333333,
          44.33333333333334
        ]
      ]
    },
    {
      "participant": "3218",
      "n_seeds": 20,
      "test_acc_mean": 0.4322222222222223,
      "test_acc_std": 0.030989738182898123,
      "test_bal_acc_mean": 0.4322222222222222,
      "test_bal_acc_std": 0.03098973818289813,
      "test_f1_mean": 0.3547904995568246,
      "test_f1_std": 0.03696144164207284,
      "test_kappa_mean": 0.1483333333333333,
      "test_kappa_std": 0.04648460727434718,
      "confusion_matrix": [
        [
          88.66666666666666,
          7.333333333333333,
          4.0
        ],
        [
          47.33333333333333,
          38.0,
          14.666666666666666
        ],
        [
          70.33333333333333,
          26.666666666666664,
          2.9999999999999996
        ]
      ]
    },
    {
      "participant": "3219",
      "n_seeds": 20,
      "test_acc_mean": 0.44874999999999987,
      "test_acc_std": 0.015120132970732485,
      "test_bal_acc_mean": 0.4055555555555556,
      "test_bal_acc_std": 0.015918897764697324,
      "test_f1_mean": 0.3436199367897862,
      "test_f1_std": 0.025194214810839034,
      "test_kappa_mean": 0.12061691542288555,
      "test_kappa_std": 0.024806095033835743,
      "confusion_matrix": [
        [
          100.0,
          0.0,
          0.0
        ],
        [
          84.33333333333334,
          15.666666666666668,
          0.0
        ],
        [
          52.0,
          42.0,
          6.0
        ]
      ]
    },
    {
      "participant": "3220",
      "n_seeds": 20,
      "test_acc_mean": 0.3533333333333333,
      "test_acc_std": 0.02963937461579335,
      "test_bal_acc_mean": 0.3533333333333334,
      "test_bal_acc_std": 0.02963937461579335,
      "test_f1_mean": 0.35731058967838825,
      "test_f1_std": 0.03198554006455077,
      "test_kappa_mean": 0.02999999999999998,
      "test_kappa_std": 0.04445906192369002,
      "confusion_matrix": [
        [
          38.00000000000001,
          48.333333333333336,
          13.666666666666668
        ],
        [
          52.000000000000014,
          33.333333333333336,
          14.666666666666668
        ],
        [
          43.0,
          22.333333333333336,
          34.666666666666664
        ]
      ]
    },
    {
      "participant": "3221",
      "n_seeds": 20,
      "test_acc_mean": 0.3677777777777778,
      "test_acc_std": 0.041086605625110635,
      "test_bal_acc_mean": 0.3677777777777778,
      "test_bal_acc_std": 0.04108660562511062,
      "test_f1_mean": 0.3595839908753686,
      "test_f1_std": 0.03648824962546291,
      "test_kappa_mean": 0.05166666666666664,
      "test_kappa_std": 0.061629908437665956,
      "confusion_matrix": [
        [
          60.33333333333333,
          0.6666666666666667,
          39.0
        ],
        [
          35.66666666666667,
          36.666666666666664,
          27.666666666666664
        ],
        [
          78.66666666666667,
          8.0,
          13.333333333333334
        ]
      ]
    },
    {
      "participant": "3223",
      "n_seeds": 20,
      "test_acc_mean": 0.0,
      "test_acc_std": 0.0,
      "test_bal_acc_mean": 0.0,
      "test_bal_acc_std": 0.0,
      "test_f1_mean": 0.0,
      "test_f1_std": 0.0,
      "test_kappa_mean": -0.5,
      "test_kappa_std": 0.0,
      "confusion_matrix": [
        [
          0.0,
          0.0,
          100.0
        ],
        [
          100.0,
          0.0,
          0.0
        ],
        [
          100.0,
          0.0,
          0.0
        ]
      ]
    },
    {
      "participant": "3224",
      "n_seeds": 20,
      "test_acc_mean": 0.40888888888888897,
      "test_acc_std": 0.03092677217504263,
      "test_bal_acc_mean": 0.40888888888888897,
      "test_bal_acc_std": 0.030926772175042635,
      "test_f1_mean": 0.36789499788221536,
      "test_f1_std": 0.04246007612871825,
      "test_kappa_mean": 0.11333333333333333,
      "test_kappa_std": 0.04639015826256395,
      "confusion_matrix": [
        [
          79.0,
          1.6666666666666667,
          19.333333333333336
        ],
        [
          52.33333333333333,
          22.000000000000007,
          25.666666666666675
        ],
        [
          64.66666666666666,
          13.666666666666666,
          21.666666666666668
        ]
      ]
    },
    {
      "participant": "3225",
      "n_seeds": 20,
      "test_acc_mean": 0.45555555555555555,
      "test_acc_std": 0.031010698441082694,
      "test_bal_acc_mean": 0.45555555555555555,
      "test_bal_acc_std": 0.0310106984410827,
      "test_f1_mean": 0.3972089381420418,
      "test_f1_std": 0.026749110381061317,
      "test_kappa_mean": 0.1833333333333333,
      "test_kappa_std": 0.04651604766162405,
      "confusion_matrix": [
        [
          57.666666666666664,
          41.666666666666664,
          0.6666666666666667
        ],
        [
          7.333333333333333,
          78.66666666666666,
          14.0
        ],
        [
          0.0,
          99.66666666666666,
          0.33333333333333337
        ]
      ]
    },
    {
      "participant": "3226",
      "n_seeds": 20,
      "test_acc_mean": 0.4533333333333334,
      "test_acc_std": 0.039752319599996255,
      "test_bal_acc_mean": 0.4533333333333334,
      "test_bal_acc_std": 0.039752319599996276,
      "test_f1_mean": 0.4006111929013141,
      "test_f1_std": 0.04150708926783609,
      "test_kappa_mean": 0.17999999999999997,
      "test_kappa_std": 0.05962847939999441,
      "confusion_matrix": [
        [
          80.99999999999999,
          5.000000000000001,
          14.0
        ],
        [
          53.66666666666667,
          5.666666666666667,
          40.666666666666664
        ],
        [
          16.666666666666664,
          34.0,
          49.333333333333336
        ]
      ]
    },
    {
      "participant": "3227",
      "n_seeds": 20,
      "test_acc_mean": 0.42000000000000004,
      "test_acc_std": 0.02589527567229685,
      "test_bal_acc_mean": 0.42000000000000004,
      "test_bal_acc_std": 0.025895275672296856,
      "test_f1_mean": 0.3893706873399635,
      "test_f1_std": 0.027599373541948597,
      "test_kappa_mean": 0.12999999999999998,
      "test_kappa_std": 0.03884291350844528,
      "confusion_matrix": [
        [
          76.00000000000001,
          23.999999999999996,
          0.0
        ],
        [
          45.33333333333333,
          33.33333333333333,
          21.333333333333336
        ],
        [
          25.000000000000004,
          58.333333333333336,
          16.666666666666664
        ]
      ]
    },
    {
      "participant": "3228",
      "n_seeds": 20,
      "test_acc_mean": 0.16666666666666663,
      "test_acc_std": 2.8476619731297836e-17,
      "test_bal_acc_mean": 0.33333333333333326,
      "test_bal_acc_std": 5.695323946259567e-17,
      "test_f1_mean": 0.04902439024390244,
      "test_f1_std": 0.0005004772449195879,
      "test_kappa_mean": -0.01011251958410484,
      "test_kappa_std": 0.003507118708167539,
      "confusion_matrix": [
        [
          100.0,
          0.0,
          0.0
        ],
        [
          100.0,
          0.0,
          0.0
        ],
        [
          92.0,
          8.0,
          0.0
        ]
      ]
    },
    {
      "participant": "3229",
      "n_seeds": 20,
      "test_acc_mean": 0.4000000000000001,
      "test_acc_std": 0.021629522817435003,
      "test_bal_acc_mean": 0.4000000000000001,
      "test_bal_acc_std": 0.02162952281743501,
      "test_f1_mean": 0.3043033426737797,
      "test_f1_std": 0.022770333363812546,
      "test_kappa_mean": 0.09999999999999995,
      "test_kappa_std": 0.03244428422615249,
      "confusion_matrix": [
        [
          0.0,
          20.333333333333332,
          79.66666666666666
        ],
        [
          0.0,
          32.33333333333333,
          67.66666666666666
        ],
        [
          0.0,
          12.333333333333332,
          87.66666666666666
        ]
      ]
    },
    {
      "participant": "3230",
      "n_seeds": 20,
      "test_acc_mean": 0.48,
      "test_acc_std": 0.041667641314136805,
      "test_bal_acc_mean": 0.48,
      "test_bal_acc_std": 0.04166764131413684,
      "test_f1_mean": 0.4630156481078824,
      "test_f1_std": 0.051385007560789966,
      "test_kappa_mean": 0.21999999999999997,
      "test_kappa_std": 0.06250146197120524,
      "confusion_matrix": [
        [
          32.99999999999999,
          8.0,
          58.999999999999986
        ],
        [
          15.666666666666666,
          33.33333333333333,
          50.999999999999986
        ],
        [
          20.0,
          2.333333333333333,
          77.66666666666666
        ]
      ]
    },
    {
      "participant": "3232",
      "n_seeds": 20,
      "test_acc_mean": 0.3544444444444444,
      "test_acc_std": 0.03566867969032779,
      "test_bal_acc_mean": 0.3544444444444444,
      "test_bal_acc_std": 0.03566867969032779,
      "test_f1_mean": 0.32617165149419536,
      "test_f1_std": 0.03294701558035666,
      "test_kappa_mean": 0.03166666666666666,
      "test_kappa_std": 0.053503019535491664,
      "confusion_matrix": [
        [
          10.333333333333336,
          73.66666666666666,
          16.0
        ],
        [
          22.0,
          66.0,
          12.0
        ],
        [
          34.33333333333333,
          35.66666666666667,
          29.999999999999993
        ]
      ]
    },
    {
      "participant": "3233",
      "n_seeds": 20,
      "test_acc_mean": 0.13666666666666666,
      "test_acc_std": 0.02626896418841375,
      "test_bal_acc_mean": 0.13666666666666666,
      "test_bal_acc_std": 0.02626896418841375,
      "test_f1_mean": 0.10079981714171023,
      "test_f1_std": 0.02217216144088407,
      "test_kappa_mean": -0.295,
      "test_kappa_std": 0.03940344628262061,
      "confusion_matrix": [
        [
          0.33333333333333337,
          83.33333333333334,
          16.333333333333336
        ],
        [
          24.000000000000004,
          35.99999999999999,
          40.0
        ],
        [
          17.0,
          78.33333333333333,
          4.666666666666666
        ]
      ]
    },
    {
      "participant": "3234",
      "n_seeds": 20,
      "test_acc_mean": 0.45444444444444443,
      "test_acc_std": 0.034180273523125276,
      "test_bal_acc_mean": 0.45444444444444443,
      "test_bal_acc_std": 0.03418027352312528,
      "test_f1_mean": 0.4119635473480501,
      "test_f1_std": 0.03964818337044163,
      "test_kappa_mean": 0.18166666666666664,
      "test_kappa_std": 0.05127041028468794,
      "confusion_matrix": [
        [
          11.666666666666668,
          72.0,
          16.333333333333332
        ],
        [
          1.0,
          62.666666666666664,
          36.33333333333333
        ],
        [
          6.333333333333334,
          31.666666666666664,
          61.999999999999986
        ]
      ]
    },
    {
      "participant": "3235",
      "n_seeds": 20,
      "test_acc_mean": 0.37999999999999995,
      "test_acc_std": 0.03524720091283467,
      "test_bal_acc_mean": 0.37999999999999995,
      "test_bal_acc_std": 0.035247200912834675,
      "test_f1_mean": 0.33572020641605754,
      "test_f1_std": 0.04931154291804339,
      "test_kappa_mean": 0.06999999999999998,
      "test_kappa_std": 0.052870801369252034,
      "confusion_matrix": [
        [
          29.666666666666675,
          0.0,
          70.33333333333334
        ],
        [
          3.0,
          8.0,
          88.99999999999999
        ],
        [
          2.0,
          21.666666666666668,
          76.33333333333333
        ]
      ]
    },
    {
      "participant": "3236",
      "n_seeds": 20,
      "test_acc_mean": 0.2655555555555556,
      "test_acc_std": 0.033411215059436075,
      "test_bal_acc_mean": 0.2655555555555556,
      "test_bal_acc_std": 0.03341121505943608,
      "test_f1_mean": 0.25506351067603394,
      "test_f1_std": 0.034119136164015705,
      "test_kappa_mean": -0.10166666666666672,
      "test_kappa_std": 0.05011682258915412,
      "confusion_matrix": [
        [
          34.66666666666667,
          25.666666666666668,
          39.66666666666666
        ],
        [
          55.666666666666664,
          13.333333333333334,
          31.000000000000007
        ],
        [
          53.0,
          15.333333333333334,
          31.666666666666664
        ]
      ]
    },
    {
      "participant": "3237",
      "n_seeds": 20,
      "test_acc_mean": 0.4022222222222223,
      "test_acc_std": 0.040721242897680615,
      "test_bal_acc_mean": 0.4022222222222223,
      "test_bal_acc_std": 0.04072124289768061,
      "test_f1_mean": 0.3215975015447356,
      "test_f1_std": 0.03920940583645754,
      "test_kappa_mean": 0.10333333333333332,
      "test_kappa_std": 0.06108186434652088,
      "confusion_matrix": [
        [
          78.33333333333333,
          21.666666666666668,
          0.0
        ],
        [
          59.000000000000014,
          40.99999999999999,
          0.0
        ],
        [
          29.333333333333336,
          69.33333333333334,
          1.3333333333333335
        ]
      ]
    },
    {
      "participant": "3238",
      "n_seeds": 20,
      "test_acc_mean": 0.3788888888888889,
      "test_acc_std": 0.01687010343369441,
      "test_bal_acc_mean": 0.3788888888888889,
      "test_bal_acc_std": 0.016870103433694394,
      "test_f1_mean": 0.3372578928375705,
      "test_f1_std": 0.021868154374351,
      "test_kappa_mean": 0.06833333333333333,
      "test_kappa_std": 0.025305155150541603,
      "confusion_matrix": [
        [
          28.666666666666668,
          33.33333333333333,
          37.99999999999999
        ],
        [
          4.000000000000001,
          5.666666666666667,
          90.33333333333334
        ],
        [
          1.3333333333333335,
          19.333333333333336,
          79.33333333333334
        ]
      ]
    },
    {
      "participant": "3239",
      "n_seeds": 20,
      "test_acc_mean": 0.33333333333333326,
      "test_acc_std": 5.695323946259567e-17,
      "test_bal_acc_mean": 0.33333333333333326,
      "test_bal_acc_std": 5.695323946259567e-17,
      "test_f1_mean": 0.16666666666666663,
      "test_f1_std": 2.8476619731297836e-17,
      "test_kappa_mean": 0.0,
      "test_kappa_std": 0.0,
      "confusion_matrix": [
        [
          100.0,
          0.0,
          0.0
        ],
        [
          100.0,
          0.0,
          0.0
        ],
        [
          100.0,
          0.0,
          0.0
        ]
      ]
    },
    {
      "participant": "3240",
      "n_seeds": 20,
      "test_acc_mean": 0.4377777777777778,
      "test_acc_std": 0.024020783723314707,
      "test_bal_acc_mean": 0.4377777777777778,
      "test_bal_acc_std": 0.024020783723314714,
      "test_f1_mean": 0.406595588896428,
      "test_f1_std": 0.029530162445752316,
      "test_kappa_mean": 0.1566666666666666,
      "test_kappa_std": 0.03603117558497206,
      "confusion_matrix": [
        [
          17.666666666666664,
          54.666666666666664,
          27.666666666666668
        ],
        [
          0.33333333333333337,
          73.33333333333334,
          26.333333333333332
        ],
        [
          0.0,
          59.66666666666667,
          40.33333333333333
        ]
      ]
    },
    {
      "participant": "3241",
      "n_seeds": 20,
      "test_acc_mean": 0.36777777777777787,
      "test_acc_std": 0.0341802735231253,
      "test_bal_acc_mean": 0.36777777777777787,
      "test_bal_acc_std": 0.034180273523125304,
      "test_f1_mean": 0.36834438734328817,
      "test_f1_std": 0.03704991976041118,
      "test_kappa_mean": 0.05166666666666666,
      "test_kappa_std": 0.051270410284687935,
      "confusion_matrix": [
        [
          34.99999999999999,
          57.66666666666667,
          7.333333333333334
        ],
        [
          45.999999999999986,
          47.33333333333332,
          6.666666666666669
        ],
        [
          27.666666666666668,
          44.333333333333336,
          28.0
        ]
      ]
    },
    {
      "participant": "3242",
      "n_seeds": 20,
      "test_acc_mean": 0.47555555555555556,
      "test_acc_std": 0.032564226536224275,
      "test_bal_acc_mean": 0.47555555555555556,
      "test_bal_acc_std": 0.03256422653622429,
      "test_f1_mean": 0.4444084111078143,
      "test_f1_std": 0.034285192538339226,
      "test_kappa_mean": 0.21333333333333332,
      "test_kappa_std": 0.04884633980433645,
      "confusion_matrix": [
        [
          61.0,
          32.0,
          7.0
        ],
        [
          10.333333333333332,
          65.66666666666666,
          24.000000000000004
        ],
        [
          45.000000000000014,
          39.000000000000014,
          16.0
        ]
      ]
    },
    {
      "participant": "3243",
      "n_seeds": 20,
      "test_acc_mean": 0.24888888888888888,
      "test_acc_std": 0.023473541434951298,
      "test_bal_acc_mean": 0.24888888888888888,
      "test_bal_acc_std": 0.0234735414349513,
      "test_f1_mean": 0.21986690985081525,
      "test_f1_std": 0.021669453877114817,
      "test_kappa_mean": -0.12666666666666668,
      "test_kappa_std": 0.03521031215242696,
      "confusion_matrix": [
        [
          24.0,
          4.0,
          72.0
        ],
        [
          12.000000000000002,
          0.0,
          88.00000000000003
        ],
        [
          6.666666666666667,
          42.66666666666666,
          50.66666666666666
        ]
      ]
    },
    {
      "participant": "3244",
      "n_seeds": 20,
      "test_acc_mean": 0.3533333333333333,
      "test_acc_std": 0.04319892184537699,
      "test_bal_acc_mean": 0.35333333333333333,
      "test_bal_acc_std": 0.043198921845377,
      "test_f1_mean": 0.3683670102579554,
      "test_f1_std": 0.04448391576583088,
      "test_kappa_mean": 0.029999999999999964,
      "test_kappa_std": 0.06479838276806549,
      "confusion_matrix": [
        [
          39.666666666666664,
          11.333333333333334,
          49.00000000000001
        ],
        [
          13.333333333333337,
          48.0,
          38.66666666666666
        ],
        [
          78.33333333333331,
          3.3333333333333335,
          18.333333333333332
        ]
      ]
    },
    {
      "participant": "3245",
      "n_seeds": 20,
      "test_acc_mean": 0.33333333333333326,
      "test_acc_std": 5.695323946259567e-17,
      "test_bal_acc_mean": 0.33333333333333326,
      "test_bal_acc_std": 5.695323946259567e-17,
      "test_f1_mean": 0.16666666666666663,
      "test_f1_std": 2.8476619731297836e-17,
      "test_kappa_mean": 0.0,
      "test_kappa_std": 0.0,
      "confusion_matrix": [
        [
          100.0,
          0.0,
          0.0
        ],
        [
          100.0,
          0.0,
          0.0
        ],
        [
          100.0,
          0.0,
          0.0
        ]
      ]
    },
    {
      "participant": "3246",
      "n_seeds": 20,
      "test_acc_mean": 0.49111111111111116,
      "test_acc_std": 0.04379644568878575,
      "test_bal_acc_mean": 0.49111111111111116,
      "test_bal_acc_std": 0.04379644568878574,
      "test_f1_mean": 0.4599732114016482,
      "test_f1_std": 0.042585233339547196,
      "test_kappa_mean": 0.23666666666666664,
      "test_kappa_std": 0.06569466853317867,
      "confusion_matrix": [
        [
          53.0,
          19.0,
          28.0
        ],
        [
          41.33333333333333,
          19.666666666666668,
          39.0
        ],
        [
          23.999999999999993,
          1.3333333333333335,
          74.66666666666667
        ]
      ]
    },
    {
      "participant": "3247",
      "n_seeds": 20,
      "test_acc_mean": 0.36,
      "test_acc_std": 0.021143404048611307,
      "test_bal_acc_mean": 0.36,
      "test_bal_acc_std": 0.021143404048611304,
      "test_f1_mean": 0.2594435190092634,
      "test_f1_std": 0.029156376233060336,
      "test_kappa_mean": 0.039999999999999994,
      "test_kappa_std": 0.03171510607291697,
      "confusion_matrix": [
        [
          88.00000000000003,
          11.333333333333336,
          0.6666666666666667
        ],
        [
          80.0,
          19.999999999999996,
          0.0
        ],
        [
          99.66666666666666,
          0.33333333333333337,
          0.0
        ]
      ]
    },
    {
      "participant": "3248",
      "n_seeds": 20,
      "test_acc_mean": 0.3088888888888889,
      "test_acc_std": 0.04884633980433644,
      "test_bal_acc_mean": 0.3088888888888889,
      "test_bal_acc_std": 0.04884633980433645,
      "test_f1_mean": 0.31560512547468933,
      "test_f1_std": 0.04659476721000068,
      "test_kappa_mean": -0.03666666666666666,
      "test_kappa_std": 0.07326950970650466,
      "confusion_matrix": [
        [
          24.33333333333334,
          64.33333333333331,
          11.333333333333336
        ],
        [
          14.333333333333332,
          32.33333333333333,
          53.333333333333336
        ],
        [
          5.0,
          59.000000000000014,
          35.99999999999999
        ]
      ]
    },
    {
      "participant": "3249",
      "n_seeds": 20,
      "test_acc_mean": 0.29000000000000004,
      "test_acc_std": 0.10874079916714227,
      "test_bal_acc_mean": 0.29000000000000004,
      "test_bal_acc_std": 0.10874079916714227,
      "test_f1_mean": 0.43889067588758,
      "test_f1_std": 0.134271918005117,
      "test_kappa_mean": 0.0,
      "test_kappa_std": 0.0,
      "confusion_matrix": [
        [
          0.0,
          0.0,
          0.0
        ],
        [
          0.0,
          0.0,
          0.0
        ],
        [
          6.333333333333335,
          64.66666666666666,
          28.999999999999993
        ]
      ]
    },
    {
      "participant": "3250",
      "n_seeds": 20,
      "test_acc_mean": 0.4666666666666667,
      "test_acc_std": 0.03746343246326775,
      "test_bal_acc_mean": 0.4666666666666667,
      "test_bal_acc_std": 0.03746343246326775,
      "test_f1_mean": 0.45540547844628476,
      "test_f1_std": 0.04057068240287096,
      "test_kappa_mean": 0.19999999999999996,
      "test_kappa_std": 0.056195148694901664,
      "confusion_matrix": [
        [
          36.66666666666666,
          16.0,
          47.333333333333336
        ],
        [
          11.333333333333332,
          69.33333333333334,
          19.333333333333332
        ],
        [
          17.000000000000004,
          48.99999999999999,
          34.00000000000001
        ]
      ]
    }
  ],
  "selected_features": [],
  "n_participants": 38,
  "n_seeds": 20,
  "n_features": 94,
  "timestamp": "2025-10-20T08:20:34.470236"
}