{
  "name": "pose",
  "config": {
    "n_seeds": 20,
    "feature_selection": "none",
    "use_pose_derivatives": true,
    "use_time_features": false,
    "include_order": false,
    "normalize_features": true,
    "class_config": "all",
    "use_pca": false,
    "pca_variance": 0.9,
    "write_cm": true,
    "tune_hyperparameters": false,
    "tune_n_iter": 30,
    "tune_cv_folds": 5,
    "name": "pose",
    "feature_groups": [
      "pose"
    ],
    "split_strategy": "lopo"
  },
  "metrics": {
    "test_acc_mean": 0.36814333032219215,
    "test_acc_std": 0.10924577013891434,
    "test_bal_acc_mean": 0.3685162738496073,
    "test_bal_acc_std": 0.10972521147864245,
    "test_f1_mean": 0.30077424549266374,
    "test_f1_std": 0.11424053128796961,
    "test_kappa_mean": 0.052765955954732734,
    "test_kappa_std": 0.16457633457476034
  },
  "confusion_matrix": [
    [
      51.37037037037036,
      28.1037037037037,
      20.52592592592593
    ],
    [
      38.46666666666667,
      35.911111111111104,
      25.622222222222224
    ],
    [
      38.63299663299663,
      38.093602693602705,
      23.273400673400673
    ]
  ],
  "participant_results": [
    {
      "participant": "3105",
      "n_seeds": 20,
      "test_acc_mean": 0.17666666666666667,
      "test_acc_std": 0.03709741666998856,
      "test_bal_acc_mean": 0.17666666666666667,
      "test_bal_acc_std": 0.03709741666998856,
      "test_f1_mean": 0.1676605016316673,
      "test_f1_std": 0.03494008663626508,
      "test_kappa_mean": -0.23499999999999996,
      "test_kappa_std": 0.05564612500498282,
      "confusion_matrix": [
        [
          23.666666666666668,
          60.66666666666667,
          15.666666666666663
        ],
        [
          51.666666666666664,
          12.333333333333332,
          35.99999999999999
        ],
        [
          56.999999999999986,
          26.0,
          17.0
        ]
      ]
    },
    {
      "participant": "3206",
      "n_seeds": 20,
      "test_acc_mean": 0.19333333333333333,
      "test_acc_std": 0.06248066627541374,
      "test_bal_acc_mean": 0.19333333333333333,
      "test_bal_acc_std": 0.06248066627541374,
      "test_f1_mean": 0.1533929647337205,
      "test_f1_std": 0.045645520986194524,
      "test_kappa_mean": -0.21000000000000002,
      "test_kappa_std": 0.09372099941312058,
      "confusion_matrix": [
        [
          35.666666666666664,
          64.33333333333333,
          0.0
        ],
        [
          73.33333333333331,
          22.333333333333336,
          4.333333333333334
        ],
        [
          37.0,
          63.0,
          0.0
        ]
      ]
    },
    {
      "participant": "3207",
      "n_seeds": 20,
      "test_acc_mean": 0.27999999999999997,
      "test_acc_std": 0.029197630459190497,
      "test_bal_acc_mean": 0.27999999999999997,
      "test_bal_acc_std": 0.029197630459190497,
      "test_f1_mean": 0.2306596157497248,
      "test_f1_std": 0.02588767832373638,
      "test_kappa_mean": -0.08000000000000003,
      "test_kappa_std": 0.043796445688785754,
      "confusion_matrix": [
        [
          60.66666666666665,
          25.333333333333336,
          13.999999999999996
        ],
        [
          89.66666666666666,
          0.0,
          10.333333333333332
        ],
        [
          69.0,
          7.666666666666667,
          23.33333333333333
        ]
      ]
    },
    {
      "participant": "3208",
      "n_seeds": 20,
      "test_acc_mean": 0.4133333333333334,
      "test_acc_std": 0.05695318004597221,
      "test_bal_acc_mean": 0.4133333333333333,
      "test_bal_acc_std": 0.05695318004597222,
      "test_f1_mean": 0.4046147625677121,
      "test_f1_std": 0.05623444606176544,
      "test_kappa_mean": 0.11999999999999997,
      "test_kappa_std": 0.08542977006895833,
      "confusion_matrix": [
        [
          40.666666666666664,
          27.666666666666668,
          31.666666666666668
        ],
        [
          12.333333333333336,
          33.66666666666667,
          54.0
        ],
        [
          20.666666666666668,
          29.666666666666664,
          49.66666666666667
        ]
      ]
    },
    {
      "participant": "3209",
      "n_seeds": 20,
      "test_acc_mean": 0.3244444444444444,
      "test_acc_std": 0.06892849267185738,
      "test_bal_acc_mean": 0.3244444444444444,
      "test_bal_acc_std": 0.06892849267185736,
      "test_f1_mean": 0.27447296215501793,
      "test_f1_std": 0.0644063739704926,
      "test_kappa_mean": -0.013333333333333341,
      "test_kappa_std": 0.10339273900778605,
      "confusion_matrix": [
        [
          2.6666666666666665,
          74.66666666666669,
          22.66666666666667
        ],
        [
          17.333333333333332,
          45.0,
          37.66666666666667
        ],
        [
          0.0,
          50.333333333333336,
          49.666666666666664
        ]
      ]
    },
    {
      "participant": "3210",
      "n_seeds": 20,
      "test_acc_mean": 0.33777777777777773,
      "test_acc_std": 0.060149262033684855,
      "test_bal_acc_mean": 0.33777777777777773,
      "test_bal_acc_std": 0.060149262033684835,
      "test_f1_mean": 0.3053286254178253,
      "test_f1_std": 0.05612087236006463,
      "test_kappa_mean": 0.006666666666666659,
      "test_kappa_std": 0.09022389305052725,
      "confusion_matrix": [
        [
          66.33333333333334,
          0.0,
          33.66666666666667
        ],
        [
          57.0,
          22.666666666666664,
          20.33333333333333
        ],
        [
          78.66666666666666,
          9.0,
          12.333333333333332
        ]
      ]
    },
    {
      "participant": "3211",
      "n_seeds": 20,
      "test_acc_mean": 0.2633333333333333,
      "test_acc_std": 0.02996640961148413,
      "test_bal_acc_mean": 0.26333333333333336,
      "test_bal_acc_std": 0.029966409611484137,
      "test_f1_mean": 0.1894638276289266,
      "test_f1_std": 0.020592897806294988,
      "test_kappa_mean": -0.10500000000000002,
      "test_kappa_std": 0.044949614417226204,
      "confusion_matrix": [
        [
          63.66666666666667,
          0.0,
          36.33333333333333
        ],
        [
          62.000000000000014,
          0.0,
          38.0
        ],
        [
          84.33333333333336,
          0.33333333333333337,
          15.333333333333332
        ]
      ]
    },
    {
      "participant": "3213",
      "n_seeds": 20,
      "test_acc_mean": 0.4255555555555556,
      "test_acc_std": 0.059136080554867784,
      "test_bal_acc_mean": 0.4255555555555556,
      "test_bal_acc_std": 0.05913608055486779,
      "test_f1_mean": 0.3266352029136169,
      "test_f1_std": 0.07279808135185459,
      "test_kappa_mean": 0.13833333333333328,
      "test_kappa_std": 0.08870412083230171,
      "confusion_matrix": [
        [
          93.66666666666666,
          0.0,
          6.333333333333334
        ],
        [
          100.0,
          0.0,
          0.0
        ],
        [
          66.0,
          0.0,
          34.0
        ]
      ]
    },
    {
      "participant": "3214",
      "n_seeds": 20,
      "test_acc_mean": 0.6766666666666665,
      "test_acc_std": 0.02836227165692587,
      "test_bal_acc_mean": 0.6766666666666665,
      "test_bal_acc_std": 0.028362271656925873,
      "test_f1_mean": 0.5984688777496181,
      "test_f1_std": 0.039352957880499195,
      "test_kappa_mean": 0.5149999999999999,
      "test_kappa_std": 0.0425434074853888,
      "confusion_matrix": [
        [
          93.0,
          6.333333333333334,
          0.6666666666666667
        ],
        [
          0.0,
          99.66666666666666,
          0.33333333333333337
        ],
        [
          10.333333333333334,
          79.33333333333333,
          10.333333333333334
        ]
      ]
    },
    {
      "participant": "3215",
      "n_seeds": 20,
      "test_acc_mean": 0.42666666666666664,
      "test_acc_std": 0.03502528558455165,
      "test_bal_acc_mean": 0.42666666666666664,
      "test_bal_acc_std": 0.03502528558455165,
      "test_f1_mean": 0.3750712489721502,
      "test_f1_std": 0.04278782327428771,
      "test_kappa_mean": 0.13999999999999996,
      "test_kappa_std": 0.05253792837682748,
      "confusion_matrix": [
        [
          87.00000000000001,
          4.0,
          9.0
        ],
        [
          80.33333333333334,
          19.666666666666664,
          0.0
        ],
        [
          60.0,
          18.666666666666664,
          21.333333333333336
        ]
      ]
    },
    {
      "participant": "3216",
      "n_seeds": 20,
      "test_acc_mean": 0.26999999999999996,
      "test_acc_std": 0.04158959733981069,
      "test_bal_acc_mean": 0.26999999999999996,
      "test_bal_acc_std": 0.041589597339810706,
      "test_f1_mean": 0.14150716008633762,
      "test_f1_std": 0.01721754740675153,
      "test_kappa_mean": -0.09500000000000004,
      "test_kappa_std": 0.062384396009716056,
      "confusion_matrix": [
        [
          80.99999999999999,
          10.0,
          9.0
        ],
        [
          100.0,
          0.0,
          0.0
        ],
        [
          99.0,
          1.0,
          0.0
        ]
      ]
    },
    {
      "participant": "3217",
      "n_seeds": 20,
      "test_acc_mean": 0.41222222222222227,
      "test_acc_std": 0.05833959866102803,
      "test_bal_acc_mean": 0.41222222222222227,
      "test_bal_acc_std": 0.05833959866102803,
      "test_f1_mean": 0.337600526969299,
      "test_f1_std": 0.07091715129366075,
      "test_kappa_mean": 0.11833333333333332,
      "test_kappa_std": 0.08750939799154205,
      "confusion_matrix": [
        [
          47.00000000000001,
          52.999999999999986,
          0.0
        ],
        [
          28.333333333333336,
          71.66666666666667,
          0.0
        ],
        [
          21.333333333333336,
          73.66666666666666,
          5.000000000000001
        ]
      ]
    },
    {
      "participant": "3218",
      "n_seeds": 20,
      "test_acc_mean": 0.35111111111111104,
      "test_acc_std": 0.017061597687775886,
      "test_bal_acc_mean": 0.35111111111111104,
      "test_bal_acc_std": 0.017061597687775886,
      "test_f1_mean": 0.2200568683454093,
      "test_f1_std": 0.03006674182374437,
      "test_kappa_mean": 0.02666666666666666,
      "test_kappa_std": 0.02559239653166381,
      "confusion_matrix": [
        [
          0.33333333333333337,
          45.66666666666667,
          54.0
        ],
        [
          0.0,
          99.33333333333333,
          0.6666666666666667
        ],
        [
          0.0,
          94.33333333333334,
          5.666666666666667
        ]
      ]
    },
    {
      "participant": "3219",
      "n_seeds": 20,
      "test_acc_mean": 0.5655555555555555,
      "test_acc_std": 0.028362271656925866,
      "test_bal_acc_mean": 0.5655555555555555,
      "test_bal_acc_std": 0.02836227165692587,
      "test_f1_mean": 0.5045980796178794,
      "test_f1_std": 0.042798400572840414,
      "test_kappa_mean": 0.3483333333333334,
      "test_kappa_std": 0.0425434074853888,
      "confusion_matrix": [
        [
          100.0,
          0.0,
          0.0
        ],
        [
          37.333333333333336,
          15.333333333333334,
          47.33333333333333
        ],
        [
          33.0,
          12.666666666666666,
          54.333333333333336
        ]
      ]
    },
    {
      "participant": "3220",
      "n_seeds": 20,
      "test_acc_mean": 0.32333333333333325,
      "test_acc_std": 0.052227821026238484,
      "test_bal_acc_mean": 0.3233333333333333,
      "test_bal_acc_std": 0.05222782102623849,
      "test_f1_mean": 0.27308467537718006,
      "test_f1_std": 0.06500539807854132,
      "test_kappa_mean": -0.015000000000000013,
      "test_kappa_std": 0.0783417315393577,
      "confusion_matrix": [
        [
          78.0,
          22.000000000000004,
          0.0
        ],
        [
          99.66666666666667,
          0.0,
          0.33333333333333337
        ],
        [
          20.666666666666664,
          60.333333333333336,
          19.000000000000004
        ]
      ]
    },
    {
      "participant": "3221",
      "n_seeds": 20,
      "test_acc_mean": 0.2622222222222222,
      "test_acc_std": 0.04593975771084904,
      "test_bal_acc_mean": 0.2622222222222222,
      "test_bal_acc_std": 0.04593975771084904,
      "test_f1_mean": 0.2226773619035553,
      "test_f1_std": 0.038198227172632104,
      "test_kappa_mean": -0.10666666666666669,
      "test_kappa_std": 0.06890963656627354,
      "confusion_matrix": [
        [
          43.33333333333333,
          56.666666666666664,
          0.0
        ],
        [
          39.33333333333333,
          34.33333333333333,
          26.333333333333336
        ],
        [
          50.66666666666667,
          48.333333333333336,
          1.0
        ]
      ]
    },
    {
      "participant": "3222",
      "n_seeds": 20,
      "test_acc_mean": 0.4600000000000001,
      "test_acc_std": 0.043914974851914854,
      "test_bal_acc_mean": 0.4600000000000001,
      "test_bal_acc_std": 0.04391497485191486,
      "test_f1_mean": 0.43830177135661674,
      "test_f1_std": 0.05505636952306809,
      "test_kappa_mean": 0.18999999999999995,
      "test_kappa_std": 0.06587246227787233,
      "confusion_matrix": [
        [
          56.666666666666664,
          33.66666666666667,
          9.666666666666668
        ],
        [
          37.333333333333336,
          59.666666666666664,
          2.9999999999999996
        ],
        [
          21.333333333333332,
          57.0,
          21.666666666666664
        ]
      ]
    },
    {
      "participant": "3223",
      "n_seeds": 20,
      "test_acc_mean": 0.2833333333333333,
      "test_acc_std": 0.05437338721439921,
      "test_bal_acc_mean": 0.2833333333333333,
      "test_bal_acc_std": 0.054373387214399216,
      "test_f1_mean": 0.25814006033533266,
      "test_f1_std": 0.05654268697851512,
      "test_kappa_mean": -0.07500000000000002,
      "test_kappa_std": 0.08156008082159882,
      "confusion_matrix": [
        [
          57.666666666666664,
          35.66666666666667,
          6.666666666666667
        ],
        [
          86.33333333333334,
          4.666666666666667,
          9.0
        ],
        [
          34.66666666666667,
          42.66666666666667,
          22.666666666666664
        ]
      ]
    },
    {
      "participant": "3224",
      "n_seeds": 20,
      "test_acc_mean": 0.43111111111111117,
      "test_acc_std": 0.06504858982588771,
      "test_bal_acc_mean": 0.43111111111111117,
      "test_bal_acc_std": 0.06504858982588772,
      "test_f1_mean": 0.4105994836897312,
      "test_f1_std": 0.06167640058527137,
      "test_kappa_mean": 0.14666666666666664,
      "test_kappa_std": 0.09757288473883154,
      "confusion_matrix": [
        [
          27.333333333333332,
          41.333333333333336,
          31.333333333333332
        ],
        [
          0.0,
          71.33333333333331,
          28.666666666666668
        ],
        [
          3.0,
          66.33333333333333,
          30.666666666666668
        ]
      ]
    },
    {
      "participant": "3225",
      "n_seeds": 20,
      "test_acc_mean": 0.24555555555555553,
      "test_acc_std": 0.057892373984507264,
      "test_bal_acc_mean": 0.24555555555555558,
      "test_bal_acc_std": 0.05789237398450727,
      "test_f1_mean": 0.15102726589306434,
      "test_f1_std": 0.03601254433960569,
      "test_kappa_mean": -0.1316666666666667,
      "test_kappa_std": 0.08683856097676086,
      "confusion_matrix": [
        [
          1.6666666666666667,
          2.333333333333333,
          95.99999999999999
        ],
        [
          29.666666666666668,
          1.0,
          69.33333333333333
        ],
        [
          18.333333333333332,
          10.666666666666666,
          70.99999999999999
        ]
      ]
    },
    {
      "participant": "3226",
      "n_seeds": 20,
      "test_acc_mean": 0.4522222222222222,
      "test_acc_std": 0.049045469614110285,
      "test_bal_acc_mean": 0.4522222222222222,
      "test_bal_acc_std": 0.049045469614110285,
      "test_f1_mean": 0.38489400323119033,
      "test_f1_std": 0.05119239539750856,
      "test_kappa_mean": 0.17833333333333332,
      "test_kappa_std": 0.07356820442116543,
      "confusion_matrix": [
        [
          74.0,
          17.333333333333332,
          8.666666666666668
        ],
        [
          40.99999999999999,
          58.000000000000014,
          1.0
        ],
        [
          14.0,
          82.33333333333333,
          3.6666666666666665
        ]
      ]
    },
    {
      "participant": "3227",
      "n_seeds": 20,
      "test_acc_mean": 0.4722222222222222,
      "test_acc_std": 0.025870171181982055,
      "test_bal_acc_mean": 0.4722222222222222,
      "test_bal_acc_std": 0.025870171181982062,
      "test_f1_mean": 0.38133933216765176,
      "test_f1_std": 0.023929105618360973,
      "test_kappa_mean": 0.20833333333333331,
      "test_kappa_std": 0.038805256772973105,
      "confusion_matrix": [
        [
          78.33333333333334,
          21.666666666666664,
          0.0
        ],
        [
          36.66666666666667,
          63.333333333333336,
          0.0
        ],
        [
          20.0,
          79.99999999999999,
          0.0
        ]
      ]
    },
    {
      "participant": "3228",
      "n_seeds": 20,
      "test_acc_mean": 0.17666666666666667,
      "test_acc_std": 0.02646610739806135,
      "test_bal_acc_mean": 0.17666666666666667,
      "test_bal_acc_std": 0.02646610739806135,
      "test_f1_mean": 0.10249455457953953,
      "test_f1_std": 0.012049002465927923,
      "test_kappa_mean": -0.23500000000000001,
      "test_kappa_std": 0.039699161097092,
      "confusion_matrix": [
        [
          0.0,
          0.6666666666666667,
          99.33333333333333
        ],
        [
          0.0,
          1.0,
          98.99999999999999
        ],
        [
          0.0,
          47.99999999999999,
          52.0
        ]
      ]
    },
    {
      "participant": "3229",
      "n_seeds": 20,
      "test_acc_mean": 0.35777777777777775,
      "test_acc_std": 0.02487133884165625,
      "test_bal_acc_mean": 0.35777777777777775,
      "test_bal_acc_std": 0.024871338841656238,
      "test_f1_mean": 0.2922763146731192,
      "test_f1_std": 0.031787952943208506,
      "test_kappa_mean": 0.03666666666666664,
      "test_kappa_std": 0.03730700826248436,
      "confusion_matrix": [
        [
          78.33333333333334,
          6.666666666666669,
          15.0
        ],
        [
          73.0,
          4.333333333333334,
          22.666666666666668
        ],
        [
          45.33333333333333,
          29.99999999999999,
          24.666666666666664
        ]
      ]
    },
    {
      "participant": "3230",
      "n_seeds": 20,
      "test_acc_mean": 0.5477777777777778,
      "test_acc_std": 0.029966409611484137,
      "test_bal_acc_mean": 0.5477777777777778,
      "test_bal_acc_std": 0.029966409611484137,
      "test_f1_mean": 0.4388038314614159,
      "test_f1_std": 0.026464925886265284,
      "test_kappa_mean": 0.32166666666666666,
      "test_kappa_std": 0.044949614417226204,
      "confusion_matrix": [
        [
          95.66666666666666,
          4.333333333333334,
          0.0
        ],
        [
          31.333333333333332,
          68.66666666666667,
          0.0
        ],
        [
          67.33333333333334,
          32.66666666666667,
          0.0
        ]
      ]
    },
    {
      "participant": "3231",
      "n_seeds": 20,
      "test_acc_mean": 0.36000000000000004,
      "test_acc_std": 0.06631486122064534,
      "test_bal_acc_mean": 0.36000000000000004,
      "test_bal_acc_std": 0.06631486122064532,
      "test_f1_mean": 0.3419391836627911,
      "test_f1_std": 0.07353959742369949,
      "test_kappa_mean": 0.03999999999999997,
      "test_kappa_std": 0.099472291830968,
      "confusion_matrix": [
        [
          12.66666666666667,
          5.999999999999999,
          81.33333333333333
        ],
        [
          14.000000000000004,
          35.333333333333336,
          50.66666666666667
        ],
        [
          32.0,
          7.999999999999998,
          60.0
        ]
      ]
    },
    {
      "participant": "3232",
      "n_seeds": 20,
      "test_acc_mean": 0.37,
      "test_acc_std": 0.028178397617105666,
      "test_bal_acc_mean": 0.37,
      "test_bal_acc_std": 0.028178397617105663,
      "test_f1_mean": 0.3172698390840503,
      "test_f1_std": 0.03532178267099133,
      "test_kappa_mean": 0.05499999999999998,
      "test_kappa_std": 0.04226759642565848,
      "confusion_matrix": [
        [
          74.66666666666666,
          16.666666666666664,
          8.666666666666668
        ],
        [
          53.66666666666667,
          27.666666666666668,
          18.666666666666664
        ],
        [
          67.66666666666666,
          23.666666666666664,
          8.666666666666668
        ]
      ]
    },
    {
      "participant": "3233",
      "n_seeds": 20,
      "test_acc_mean": 0.45111111111111113,
      "test_acc_std": 0.03465226871498483,
      "test_bal_acc_mean": 0.45111111111111113,
      "test_bal_acc_std": 0.03465226871498483,
      "test_f1_mean": 0.3714091877880691,
      "test_f1_std": 0.03673000977541007,
      "test_kappa_mean": 0.17666666666666667,
      "test_kappa_std": 0.051978403072477246,
      "confusion_matrix": [
        [
          87.33333333333333,
          12.666666666666668,
          0.0
        ],
        [
          40.33333333333334,
          48.00000000000001,
          11.666666666666666
        ],
        [
          97.33333333333333,
          2.6666666666666665,
          0.0
        ]
      ]
    },
    {
      "participant": "3234",
      "n_seeds": 20,
      "test_acc_mean": 0.5033333333333333,
      "test_acc_std": 0.044018426054990595,
      "test_bal_acc_mean": 0.5033333333333333,
      "test_bal_acc_std": 0.04401842605499059,
      "test_f1_mean": 0.43657785139849004,
      "test_f1_std": 0.052692135635579576,
      "test_kappa_mean": 0.255,
      "test_kappa_std": 0.06602763908248593,
      "confusion_matrix": [
        [
          78.33333333333334,
          21.333333333333336,
          0.33333333333333337
        ],
        [
          12.666666666666666,
          67.66666666666667,
          19.666666666666668
        ],
        [
          37.33333333333333,
          57.66666666666667,
          5.000000000000002
        ]
      ]
    },
    {
      "participant": "3235",
      "n_seeds": 20,
      "test_acc_mean": 0.37777777777777777,
      "test_acc_std": 0.01907544611731005,
      "test_bal_acc_mean": 0.37777777777777777,
      "test_bal_acc_std": 0.019075446117310026,
      "test_f1_mean": 0.2684254286255565,
      "test_f1_std": 0.03421286383272737,
      "test_kappa_mean": 0.06666666666666661,
      "test_kappa_std": 0.028613169175965066,
      "confusion_matrix": [
        [
          100.0,
          0.0,
          0.0
        ],
        [
          40.33333333333333,
          7.333333333333333,
          52.33333333333333
        ],
        [
          93.3333333333333,
          0.6666666666666667,
          6.000000000000002
        ]
      ]
    },
    {
      "participant": "3236",
      "n_seeds": 20,
      "test_acc_mean": 0.42666666666666664,
      "test_acc_std": 0.0357596481616804,
      "test_bal_acc_mean": 0.42666666666666664,
      "test_bal_acc_std": 0.03575964816168042,
      "test_f1_mean": 0.34624360310579544,
      "test_f1_std": 0.04324406035352355,
      "test_kappa_mean": 0.13999999999999999,
      "test_kappa_std": 0.053639472242520615,
      "confusion_matrix": [
        [
          6.333333333333335,
          65.33333333333334,
          28.333333333333332
        ],
        [
          0.0,
          89.66666666666666,
          10.333333333333332
        ],
        [
          2.6666666666666665,
          65.33333333333334,
          32.0
        ]
      ]
    },
    {
      "participant": "3237",
      "n_seeds": 20,
      "test_acc_mean": 0.2677777777777777,
      "test_acc_std": 0.03639006069270802,
      "test_bal_acc_mean": 0.2677777777777777,
      "test_bal_acc_std": 0.036390060692708025,
      "test_f1_mean": 0.14416937264285393,
      "test_f1_std": 0.014988035844405473,
      "test_kappa_mean": -0.09833333333333334,
      "test_kappa_std": 0.05458509103906201,
      "confusion_matrix": [
        [
          80.33333333333334,
          19.666666666666668,
          0.0
        ],
        [
          100.0,
          0.0,
          0.0
        ],
        [
          89.99999999999999,
          9.999999999999998,
          0.0
        ]
      ]
    },
    {
      "participant": "3238",
      "n_seeds": 20,
      "test_acc_mean": 0.4722222222222222,
      "test_acc_std": 0.05091750772173155,
      "test_bal_acc_mean": 0.4722222222222222,
      "test_bal_acc_std": 0.05091750772173154,
      "test_f1_mean": 0.39327424454878424,
      "test_f1_std": 0.06552459827147185,
      "test_kappa_mean": 0.20833333333333331,
      "test_kappa_std": 0.07637626158259737,
      "confusion_matrix": [
        [
          5.0,
          17.666666666666668,
          77.33333333333331
        ],
        [
          0.0,
          49.0,
          51.0
        ],
        [
          0.33333333333333337,
          11.999999999999998,
          87.66666666666666
        ]
      ]
    },
    {
      "participant": "3239",
      "n_seeds": 20,
      "test_acc_mean": 0.4975609756097561,
      "test_acc_std": 0.04774248633459445,
      "test_bal_acc_mean": 0.5143434343434345,
      "test_bal_acc_std": 0.046505771967183814,
      "test_f1_mean": 0.47782150774745996,
      "test_f1_std": 0.0627497201732304,
      "test_kappa_mean": 0.2711346846296403,
      "test_kappa_std": 0.06602657476352494,
      "confusion_matrix": [
        [
          66.33333333333334,
          1.3333333333333335,
          32.33333333333333
        ],
        [
          9.333333333333332,
          19.333333333333336,
          71.33333333333334
        ],
        [
          26.818181818181806,
          4.545454545454546,
          68.63636363636364
        ]
      ]
    },
    {
      "participant": "3240",
      "n_seeds": 20,
      "test_acc_mean": 0.5144444444444444,
      "test_acc_std": 0.06378774093379773,
      "test_bal_acc_mean": 0.5144444444444444,
      "test_bal_acc_std": 0.06378774093379776,
      "test_f1_mean": 0.4624938402814546,
      "test_f1_std": 0.06523277317954679,
      "test_kappa_mean": 0.27166666666666667,
      "test_kappa_std": 0.09568161140069664,
      "confusion_matrix": [
        [
          14.333333333333334,
          71.66666666666667,
          13.999999999999996
        ],
        [
          0.0,
          86.99999999999999,
          13.0
        ],
        [
          0.0,
          47.00000000000001,
          53.0
        ]
      ]
    },
    {
      "participant": "3241",
      "n_seeds": 20,
      "test_acc_mean": 0.2944444444444444,
      "test_acc_std": 0.009872481295984888,
      "test_bal_acc_mean": 0.29444444444444445,
      "test_bal_acc_std": 0.009872481295984862,
      "test_f1_mean": 0.15406225365042198,
      "test_f1_std": 0.009507255634007597,
      "test_kappa_mean": -0.05833333333333329,
      "test_kappa_std": 0.014808721943977221,
      "confusion_matrix": [
        [
          88.00000000000001,
          6.666666666666669,
          5.333333333333334
        ],
        [
          97.66666666666666,
          0.33333333333333337,
          2.0
        ],
        [
          100.0,
          0.0,
          0.0
        ]
      ]
    },
    {
      "participant": "3242",
      "n_seeds": 20,
      "test_acc_mean": 0.25222222222222224,
      "test_acc_std": 0.04904546961411029,
      "test_bal_acc_mean": 0.25222222222222224,
      "test_bal_acc_std": 0.0490454696141103,
      "test_f1_mean": 0.2710193304214753,
      "test_f1_std": 0.048478960122901565,
      "test_kappa_mean": -0.12166666666666667,
      "test_kappa_std": 0.0735682044211654,
      "confusion_matrix": [
        [
          31.666666666666664,
          29.666666666666664,
          38.66666666666666
        ],
        [
          0.0,
          7.666666666666667,
          92.33333333333334
        ],
        [
          0.0,
          63.66666666666667,
          36.333333333333336
        ]
      ]
    },
    {
      "participant": "3243",
      "n_seeds": 20,
      "test_acc_mean": 0.321111111111111,
      "test_acc_std": 0.015251838692294656,
      "test_bal_acc_mean": 0.321111111111111,
      "test_bal_acc_std": 0.015251838692294642,
      "test_f1_mean": 0.16211766997857,
      "test_f1_std": 0.006032245944267636,
      "test_kappa_mean": -0.018333333333333368,
      "test_kappa_std": 0.022877758038442008,
      "confusion_matrix": [
        [
          0.0,
          100.0,
          0.0
        ],
        [
          0.0,
          96.33333333333333,
          3.6666666666666665
        ],
        [
          0.33333333333333337,
          99.66666666666666,
          0.0
        ]
      ]
    },
    {
      "participant": "3244",
      "n_seeds": 20,
      "test_acc_mean": 0.2033333333333333,
      "test_acc_std": 0.048512640448658786,
      "test_bal_acc_mean": 0.2033333333333333,
      "test_bal_acc_std": 0.048512640448658786,
      "test_f1_mean": 0.19779101089717935,
      "test_f1_std": 0.04176294727587708,
      "test_kappa_mean": -0.195,
      "test_kappa_std": 0.07276896067298816,
      "confusion_matrix": [
        [
          29.333333333333332,
          70.66666666666666,
          0.0
        ],
        [
          21.000000000000004,
          26.333333333333336,
          52.66666666666667
        ],
        [
          17.0,
          77.66666666666667,
          5.333333333333333
        ]
      ]
    },
    {
      "participant": "3245",
      "n_seeds": 20,
      "test_acc_mean": 0.331111111111111,
      "test_acc_std": 0.060708401984198065,
      "test_bal_acc_mean": 0.331111111111111,
      "test_bal_acc_std": 0.06070840198419806,
      "test_f1_mean": 0.20707820200745455,
      "test_f1_std": 0.07644732518987496,
      "test_kappa_mean": -0.0033333333333333327,
      "test_kappa_std": 0.09106260297629712,
      "confusion_matrix": [
        [
          1.6666666666666667,
          6.0,
          92.33333333333334
        ],
        [
          0.0,
          9.333333333333332,
          90.66666666666666
        ],
        [
          0.33333333333333337,
          11.333333333333332,
          88.33333333333331
        ]
      ]
    },
    {
      "participant": "3246",
      "n_seeds": 20,
      "test_acc_mean": 0.31888888888888883,
      "test_acc_std": 0.023110886188739067,
      "test_bal_acc_mean": 0.31888888888888883,
      "test_bal_acc_std": 0.023110886188739053,
      "test_f1_mean": 0.2768730620677876,
      "test_f1_std": 0.026910966918038393,
      "test_kappa_mean": -0.021666666666666706,
      "test_kappa_std": 0.0346663292831086,
      "confusion_matrix": [
        [
          64.0,
          0.0,
          36.0
        ],
        [
          1.0,
          4.333333333333334,
          94.66666666666666
        ],
        [
          72.66666666666666,
          0.0,
          27.333333333333332
        ]
      ]
    },
    {
      "participant": "3247",
      "n_seeds": 20,
      "test_acc_mean": 0.4322222222222223,
      "test_acc_std": 0.03914286324082666,
      "test_bal_acc_mean": 0.4322222222222222,
      "test_bal_acc_std": 0.039142863240826636,
      "test_f1_mean": 0.34715329207059925,
      "test_f1_std": 0.03093428501199892,
      "test_kappa_mean": 0.14833333333333334,
      "test_kappa_std": 0.05871429486123998,
      "confusion_matrix": [
        [
          67.66666666666666,
          30.0,
          2.333333333333333
        ],
        [
          37.66666666666667,
          62.0,
          0.33333333333333337
        ],
        [
          62.0,
          37.99999999999999,
          0.0
        ]
      ]
    },
    {
      "participant": "3248",
      "n_seeds": 20,
      "test_acc_mean": 0.37888888888888894,
      "test_acc_std": 0.03639006069270802,
      "test_bal_acc_mean": 0.37888888888888894,
      "test_bal_acc_std": 0.03639006069270802,
      "test_f1_mean": 0.3322419455962482,
      "test_f1_std": 0.04204306488162741,
      "test_kappa_mean": 0.0683333333333333,
      "test_kappa_std": 0.05458509103906203,
      "confusion_matrix": [
        [
          73.66666666666666,
          19.333333333333336,
          7.000000000000002
        ],
        [
          75.33333333333333,
          17.666666666666668,
          7.0
        ],
        [
          53.333333333333336,
          24.333333333333336,
          22.333333333333332
        ]
      ]
    },
    {
      "participant": "3249",
      "n_seeds": 20,
      "test_acc_mean": 0.33888888888888885,
      "test_acc_std": 0.07522977580912427,
      "test_bal_acc_mean": 0.33888888888888885,
      "test_bal_acc_std": 0.07522977580912424,
      "test_f1_mean": 0.27678371215808306,
      "test_f1_std": 0.06708825719567574,
      "test_kappa_mean": 0.008333333333333309,
      "test_kappa_std": 0.1128446637136864,
      "confusion_matrix": [
        [
          43.333333333333336,
          56.666666666666664,
          0.0
        ],
        [
          43.99999999999999,
          56.0,
          0.0
        ],
        [
          53.666666666666664,
          43.99999999999999,
          2.333333333333333
        ]
      ]
    },
    {
      "participant": "3250",
      "n_seeds": 20,
      "test_acc_mean": 0.3255555555555555,
      "test_acc_std": 0.02724041640467221,
      "test_bal_acc_mean": 0.3255555555555555,
      "test_bal_acc_std": 0.02724041640467221,
      "test_f1_mean": 0.16692663022943954,
      "test_f1_std": 0.02200040183374692,
      "test_kappa_mean": -0.011666666666666681,
      "test_kappa_std": 0.04086062460700833,
      "confusion_matrix": [
        [
          0.6666666666666667,
          99.33333333333334,
          0.0
        ],
        [
          0.33333333333333337,
          96.99999999999999,
          2.666666666666667
        ],
        [
          0.0,
          100.0,
          0.0
        ]
      ]
    }
  ],
  "selected_features": [],
  "n_participants": 45,
  "n_seeds": 20,
  "n_features": 297,
  "timestamp": "2025-10-20T07:11:20.703385"
}