{
  "name": "pose_gsr_ecg",
  "config": {
    "n_seeds": 20,
    "feature_selection": "none",
    "use_pose_derivatives": true,
    "use_time_features": false,
    "include_order": false,
    "normalize_features": true,
    "class_config": "all",
    "use_pca": false,
    "pca_variance": 0.9,
    "write_cm": true,
    "tune_hyperparameters": false,
    "tune_n_iter": 30,
    "tune_cv_folds": 5,
    "name": "pose_gsr_ecg",
    "feature_groups": [
      "pose",
      "gsr",
      "ecg"
    ],
    "split_strategy": "lopo"
  },
  "metrics": {
    "test_acc_mean": 0.3665653080872914,
    "test_acc_std": 0.11831192221170314,
    "test_bal_acc_mean": 0.3635260499734184,
    "test_bal_acc_std": 0.11884427260611981,
    "test_f1_mean": 0.2824820697852994,
    "test_f1_std": 0.11812183381087886,
    "test_kappa_mean": 0.0566274646981076,
    "test_kappa_std": 0.15927702091974028
  },
  "confusion_matrix": [
    [
      51.91228070175439,
      25.35964912280702,
      20.09649122807017
    ],
    [
      35.59649122807017,
      37.780701754385966,
      23.991228070175435
    ],
    [
      39.21291866028708,
      41.422248803827756,
      19.364832535885164
    ]
  ],
  "participant_results": [
    {
      "participant": "3208",
      "n_seeds": 20,
      "test_acc_mean": 0.4533333333333333,
      "test_acc_std": 0.049111666795829546,
      "test_bal_acc_mean": 0.4533333333333333,
      "test_bal_acc_std": 0.04911166679582955,
      "test_f1_mean": 0.35667347577083924,
      "test_f1_std": 0.043809390741922645,
      "test_kappa_mean": 0.18,
      "test_kappa_std": 0.07366750019374435,
      "confusion_matrix": [
        [
          0.0,
          54.999999999999986,
          44.99999999999999
        ],
        [
          0.0,
          59.999999999999986,
          40.0
        ],
        [
          0.0,
          24.0,
          76.0
        ]
      ]
    },
    {
      "participant": "3209",
      "n_seeds": 20,
      "test_acc_mean": 0.32333333333333325,
      "test_acc_std": 0.016870103433694404,
      "test_bal_acc_mean": 0.32333333333333325,
      "test_bal_acc_std": 0.016870103433694383,
      "test_f1_mean": 0.1632378725891291,
      "test_f1_std": 0.0069324846432635215,
      "test_kappa_mean": -0.01499999999999999,
      "test_kappa_std": 0.025305155150541533,
      "confusion_matrix": [
        [
          0.0,
          0.6666666666666667,
          99.33333333333333
        ],
        [
          0.33333333333333337,
          0.0,
          99.66666666666667
        ],
        [
          0.0,
          3.0,
          97.0
        ]
      ]
    },
    {
      "participant": "3210",
      "n_seeds": 20,
      "test_acc_mean": 0.2777777777777778,
      "test_acc_std": 0.037808724854373366,
      "test_bal_acc_mean": 0.2777777777777778,
      "test_bal_acc_std": 0.037808724854373366,
      "test_f1_mean": 0.16998282587757732,
      "test_f1_std": 0.032468555032345865,
      "test_kappa_mean": -0.08333333333333338,
      "test_kappa_std": 0.05671308728156002,
      "confusion_matrix": [
        [
          0.0,
          0.0,
          100.0
        ],
        [
          11.000000000000004,
          5.666666666666667,
          83.33333333333334
        ],
        [
          0.0,
          22.333333333333332,
          77.66666666666666
        ]
      ]
    },
    {
      "participant": "3214",
      "n_seeds": 20,
      "test_acc_mean": 0.6588888888888889,
      "test_acc_std": 0.030821542975182477,
      "test_bal_acc_mean": 0.6588888888888887,
      "test_bal_acc_std": 0.03082154297518245,
      "test_f1_mean": 0.5718710494772131,
      "test_f1_std": 0.04262149106280022,
      "test_kappa_mean": 0.4883333333333334,
      "test_kappa_std": 0.04623231446277369,
      "confusion_matrix": [
        [
          92.33333333333333,
          4.666666666666668,
          3.0000000000000004
        ],
        [
          0.6666666666666667,
          96.66666666666667,
          2.666666666666667
        ],
        [
          18.666666666666664,
          72.66666666666666,
          8.666666666666668
        ]
      ]
    },
    {
      "participant": "3215",
      "n_seeds": 20,
      "test_acc_mean": 0.39111111111111113,
      "test_acc_std": 0.03975231959999626,
      "test_bal_acc_mean": 0.3911111111111111,
      "test_bal_acc_std": 0.039752319599996255,
      "test_f1_mean": 0.3460245110347704,
      "test_f1_std": 0.04548530157715995,
      "test_kappa_mean": 0.08666666666666664,
      "test_kappa_std": 0.0596284793999944,
      "confusion_matrix": [
        [
          77.66666666666669,
          9.0,
          13.333333333333332
        ],
        [
          73.33333333333334,
          20.333333333333332,
          6.333333333333334
        ],
        [
          62.0,
          18.666666666666664,
          19.333333333333336
        ]
      ]
    },
    {
      "participant": "3216",
      "n_seeds": 20,
      "test_acc_mean": 0.28555555555555556,
      "test_acc_std": 0.05408582211029364,
      "test_bal_acc_mean": 0.28555555555555556,
      "test_bal_acc_std": 0.05408582211029364,
      "test_f1_mean": 0.14715309602506127,
      "test_f1_std": 0.02332664264978684,
      "test_kappa_mean": -0.0716666666666667,
      "test_kappa_std": 0.08112873316544045,
      "confusion_matrix": [
        [
          85.66666666666667,
          9.0,
          5.333333333333334
        ],
        [
          100.0,
          0.0,
          0.0
        ],
        [
          100.0,
          0.0,
          0.0
        ]
      ]
    },
    {
      "participant": "3217",
      "n_seeds": 20,
      "test_acc_mean": 0.5011111111111111,
      "test_acc_std": 0.07913601027444613,
      "test_bal_acc_mean": 0.5011111111111111,
      "test_bal_acc_std": 0.07913601027444613,
      "test_f1_mean": 0.4420467485711024,
      "test_f1_std": 0.10671859839949234,
      "test_kappa_mean": 0.2516666666666666,
      "test_kappa_std": 0.11870401541166924,
      "confusion_matrix": [
        [
          59.333333333333336,
          6.333333333333334,
          34.33333333333333
        ],
        [
          50.99999999999999,
          16.666666666666668,
          32.33333333333333
        ],
        [
          21.333333333333332,
          4.333333333333334,
          74.33333333333333
        ]
      ]
    },
    {
      "participant": "3218",
      "n_seeds": 20,
      "test_acc_mean": 0.4877777777777778,
      "test_acc_std": 0.0801152516145369,
      "test_bal_acc_mean": 0.4877777777777778,
      "test_bal_acc_std": 0.08011525161453693,
      "test_f1_mean": 0.4146234098556529,
      "test_f1_std": 0.1106895910588972,
      "test_kappa_mean": 0.2316666666666666,
      "test_kappa_std": 0.12017287742180538,
      "confusion_matrix": [
        [
          39.0,
          55.999999999999986,
          5.000000000000001
        ],
        [
          1.0,
          98.33333333333333,
          0.6666666666666667
        ],
        [
          0.0,
          90.99999999999997,
          8.999999999999996
        ]
      ]
    },
    {
      "participant": "3219",
      "n_seeds": 20,
      "test_acc_mean": 0.4812499999999999,
      "test_acc_std": 0.02126740773058502,
      "test_bal_acc_mean": 0.43944444444444447,
      "test_bal_acc_std": 0.027329719724997432,
      "test_f1_mean": 0.40199505474409963,
      "test_f1_std": 0.03108886436251203,
      "test_kappa_mean": 0.18614602609806125,
      "test_kappa_std": 0.03625328556698734,
      "confusion_matrix": [
        [
          100.0,
          0.0,
          0.0
        ],
        [
          59.0,
          21.333333333333336,
          19.666666666666664
        ],
        [
          84.0,
          5.5,
          10.5
        ]
      ]
    },
    {
      "participant": "3220",
      "n_seeds": 20,
      "test_acc_mean": 0.27222222222222225,
      "test_acc_std": 0.01419258608130011,
      "test_bal_acc_mean": 0.27222222222222225,
      "test_bal_acc_std": 0.014192586081300123,
      "test_f1_mean": 0.16172173435353235,
      "test_f1_std": 0.025204647194798414,
      "test_kappa_mean": -0.0916666666666667,
      "test_kappa_std": 0.02128887912195015,
      "confusion_matrix": [
        [
          79.33333333333333,
          20.666666666666668,
          0.0
        ],
        [
          100.0,
          0.0,
          0.0
        ],
        [
          79.66666666666667,
          18.0,
          2.333333333333333
        ]
      ]
    },
    {
      "participant": "3221",
      "n_seeds": 20,
      "test_acc_mean": 0.2822222222222222,
      "test_acc_std": 0.06728755705650843,
      "test_bal_acc_mean": 0.2822222222222222,
      "test_bal_acc_std": 0.06728755705650843,
      "test_f1_mean": 0.22701639198481857,
      "test_f1_std": 0.051338096375462064,
      "test_kappa_mean": -0.07666666666666667,
      "test_kappa_std": 0.10093133558476265,
      "confusion_matrix": [
        [
          31.0,
          69.0,
          0.0
        ],
        [
          30.666666666666664,
          53.000000000000014,
          16.333333333333336
        ],
        [
          43.33333333333333,
          56.0,
          0.6666666666666667
        ]
      ]
    },
    {
      "participant": "3223",
      "n_seeds": 20,
      "test_acc_mean": 0.14555555555555558,
      "test_acc_std": 0.0650785500285168,
      "test_bal_acc_mean": 0.14555555555555558,
      "test_bal_acc_std": 0.0650785500285168,
      "test_f1_mean": 0.1190996094230015,
      "test_f1_std": 0.041575358068653874,
      "test_kappa_mean": -0.2816666666666667,
      "test_kappa_std": 0.09761782504277516,
      "confusion_matrix": [
        [
          0.0,
          0.0,
          100.0
        ],
        [
          56.0,
          42.99999999999999,
          1.0
        ],
        [
          5.666666666666667,
          93.66666666666667,
          0.6666666666666667
        ]
      ]
    },
    {
      "participant": "3224",
      "n_seeds": 20,
      "test_acc_mean": 0.42666666666666664,
      "test_acc_std": 0.03427519254375722,
      "test_bal_acc_mean": 0.42666666666666664,
      "test_bal_acc_std": 0.03427519254375722,
      "test_f1_mean": 0.3153814357339616,
      "test_f1_std": 0.04466682285350832,
      "test_kappa_mean": 0.13999999999999996,
      "test_kappa_std": 0.051412788815635824,
      "confusion_matrix": [
        [
          28.0,
          72.00000000000001,
          0.0
        ],
        [
          0.0,
          100.0,
          0.0
        ],
        [
          13.333333333333337,
          86.66666666666669,
          0.0
        ]
      ]
    },
    {
      "participant": "3225",
      "n_seeds": 20,
      "test_acc_mean": 0.26222222222222225,
      "test_acc_std": 0.052289989624638177,
      "test_bal_acc_mean": 0.26222222222222225,
      "test_bal_acc_std": 0.052289989624638177,
      "test_f1_mean": 0.23429419862280954,
      "test_f1_std": 0.04271475100476812,
      "test_kappa_mean": -0.10666666666666666,
      "test_kappa_std": 0.07843498443695728,
      "confusion_matrix": [
        [
          11.333333333333336,
          32.0,
          56.666666666666664
        ],
        [
          36.333333333333336,
          18.666666666666664,
          45.0
        ],
        [
          5.666666666666667,
          45.66666666666667,
          48.666666666666664
        ]
      ]
    },
    {
      "participant": "3226",
      "n_seeds": 20,
      "test_acc_mean": 0.47777777777777775,
      "test_acc_std": 0.06347117450860881,
      "test_bal_acc_mean": 0.47777777777777775,
      "test_bal_acc_std": 0.06347117450860881,
      "test_f1_mean": 0.40836047232020356,
      "test_f1_std": 0.05924520252311393,
      "test_kappa_mean": 0.21666666666666665,
      "test_kappa_std": 0.09520676176291326,
      "confusion_matrix": [
        [
          75.33333333333333,
          18.0,
          6.666666666666669
        ],
        [
          25.333333333333332,
          67.66666666666664,
          7.000000000000002
        ],
        [
          2.3333333333333335,
          97.33333333333333,
          0.33333333333333337
        ]
      ]
    },
    {
      "participant": "3227",
      "n_seeds": 20,
      "test_acc_mean": 0.2966666666666666,
      "test_acc_std": 0.016559107119346553,
      "test_bal_acc_mean": 0.2966666666666667,
      "test_bal_acc_std": 0.01655910711934654,
      "test_f1_mean": 0.17346471605759595,
      "test_f1_std": 0.02161838875551454,
      "test_kappa_mean": -0.05500000000000003,
      "test_kappa_std": 0.02483866067901982,
      "confusion_matrix": [
        [
          86.66666666666667,
          12.333333333333336,
          1.0
        ],
        [
          97.66666666666666,
          2.333333333333333,
          0.0
        ],
        [
          68.66666666666666,
          31.333333333333325,
          0.0
        ]
      ]
    },
    {
      "participant": "3228",
      "n_seeds": 20,
      "test_acc_mean": 0.24305555555555552,
      "test_acc_std": 0.054727008725861975,
      "test_bal_acc_mean": 0.2011111111111111,
      "test_bal_acc_std": 0.04586898312297257,
      "test_f1_mean": 0.2164252696163415,
      "test_f1_std": 0.044312567179494874,
      "test_kappa_mean": -0.2945658263305322,
      "test_kappa_std": 0.09395614570381497,
      "confusion_matrix": [
        [
          3.333333333333333,
          11.666666666666663,
          85.0
        ],
        [
          0.0,
          40.33333333333333,
          59.666666666666664
        ],
        [
          0.0,
          83.33333333333334,
          16.666666666666664
        ]
      ]
    },
    {
      "participant": "3229",
      "n_seeds": 20,
      "test_acc_mean": 0.3366666666666666,
      "test_acc_std": 0.04797389370202375,
      "test_bal_acc_mean": 0.3366666666666666,
      "test_bal_acc_std": 0.047973893702023734,
      "test_f1_mean": 0.3112997399933878,
      "test_f1_std": 0.049107036270279215,
      "test_kappa_mean": 0.004999999999999982,
      "test_kappa_std": 0.0719608405530356,
      "confusion_matrix": [
        [
          62.0,
          13.0,
          25.0
        ],
        [
          41.66666666666667,
          14.333333333333334,
          44.0
        ],
        [
          28.666666666666664,
          46.666666666666664,
          24.666666666666664
        ]
      ]
    },
    {
      "participant": "3230",
      "n_seeds": 20,
      "test_acc_mean": 0.5222222222222223,
      "test_acc_std": 0.037114927842391655,
      "test_bal_acc_mean": 0.5222222222222221,
      "test_bal_acc_std": 0.03711492784239165,
      "test_f1_mean": 0.4294203386363044,
      "test_f1_std": 0.04037918631340843,
      "test_kappa_mean": 0.2833333333333333,
      "test_kappa_std": 0.055672391763587493,
      "confusion_matrix": [
        [
          100.0,
          0.0,
          0.0
        ],
        [
          40.99999999999999,
          53.333333333333336,
          5.666666666666668
        ],
        [
          71.00000000000001,
          25.666666666666664,
          3.333333333333333
        ]
      ]
    },
    {
      "participant": "3232",
      "n_seeds": 20,
      "test_acc_mean": 0.4311111111111111,
      "test_acc_std": 0.030926772175042624,
      "test_bal_acc_mean": 0.4311111111111111,
      "test_bal_acc_std": 0.030926772175042628,
      "test_f1_mean": 0.3586800981096781,
      "test_f1_std": 0.046608388598709014,
      "test_kappa_mean": 0.14666666666666658,
      "test_kappa_std": 0.04639015826256398,
      "confusion_matrix": [
        [
          81.00000000000001,
          18.999999999999996,
          0.0
        ],
        [
          54.66666666666667,
          42.99999999999999,
          2.333333333333333
        ],
        [
          53.333333333333336,
          41.33333333333333,
          5.333333333333334
        ]
      ]
    },
    {
      "participant": "3233",
      "n_seeds": 20,
      "test_acc_mean": 0.4066666666666666,
      "test_acc_std": 0.04565600108800187,
      "test_bal_acc_mean": 0.4066666666666666,
      "test_bal_acc_std": 0.045656001088001864,
      "test_f1_mean": 0.3307028143009784,
      "test_f1_std": 0.04759213737596299,
      "test_kappa_mean": 0.10999999999999996,
      "test_kappa_std": 0.06848400163200281,
      "confusion_matrix": [
        [
          78.66666666666667,
          21.333333333333332,
          0.0
        ],
        [
          48.66666666666667,
          43.333333333333336,
          8.0
        ],
        [
          97.66666666666666,
          2.333333333333333,
          0.0
        ]
      ]
    },
    {
      "participant": "3234",
      "n_seeds": 20,
      "test_acc_mean": 0.47111111111111115,
      "test_acc_std": 0.03988286944107459,
      "test_bal_acc_mean": 0.47111111111111115,
      "test_bal_acc_std": 0.03988286944107458,
      "test_f1_mean": 0.42213165261734,
      "test_f1_std": 0.033455348225071305,
      "test_kappa_mean": 0.20666666666666664,
      "test_kappa_std": 0.05982430416161191,
      "confusion_matrix": [
        [
          71.0,
          4.666666666666667,
          24.333333333333332
        ],
        [
          17.0,
          11.333333333333332,
          71.66666666666666
        ],
        [
          33.00000000000001,
          8.000000000000002,
          58.999999999999986
        ]
      ]
    },
    {
      "participant": "3235",
      "n_seeds": 20,
      "test_acc_mean": 0.37,
      "test_acc_std": 0.018060615575272197,
      "test_bal_acc_mean": 0.37,
      "test_bal_acc_std": 0.018060615575272193,
      "test_f1_mean": 0.25163970632339283,
      "test_f1_std": 0.03207557028669958,
      "test_kappa_mean": 0.05499999999999996,
      "test_kappa_std": 0.027090923362908283,
      "confusion_matrix": [
        [
          100.0,
          0.0,
          0.0
        ],
        [
          43.666666666666664,
          4.0,
          52.33333333333333
        ],
        [
          92.99999999999997,
          0.0,
          7.0
        ]
      ]
    },
    {
      "participant": "3236",
      "n_seeds": 20,
      "test_acc_mean": 0.4366666666666667,
      "test_acc_std": 0.0355226455880984,
      "test_bal_acc_mean": 0.4366666666666667,
      "test_bal_acc_std": 0.03552264558809842,
      "test_f1_mean": 0.3755204735655189,
      "test_f1_std": 0.046862158404829386,
      "test_kappa_mean": 0.15499999999999997,
      "test_kappa_std": 0.05328396838214763,
      "confusion_matrix": [
        [
          20.999999999999996,
          59.33333333333333,
          19.666666666666668
        ],
        [
          1.0,
          92.33333333333331,
          6.666666666666669
        ],
        [
          4.333333333333334,
          78.0,
          17.666666666666664
        ]
      ]
    },
    {
      "participant": "3237",
      "n_seeds": 20,
      "test_acc_mean": 0.3122222222222222,
      "test_acc_std": 0.011342617456312008,
      "test_bal_acc_mean": 0.3122222222222222,
      "test_bal_acc_std": 0.011342617456311996,
      "test_f1_mean": 0.16173613338821435,
      "test_f1_std": 0.0042282442355159235,
      "test_kappa_mean": -0.03166666666666664,
      "test_kappa_std": 0.017013926184467964,
      "confusion_matrix": [
        [
          93.66666666666666,
          6.333333333333334,
          0.0
        ],
        [
          100.0,
          0.0,
          0.0
        ],
        [
          92.33333333333333,
          7.666666666666667,
          0.0
        ]
      ]
    },
    {
      "participant": "3238",
      "n_seeds": 20,
      "test_acc_mean": 0.48,
      "test_acc_std": 0.07541093830893617,
      "test_bal_acc_mean": 0.4800000000000001,
      "test_bal_acc_std": 0.07541093830893618,
      "test_f1_mean": 0.4307557615399714,
      "test_f1_std": 0.07775416361304878,
      "test_kappa_mean": 0.21999999999999997,
      "test_kappa_std": 0.11311640746340429,
      "confusion_matrix": [
        [
          14.333333333333334,
          16.0,
          69.66666666666667
        ],
        [
          0.0,
          52.33333333333333,
          47.66666666666667
        ],
        [
          0.0,
          22.666666666666664,
          77.33333333333333
        ]
      ]
    },
    {
      "participant": "3239",
      "n_seeds": 20,
      "test_acc_mean": 0.3707317073170732,
      "test_acc_std": 0.010009544898391756,
      "test_bal_acc_mean": 0.3389898989898989,
      "test_bal_acc_std": 0.011717538354270451,
      "test_f1_mean": 0.20768555631360508,
      "test_f1_std": 0.019066827124409297,
      "test_kappa_mean": 0.00859679209389439,
      "test_kappa_std": 0.01722013745709536,
      "confusion_matrix": [
        [
          100.0,
          0.0,
          0.0
        ],
        [
          99.0,
          0.33333333333333337,
          0.6666666666666667
        ],
        [
          94.09090909090911,
          4.545454545454546,
          1.3636363636363638
        ]
      ]
    },
    {
      "participant": "3240",
      "n_seeds": 20,
      "test_acc_mean": 0.33333333333333337,
      "test_acc_std": 0.0628539361054709,
      "test_bal_acc_mean": 0.33333333333333337,
      "test_bal_acc_std": 0.0628539361054709,
      "test_f1_mean": 0.24025689925964527,
      "test_f1_std": 0.055621049256638036,
      "test_kappa_mean": -3.8857805861880476e-17,
      "test_kappa_std": 0.09428090415820635,
      "confusion_matrix": [
        [
          0.0,
          94.33333333333333,
          5.666666666666667
        ],
        [
          0.0,
          77.33333333333333,
          22.666666666666664
        ],
        [
          0.0,
          77.33333333333333,
          22.666666666666668
        ]
      ]
    },
    {
      "participant": "3241",
      "n_seeds": 20,
      "test_acc_mean": 0.3677777777777777,
      "test_acc_std": 0.052723117278064745,
      "test_bal_acc_mean": 0.3677777777777777,
      "test_bal_acc_std": 0.05272311727806476,
      "test_f1_mean": 0.2521870158282844,
      "test_f1_std": 0.07265638591125541,
      "test_kappa_mean": 0.05166666666666664,
      "test_kappa_std": 0.07908467591709711,
      "confusion_matrix": [
        [
          93.33333333333333,
          4.0,
          2.6666666666666665
        ],
        [
          78.33333333333333,
          17.0,
          4.666666666666667
        ],
        [
          100.0,
          0.0,
          0.0
        ]
      ]
    },
    {
      "participant": "3242",
      "n_seeds": 20,
      "test_acc_mean": 0.2333333333333333,
      "test_acc_std": 0.07544539613038662,
      "test_bal_acc_mean": 0.2333333333333333,
      "test_bal_acc_std": 0.07544539613038662,
      "test_f1_mean": 0.2393202597299914,
      "test_f1_std": 0.074489723221165,
      "test_kappa_mean": -0.15000000000000005,
      "test_kappa_std": 0.1131680941955799,
      "confusion_matrix": [
        [
          20.999999999999996,
          47.00000000000001,
          32.0
        ],
        [
          0.0,
          28.666666666666657,
          71.33333333333333
        ],
        [
          0.0,
          79.66666666666666,
          20.333333333333332
        ]
      ]
    },
    {
      "participant": "3243",
      "n_seeds": 20,
      "test_acc_mean": 0.33333333333333326,
      "test_acc_std": 5.695323946259567e-17,
      "test_bal_acc_mean": 0.33333333333333326,
      "test_bal_acc_std": 5.695323946259567e-17,
      "test_f1_mean": 0.16666666666666663,
      "test_f1_std": 2.8476619731297836e-17,
      "test_kappa_mean": 0.0,
      "test_kappa_std": 0.0,
      "confusion_matrix": [
        [
          0.0,
          100.0,
          0.0
        ],
        [
          0.0,
          100.0,
          0.0
        ],
        [
          0.0,
          100.0,
          0.0
        ]
      ]
    },
    {
      "participant": "3244",
      "n_seeds": 20,
      "test_acc_mean": 0.2866666666666666,
      "test_acc_std": 0.04496768025711692,
      "test_bal_acc_mean": 0.2866666666666666,
      "test_bal_acc_std": 0.04496768025711692,
      "test_f1_mean": 0.18683295001301486,
      "test_f1_std": 0.03754445106101395,
      "test_kappa_mean": -0.07000000000000003,
      "test_kappa_std": 0.06745152038567538,
      "confusion_matrix": [
        [
          4.000000000000001,
          95.33333333333334,
          0.6666666666666667
        ],
        [
          11.999999999999998,
          77.33333333333334,
          10.666666666666666
        ],
        [
          5.333333333333333,
          90.0,
          4.666666666666667
        ]
      ]
    },
    {
      "participant": "3245",
      "n_seeds": 20,
      "test_acc_mean": 0.4766666666666667,
      "test_acc_std": 0.06704570609407452,
      "test_bal_acc_mean": 0.4766666666666667,
      "test_bal_acc_std": 0.06704570609407452,
      "test_f1_mean": 0.3878301099203975,
      "test_f1_std": 0.08223477679227673,
      "test_kappa_mean": 0.21499999999999994,
      "test_kappa_std": 0.10056855914111179,
      "confusion_matrix": [
        [
          100.0,
          0.0,
          0.0
        ],
        [
          46.666666666666664,
          30.333333333333336,
          23.0
        ],
        [
          62.666666666666664,
          24.666666666666664,
          12.666666666666664
        ]
      ]
    },
    {
      "participant": "3246",
      "n_seeds": 20,
      "test_acc_mean": 0.28777777777777774,
      "test_acc_std": 0.004969039949999528,
      "test_bal_acc_mean": 0.28777777777777774,
      "test_bal_acc_std": 0.004969039949999528,
      "test_f1_mean": 0.2216064406871244,
      "test_f1_std": 0.004208718688682769,
      "test_kappa_mean": -0.06833333333333333,
      "test_kappa_std": 0.007453559924999321,
      "confusion_matrix": [
        [
          72.99999999999999,
          0.0,
          27.000000000000007
        ],
        [
          5.333333333333334,
          0.0,
          94.66666666666666
        ],
        [
          86.66666666666669,
          0.0,
          13.333333333333337
        ]
      ]
    },
    {
      "participant": "3247",
      "n_seeds": 20,
      "test_acc_mean": 0.4222222222222222,
      "test_acc_std": 0.06763430313357174,
      "test_bal_acc_mean": 0.4222222222222222,
      "test_bal_acc_std": 0.06763430313357174,
      "test_f1_mean": 0.3339152597465054,
      "test_f1_std": 0.06865684744889175,
      "test_kappa_mean": 0.13333333333333328,
      "test_kappa_std": 0.1014514547003576,
      "confusion_matrix": [
        [
          91.66666666666666,
          6.999999999999998,
          1.3333333333333335
        ],
        [
          46.333333333333336,
          33.0,
          20.66666666666667
        ],
        [
          67.66666666666666,
          30.333333333333336,
          2.0
        ]
      ]
    },
    {
      "participant": "3248",
      "n_seeds": 20,
      "test_acc_mean": 0.4377777777777778,
      "test_acc_std": 0.04948073443191832,
      "test_bal_acc_mean": 0.4377777777777778,
      "test_bal_acc_std": 0.04948073443191832,
      "test_f1_mean": 0.36350312023023645,
      "test_f1_std": 0.06749857539381153,
      "test_kappa_mean": 0.15666666666666668,
      "test_kappa_std": 0.07422110164787753,
      "confusion_matrix": [
        [
          94.66666666666666,
          4.333333333333334,
          1.0
        ],
        [
          74.66666666666666,
          13.999999999999996,
          11.333333333333332
        ],
        [
          49.33333333333333,
          28.0,
          22.666666666666668
        ]
      ]
    },
    {
      "participant": "3249",
      "n_seeds": 20,
      "test_acc_mean": 0.0,
      "test_acc_std": 0.0,
      "test_bal_acc_mean": 0.0,
      "test_bal_acc_std": 0.0,
      "test_f1_mean": 0.0,
      "test_f1_std": 0.0,
      "test_kappa_mean": 0.0,
      "test_kappa_std": 0.0,
      "confusion_matrix": [
        [
          0.0,
          0.0,
          0.0
        ],
        [
          0.0,
          0.0,
          0.0
        ],
        [
          46.33333333333333,
          53.66666666666667,
          0.0
        ]
      ]
    },
    {
      "participant": "3250",
      "n_seeds": 20,
      "test_acc_mean": 0.3466666666666666,
      "test_acc_std": 0.019612887781290847,
      "test_bal_acc_mean": 0.3466666666666666,
      "test_bal_acc_std": 0.01961288778129084,
      "test_f1_mean": 0.1932557829134094,
      "test_f1_std": 0.03859107663590977,
      "test_kappa_mean": 0.019999999999999997,
      "test_kappa_std": 0.029419331671936253,
      "confusion_matrix": [
        [
          4.333333333333333,
          95.66666666666666,
          0.0
        ],
        [
          0.33333333333333337,
          99.66666666666666,
          0.0
        ],
        [
          0.0,
          100.0,
          0.0
        ]
      ]
    }
  ],
  "selected_features": [],
  "n_participants": 38,
  "n_seeds": 20,
  "n_features": 391,
  "timestamp": "2025-10-20T08:50:58.711849"
}