{
  "name": "pose_eye",
  "config": {
    "n_seeds": 20,
    "feature_selection": "none",
    "use_pose_derivatives": true,
    "use_time_features": false,
    "include_order": false,
    "normalize_features": true,
    "class_config": "all",
    "use_pca": false,
    "pca_variance": 0.9,
    "write_cm": true,
    "tune_hyperparameters": false,
    "tune_n_iter": 30,
    "tune_cv_folds": 5,
    "name": "pose_eye",
    "feature_groups": [
      "pose",
      "eye_tracking"
    ],
    "split_strategy": "lopo"
  },
  "metrics": {
    "test_acc_mean": 0.42239586167365195,
    "test_acc_std": 0.12371964750571426,
    "test_bal_acc_mean": 0.41979579851672866,
    "test_bal_acc_std": 0.1263461261951036,
    "test_f1_mean": 0.3470259372930032,
    "test_f1_std": 0.14032618240968014,
    "test_kappa_mean": 0.12367347068221132,
    "test_kappa_std": 0.1876827615868564
  },
  "confusion_matrix": [
    [
      55.924695459579176,
      18.62624584717608,
      23.123477297895903
    ],
    [
      41.59012886338469,
      29.373150105708238,
      29.036721030907078
    ],
    [
      33.10946805132851,
      27.40467671863021,
      39.48585523004126
    ]
  ],
  "participant_results": [
    {
      "participant": "3105",
      "n_seeds": 20,
      "test_acc_mean": 0.18555555555555556,
      "test_acc_std": 0.04632007186770935,
      "test_bal_acc_mean": 0.18555555555555556,
      "test_bal_acc_std": 0.04632007186770935,
      "test_f1_mean": 0.1718465210813556,
      "test_f1_std": 0.04628628607895544,
      "test_kappa_mean": -0.22166666666666668,
      "test_kappa_std": 0.06948010780156404,
      "confusion_matrix": [
        [
          21.333333333333336,
          4.666666666666666,
          74.00000000000001
        ],
        [
          57.666666666666664,
          9.666666666666666,
          32.66666666666667
        ],
        [
          43.66666666666666,
          31.666666666666675,
          24.66666666666666
        ]
      ]
    },
    {
      "participant": "3206",
      "n_seeds": 20,
      "test_acc_mean": 0.33414634146341465,
      "test_acc_std": 0.04194763694885758,
      "test_bal_acc_mean": 0.3262626262626263,
      "test_bal_acc_std": 0.038299804483754786,
      "test_f1_mean": 0.2631184097570348,
      "test_f1_std": 0.03555497757346753,
      "test_kappa_mean": 0.007896666690175736,
      "test_kappa_std": 0.05469211367824969,
      "confusion_matrix": [
        [
          72.0,
          27.999999999999993,
          0.0
        ],
        [
          66.36363636363639,
          24.54545454545454,
          9.090909090909092
        ],
        [
          41.66666666666667,
          57.0,
          1.3333333333333335
        ]
      ]
    },
    {
      "participant": "3207",
      "n_seeds": 20,
      "test_acc_mean": 0.38488372093023254,
      "test_acc_std": 0.0436546021524582,
      "test_bal_acc_mean": 0.3814285714285714,
      "test_bal_acc_std": 0.043807647096969285,
      "test_f1_mean": 0.3218333401463228,
      "test_f1_std": 0.04096119266961035,
      "test_kappa_mean": 0.06896516399994128,
      "test_kappa_std": 0.06658825932839717,
      "confusion_matrix": [
        [
          53.000000000000014,
          8.0,
          38.99999999999999
        ],
        [
          85.35714285714286,
          0.3571428571428571,
          14.285714285714281
        ],
        [
          38.92857142857143,
          0.0,
          61.07142857142857
        ]
      ]
    },
    {
      "participant": "3208",
      "n_seeds": 20,
      "test_acc_mean": 0.3788888888888889,
      "test_acc_std": 0.051727782503999016,
      "test_bal_acc_mean": 0.3788888888888889,
      "test_bal_acc_std": 0.051727782503999016,
      "test_f1_mean": 0.32516537224874575,
      "test_f1_std": 0.03542935324253037,
      "test_kappa_mean": 0.06833333333333332,
      "test_kappa_std": 0.07759167375599854,
      "confusion_matrix": [
        [
          34.333333333333336,
          28.0,
          37.66666666666667
        ],
        [
          0.0,
          0.0,
          100.0
        ],
        [
          7.666666666666666,
          12.999999999999996,
          79.33333333333333
        ]
      ]
    },
    {
      "participant": "3209",
      "n_seeds": 20,
      "test_acc_mean": 0.35,
      "test_acc_std": 0.04387197159072143,
      "test_bal_acc_mean": 0.36206349206349203,
      "test_bal_acc_std": 0.04345448376138934,
      "test_f1_mean": 0.2593041289961805,
      "test_f1_std": 0.06096793258776609,
      "test_kappa_mean": 0.03798622522855945,
      "test_kappa_std": 0.06389615255693884,
      "confusion_matrix": [
        [
          10.999999999999998,
          35.66666666666667,
          53.33333333333333
        ],
        [
          15.0,
          8.333333333333332,
          76.66666666666667
        ],
        [
          0.0,
          10.714285714285714,
          89.28571428571429
        ]
      ]
    },
    {
      "participant": "3210",
      "n_seeds": 20,
      "test_acc_mean": 0.4966666666666667,
      "test_acc_std": 0.01841687504843608,
      "test_bal_acc_mean": 0.4966666666666667,
      "test_bal_acc_std": 0.01841687504843608,
      "test_f1_mean": 0.34334524756807955,
      "test_f1_std": 0.02905694133806664,
      "test_kappa_mean": 0.015927419354838705,
      "test_kappa_std": 0.029966987328089664,
      "confusion_matrix": [
        [
          0.0,
          0.0,
          0.0
        ],
        [
          3.666666666666667,
          1.0,
          95.33333333333333
        ],
        [
          1.0,
          0.6666666666666667,
          98.33333333333334
        ]
      ]
    },
    {
      "participant": "3214",
      "n_seeds": 20,
      "test_acc_mean": 0.8099999999999999,
      "test_acc_std": 0.04294245662391344,
      "test_bal_acc_mean": 0.8100000000000002,
      "test_bal_acc_std": 0.042942456623913425,
      "test_f1_mean": 0.8045007362596023,
      "test_f1_std": 0.04346579049375924,
      "test_kappa_mean": 0.715,
      "test_kappa_std": 0.06441368493587016,
      "confusion_matrix": [
        [
          94.33333333333334,
          4.0,
          1.6666666666666667
        ],
        [
          7.666666666666667,
          83.66666666666667,
          8.666666666666666
        ],
        [
          13.333333333333337,
          21.66666666666667,
          64.99999999999999
        ]
      ]
    },
    {
      "participant": "3215",
      "n_seeds": 20,
      "test_acc_mean": 0.4222222222222222,
      "test_acc_std": 0.02039250967738326,
      "test_bal_acc_mean": 0.4222222222222222,
      "test_bal_acc_std": 0.020392509677383267,
      "test_f1_mean": 0.3286174088739221,
      "test_f1_std": 0.03412141904138854,
      "test_kappa_mean": 0.13333333333333333,
      "test_kappa_std": 0.030588764516074885,
      "confusion_matrix": [
        [
          100.0,
          0.0,
          0.0
        ],
        [
          96.33333333333331,
          3.6666666666666665,
          0.0
        ],
        [
          64.33333333333333,
          12.666666666666666,
          23.000000000000004
        ]
      ]
    },
    {
      "participant": "3216",
      "n_seeds": 20,
      "test_acc_mean": 0.33023255813953484,
      "test_acc_std": 0.020800632348835252,
      "test_bal_acc_mean": 0.31692307692307686,
      "test_bal_acc_std": 0.021682075171500833,
      "test_f1_mean": 0.18617545099805932,
      "test_f1_std": 0.031211077262732655,
      "test_kappa_mean": -0.026462624252088996,
      "test_kappa_std": 0.03251758548109813,
      "confusion_matrix": [
        [
          91.99999999999997,
          2.333333333333333,
          5.666666666666669
        ],
        [
          100.0,
          0.0,
          0.0
        ],
        [
          96.92307692307693,
          0.0,
          3.076923076923077
        ]
      ]
    },
    {
      "participant": "3217",
      "n_seeds": 20,
      "test_acc_mean": 0.5199999999999999,
      "test_acc_std": 0.04040085048545412,
      "test_bal_acc_mean": 0.5199999999999999,
      "test_bal_acc_std": 0.040400850485454116,
      "test_f1_mean": 0.4617418267122416,
      "test_f1_std": 0.047355502911931545,
      "test_kappa_mean": 0.28,
      "test_kappa_std": 0.06060127572818117,
      "confusion_matrix": [
        [
          88.66666666666666,
          4.333333333333334,
          7.000000000000002
        ],
        [
          85.33333333333334,
          8.999999999999998,
          5.666666666666667
        ],
        [
          27.333333333333336,
          14.333333333333334,
          58.33333333333333
        ]
      ]
    },
    {
      "participant": "3218",
      "n_seeds": 20,
      "test_acc_mean": 0.4966666666666667,
      "test_acc_std": 0.048512640448658786,
      "test_bal_acc_mean": 0.4966666666666667,
      "test_bal_acc_std": 0.04851264044865878,
      "test_f1_mean": 0.397447720478229,
      "test_f1_std": 0.04941036580317298,
      "test_kappa_mean": 0.24500000000000002,
      "test_kappa_std": 0.0727689606729882,
      "confusion_matrix": [
        [
          0.0,
          2.666666666666667,
          97.33333333333334
        ],
        [
          0.0,
          96.99999999999997,
          2.9999999999999996
        ],
        [
          0.0,
          47.99999999999999,
          52.0
        ]
      ]
    },
    {
      "participant": "3219",
      "n_seeds": 20,
      "test_acc_mean": 0.6279069767441859,
      "test_acc_std": 0.019962676169277965,
      "test_bal_acc_mean": 0.6258730158730158,
      "test_bal_acc_std": 0.019671622272001914,
      "test_f1_mean": 0.5667745815055026,
      "test_f1_std": 0.026324610597804672,
      "test_kappa_mean": 0.44086032728728713,
      "test_kappa_std": 0.029865936469360404,
      "confusion_matrix": [
        [
          100.0,
          0.0,
          0.0
        ],
        [
          41.78571428571429,
          16.428571428571423,
          41.78571428571429
        ],
        [
          28.333333333333336,
          0.33333333333333337,
          71.33333333333334
        ]
      ]
    },
    {
      "participant": "3220",
      "n_seeds": 20,
      "test_acc_mean": 0.5011111111111111,
      "test_acc_std": 0.04233288053663387,
      "test_bal_acc_mean": 0.5011111111111111,
      "test_bal_acc_std": 0.04233288053663387,
      "test_f1_mean": 0.4293946808018556,
      "test_f1_std": 0.03292318557913963,
      "test_kappa_mean": 0.25166666666666665,
      "test_kappa_std": 0.06349932080495084,
      "confusion_matrix": [
        [
          81.00000000000001,
          7.666666666666667,
          11.333333333333336
        ],
        [
          96.99999999999999,
          0.0,
          2.9999999999999996
        ],
        [
          23.33333333333333,
          7.333333333333334,
          69.33333333333334
        ]
      ]
    },
    {
      "participant": "3221",
      "n_seeds": 20,
      "test_acc_mean": 0.21555555555555556,
      "test_acc_std": 0.028016517916281923,
      "test_bal_acc_mean": 0.21555555555555556,
      "test_bal_acc_std": 0.02801651791628193,
      "test_f1_mean": 0.19044312957406337,
      "test_f1_std": 0.01964732740146665,
      "test_kappa_mean": -0.1766666666666667,
      "test_kappa_std": 0.04202477687442286,
      "confusion_matrix": [
        [
          33.666666666666664,
          66.33333333333333,
          0.0
        ],
        [
          47.0,
          30.999999999999993,
          22.0
        ],
        [
          7.666666666666667,
          92.33333333333333,
          0.0
        ]
      ]
    },
    {
      "participant": "3222",
      "n_seeds": 20,
      "test_acc_mean": 0.5044444444444445,
      "test_acc_std": 0.05052035918971252,
      "test_bal_acc_mean": 0.5044444444444445,
      "test_bal_acc_std": 0.05052035918971252,
      "test_f1_mean": 0.4629355737017856,
      "test_f1_std": 0.07273033559933235,
      "test_kappa_mean": 0.25666666666666665,
      "test_kappa_std": 0.07578053878456881,
      "confusion_matrix": [
        [
          49.33333333333334,
          9.999999999999996,
          40.66666666666667
        ],
        [
          4.333333333333334,
          14.666666666666666,
          81.0
        ],
        [
          1.3333333333333335,
          11.333333333333332,
          87.33333333333333
        ]
      ]
    },
    {
      "participant": "3223",
      "n_seeds": 20,
      "test_acc_mean": 0.3088888888888889,
      "test_acc_std": 0.024871338841656238,
      "test_bal_acc_mean": 0.3088888888888889,
      "test_bal_acc_std": 0.02487133884165623,
      "test_f1_mean": 0.18099881217807826,
      "test_f1_std": 0.022849664605889917,
      "test_kappa_mean": -0.03666666666666671,
      "test_kappa_std": 0.03730700826248437,
      "confusion_matrix": [
        [
          90.33333333333334,
          3.3333333333333335,
          6.333333333333334
        ],
        [
          98.33333333333331,
          1.6666666666666667,
          0.0
        ],
        [
          66.33333333333334,
          33.0,
          0.6666666666666667
        ]
      ]
    },
    {
      "participant": "3224",
      "n_seeds": 20,
      "test_acc_mean": 0.4666666666666667,
      "test_acc_std": 0.0,
      "test_bal_acc_mean": 0.33333333333333326,
      "test_bal_acc_std": 5.695323946259567e-17,
      "test_f1_mean": 0.29696969696969694,
      "test_f1_std": 0.0,
      "test_kappa_mean": 0.0,
      "test_kappa_std": 0.0,
      "confusion_matrix": [
        [
          0.0,
          100.0,
          0.0
        ],
        [
          0.0,
          100.0,
          0.0
        ],
        [
          0.0,
          100.0,
          0.0
        ]
      ]
    },
    {
      "participant": "3225",
      "n_seeds": 20,
      "test_acc_mean": 0.36333333333333334,
      "test_acc_std": 0.027240416404672216,
      "test_bal_acc_mean": 0.36333333333333334,
      "test_bal_acc_std": 0.027240416404672202,
      "test_f1_mean": 0.24091095259011377,
      "test_f1_std": 0.03944497147369947,
      "test_kappa_mean": 0.04499999999999998,
      "test_kappa_std": 0.04086062460700834,
      "confusion_matrix": [
        [
          10.000000000000002,
          0.0,
          90.00000000000001
        ],
        [
          21.666666666666664,
          2.333333333333333,
          76.00000000000001
        ],
        [
          2.666666666666667,
          0.6666666666666667,
          96.66666666666667
        ]
      ]
    },
    {
      "participant": "3226",
      "n_seeds": 20,
      "test_acc_mean": 0.35777777777777775,
      "test_acc_std": 0.03524720091283468,
      "test_bal_acc_mean": 0.35777777777777775,
      "test_bal_acc_std": 0.03524720091283468,
      "test_f1_mean": 0.3083846210793538,
      "test_f1_std": 0.04226344929785982,
      "test_kappa_mean": 0.03666666666666664,
      "test_kappa_std": 0.05287080136925204,
      "confusion_matrix": [
        [
          72.99999999999999,
          13.666666666666668,
          13.333333333333334
        ],
        [
          55.0,
          27.666666666666668,
          17.333333333333336
        ],
        [
          34.33333333333334,
          59.0,
          6.666666666666667
        ]
      ]
    },
    {
      "participant": "3227",
      "n_seeds": 20,
      "test_acc_mean": 0.40999999999999986,
      "test_acc_std": 0.05606781376236252,
      "test_bal_acc_mean": 0.41,
      "test_bal_acc_std": 0.056067813762362535,
      "test_f1_mean": 0.3199830944984021,
      "test_f1_std": 0.056196566768893064,
      "test_kappa_mean": 0.11499999999999995,
      "test_kappa_std": 0.08410172064354383,
      "confusion_matrix": [
        [
          85.66666666666667,
          14.333333333333334,
          0.0
        ],
        [
          62.666666666666664,
          37.33333333333333,
          0.0
        ],
        [
          13.666666666666666,
          86.33333333333334,
          0.0
        ]
      ]
    },
    {
      "participant": "3228",
      "n_seeds": 20,
      "test_acc_mean": 0.2444444444444444,
      "test_acc_std": 0.0494281792026092,
      "test_bal_acc_mean": 0.2444444444444444,
      "test_bal_acc_std": 0.04942817920260922,
      "test_f1_mean": 0.13856233888554165,
      "test_f1_std": 0.0335497791970029,
      "test_kappa_mean": -0.13333333333333336,
      "test_kappa_std": 0.07414226880391384,
      "confusion_matrix": [
        [
          0.0,
          0.0,
          100.0
        ],
        [
          0.0,
          2.0,
          98.0
        ],
        [
          0.0,
          28.666666666666664,
          71.33333333333334
        ]
      ]
    },
    {
      "participant": "3229",
      "n_seeds": 20,
      "test_acc_mean": 0.42000000000000004,
      "test_acc_std": 0.01423829501149304,
      "test_bal_acc_mean": 0.42000000000000004,
      "test_bal_acc_std": 0.01423829501149307,
      "test_f1_mean": 0.3459270065891223,
      "test_f1_std": 0.0167538581944286,
      "test_kappa_mean": 0.12999999999999998,
      "test_kappa_std": 0.02135744251723956,
      "confusion_matrix": [
        [
          86.66666666666669,
          10.333333333333334,
          3.0
        ],
        [
          88.00000000000001,
          0.6666666666666667,
          11.333333333333334
        ],
        [
          57.0,
          4.333333333333334,
          38.66666666666667
        ]
      ]
    },
    {
      "participant": "3230",
      "n_seeds": 20,
      "test_acc_mean": 0.43000000000000005,
      "test_acc_std": 0.028178397617105663,
      "test_bal_acc_mean": 0.43,
      "test_bal_acc_std": 0.02817839761710566,
      "test_f1_mean": 0.32500156739242864,
      "test_f1_std": 0.035733102910399425,
      "test_kappa_mean": 0.14499999999999996,
      "test_kappa_std": 0.04226759642565847,
      "confusion_matrix": [
        [
          100.0,
          0.0,
          0.0
        ],
        [
          61.66666666666667,
          29.0,
          9.333333333333334
        ],
        [
          85.0,
          14.999999999999996,
          0.0
        ]
      ]
    },
    {
      "participant": "3231",
      "n_seeds": 20,
      "test_acc_mean": 0.48999999999999994,
      "test_acc_std": 0.05172778250399901,
      "test_bal_acc_mean": 0.49000000000000005,
      "test_bal_acc_std": 0.051727782503999016,
      "test_f1_mean": 0.44281815077656483,
      "test_f1_std": 0.062113413793380534,
      "test_kappa_mean": 0.23500000000000001,
      "test_kappa_std": 0.07759167375599856,
      "confusion_matrix": [
        [
          14.333333333333334,
          6.666666666666669,
          78.99999999999999
        ],
        [
          12.666666666666664,
          40.33333333333333,
          47.0
        ],
        [
          7.0,
          0.6666666666666667,
          92.33333333333333
        ]
      ]
    },
    {
      "participant": "3232",
      "n_seeds": 20,
      "test_acc_mean": 0.31888888888888883,
      "test_acc_std": 0.02074004454414955,
      "test_bal_acc_mean": 0.31888888888888883,
      "test_bal_acc_std": 0.02074004454414954,
      "test_f1_mean": 0.22944481836998687,
      "test_f1_std": 0.02740397092896995,
      "test_kappa_mean": -0.021666666666666657,
      "test_kappa_std": 0.031110066816224285,
      "confusion_matrix": [
        [
          83.33333333333334,
          16.333333333333332,
          0.33333333333333337
        ],
        [
          55.66666666666667,
          5.0,
          39.33333333333333
        ],
        [
          78.33333333333334,
          14.333333333333332,
          7.333333333333334
        ]
      ]
    },
    {
      "participant": "3233",
      "n_seeds": 20,
      "test_acc_mean": 0.428888888888889,
      "test_acc_std": 0.0315095620665288,
      "test_bal_acc_mean": 0.4288888888888889,
      "test_bal_acc_std": 0.03150956206652881,
      "test_f1_mean": 0.32555740804299305,
      "test_f1_std": 0.044710624730312024,
      "test_kappa_mean": 0.1433333333333333,
      "test_kappa_std": 0.047264343099793237,
      "confusion_matrix": [
        [
          100.0,
          0.0,
          0.0
        ],
        [
          71.0,
          28.666666666666668,
          0.33333333333333337
        ],
        [
          100.0,
          0.0,
          0.0
        ]
      ]
    },
    {
      "participant": "3234",
      "n_seeds": 20,
      "test_acc_mean": 0.5933333333333332,
      "test_acc_std": 0.03955568697001629,
      "test_bal_acc_mean": 0.5933333333333333,
      "test_bal_acc_std": 0.039555686970016296,
      "test_f1_mean": 0.5405748827787472,
      "test_f1_std": 0.05789855714052564,
      "test_kappa_mean": 0.39000000000000007,
      "test_kappa_std": 0.0593335304550244,
      "confusion_matrix": [
        [
          88.33333333333331,
          0.0,
          11.666666666666664
        ],
        [
          3.6666666666666665,
          17.0,
          79.33333333333334
        ],
        [
          27.0,
          0.33333333333333337,
          72.66666666666666
        ]
      ]
    },
    {
      "participant": "3235",
      "n_seeds": 20,
      "test_acc_mean": 0.4409090909090909,
      "test_acc_std": 0.06053624367771831,
      "test_bal_acc_mean": 0.44952380952380955,
      "test_bal_acc_std": 0.06117015884618111,
      "test_f1_mean": 0.40729890260459023,
      "test_f1_std": 0.06245881371460022,
      "test_kappa_mean": 0.17225938213811878,
      "test_kappa_std": 0.09027527012618894,
      "confusion_matrix": [
        [
          82.85714285714286,
          0.0,
          17.142857142857142
        ],
        [
          53.666666666666664,
          36.666666666666664,
          9.666666666666668
        ],
        [
          80.66666666666667,
          4.0,
          15.333333333333334
        ]
      ]
    },
    {
      "participant": "3236",
      "n_seeds": 20,
      "test_acc_mean": 0.5283783783783784,
      "test_acc_std": 0.062298076413823227,
      "test_bal_acc_mean": 0.5703174603174602,
      "test_bal_acc_std": 0.06759723684467844,
      "test_f1_mean": 0.533404496843418,
      "test_f1_std": 0.06015964164578436,
      "test_kappa_mean": 0.3180974057245025,
      "test_kappa_std": 0.0781548686587759,
      "confusion_matrix": [
        [
          37.66666666666666,
          31.000000000000007,
          31.333333333333332
        ],
        [
          0.0,
          76.42857142857142,
          23.571428571428566
        ],
        [
          0.0,
          43.00000000000001,
          57.0
        ]
      ]
    },
    {
      "participant": "3237",
      "n_seeds": 20,
      "test_acc_mean": 0.2988095238095238,
      "test_acc_std": 0.031354625548121594,
      "test_bal_acc_mean": 0.27999999999999997,
      "test_bal_acc_std": 0.029308690694526445,
      "test_f1_mean": 0.17461477093220704,
      "test_f1_std": 0.016838904757409442,
      "test_kappa_mean": -0.07917579174606626,
      "test_kappa_std": 0.044441686794433784,
      "confusion_matrix": [
        [
          82.33333333333334,
          17.666666666666664,
          0.0
        ],
        [
          92.91666666666669,
          1.6666666666666665,
          5.416666666666664
        ],
        [
          92.33333333333331,
          7.666666666666666,
          0.0
        ]
      ]
    },
    {
      "participant": "3238",
      "n_seeds": 20,
      "test_acc_mean": 0.5122222222222221,
      "test_acc_std": 0.05606781376236252,
      "test_bal_acc_mean": 0.5122222222222221,
      "test_bal_acc_std": 0.05606781376236252,
      "test_f1_mean": 0.48843607577292436,
      "test_f1_std": 0.06933311899649165,
      "test_kappa_mean": 0.26833333333333337,
      "test_kappa_std": 0.0841017206435438,
      "confusion_matrix": [
        [
          26.000000000000007,
          1.0,
          72.99999999999999
        ],
        [
          28.99999999999999,
          51.33333333333333,
          19.666666666666668
        ],
        [
          6.666666666666667,
          17.0,
          76.33333333333333
        ]
      ]
    },
    {
      "participant": "3239",
      "n_seeds": 20,
      "test_acc_mean": 0.6875,
      "test_acc_std": 0.036724436149875944,
      "test_bal_acc_mean": 0.6963059163059164,
      "test_bal_acc_std": 0.03470200647575289,
      "test_f1_mean": 0.690841098146854,
      "test_f1_std": 0.03864935893736521,
      "test_kappa_mean": 0.536661867873519,
      "test_kappa_std": 0.052714522898436575,
      "confusion_matrix": [
        [
          72.33333333333331,
          4.666666666666667,
          23.000000000000007
        ],
        [
          9.285714285714281,
          54.28571428571428,
          36.42857142857142
        ],
        [
          17.727272727272727,
          0.0,
          82.27272727272728
        ]
      ]
    },
    {
      "participant": "3240",
      "n_seeds": 20,
      "test_acc_mean": 0.44651162790697685,
      "test_acc_std": 0.02980108258219475,
      "test_bal_acc_mean": 0.4333333333333334,
      "test_bal_acc_std": 0.03051063216748514,
      "test_f1_mean": 0.3582981479759268,
      "test_f1_std": 0.04995865616892837,
      "test_kappa_mean": 0.15290800625481124,
      "test_kappa_std": 0.046449914647360604,
      "confusion_matrix": [
        [
          21.071428571428577,
          78.92857142857146,
          0.0
        ],
        [
          0.0,
          100.0,
          0.0
        ],
        [
          0.0,
          91.07142857142858,
          8.928571428571427
        ]
      ]
    },
    {
      "participant": "3241",
      "n_seeds": 20,
      "test_acc_mean": 0.2655555555555555,
      "test_acc_std": 0.03013937733724442,
      "test_bal_acc_mean": 0.2655555555555555,
      "test_bal_acc_std": 0.030139377337244443,
      "test_f1_mean": 0.15628477892745177,
      "test_f1_std": 0.02421200580683575,
      "test_kappa_mean": -0.10166666666666671,
      "test_kappa_std": 0.04520906600586665,
      "confusion_matrix": [
        [
          77.66666666666669,
          0.33333333333333337,
          21.999999999999996
        ],
        [
          80.66666666666667,
          2.0,
          17.333333333333336
        ],
        [
          100.0,
          0.0,
          0.0
        ]
      ]
    },
    {
      "participant": "3242",
      "n_seeds": 20,
      "test_acc_mean": 0.36666666666666664,
      "test_acc_std": 0.03495100069586886,
      "test_bal_acc_mean": 0.36666666666666664,
      "test_bal_acc_std": 0.03495100069586885,
      "test_f1_mean": 0.3036691619825036,
      "test_f1_std": 0.03042422359468811,
      "test_kappa_mean": 0.049999999999999975,
      "test_kappa_std": 0.0524265010438033,
      "confusion_matrix": [
        [
          17.666666666666664,
          36.99999999999999,
          45.33333333333333
        ],
        [
          6.666666666666667,
          85.0,
          8.333333333333334
        ],
        [
          1.6666666666666667,
          90.99999999999999,
          7.333333333333334
        ]
      ]
    },
    {
      "participant": "3243",
      "n_seeds": 20,
      "test_acc_mean": 0.48636363636363644,
      "test_acc_std": 0.0898260849243713,
      "test_bal_acc_mean": 0.47555555555555556,
      "test_bal_acc_std": 0.08782994970382973,
      "test_f1_mean": 0.3918620031041412,
      "test_f1_std": 0.08511412641408266,
      "test_kappa_mean": 0.22068965517241385,
      "test_kappa_std": 0.1362878529887013,
      "confusion_matrix": [
        [
          0.0,
          82.50000000000001,
          17.499999999999996
        ],
        [
          0.0,
          84.33333333333334,
          15.666666666666666
        ],
        [
          0.0,
          41.66666666666667,
          58.333333333333336
        ]
      ]
    },
    {
      "participant": "3244",
      "n_seeds": 20,
      "test_acc_mean": 0.27999999999999997,
      "test_acc_std": 0.06464779371307895,
      "test_bal_acc_mean": 0.27999999999999997,
      "test_bal_acc_std": 0.06464779371307895,
      "test_f1_mean": 0.2813241225670556,
      "test_f1_std": 0.05396724888022125,
      "test_kappa_mean": -0.08000000000000003,
      "test_kappa_std": 0.09697169056961844,
      "confusion_matrix": [
        [
          21.666666666666668,
          71.66666666666666,
          6.666666666666669
        ],
        [
          45.0,
          35.0,
          20.000000000000004
        ],
        [
          19.33333333333333,
          53.333333333333336,
          27.333333333333336
        ]
      ]
    },
    {
      "participant": "3245",
      "n_seeds": 20,
      "test_acc_mean": 0.3313953488372092,
      "test_acc_std": 0.07615589960135795,
      "test_bal_acc_mean": 0.3419658119658119,
      "test_bal_acc_std": 0.07505089119799531,
      "test_f1_mean": 0.3077343393664619,
      "test_f1_std": 0.09000060679763665,
      "test_kappa_mean": 0.01659832066324981,
      "test_kappa_std": 0.11029938012583844,
      "confusion_matrix": [
        [
          26.333333333333336,
          27.333333333333332,
          46.33333333333333
        ],
        [
          0.0,
          19.333333333333336,
          80.66666666666667
        ],
        [
          8.46153846153846,
          34.61538461538461,
          56.92307692307692
        ]
      ]
    },
    {
      "participant": "3246",
      "n_seeds": 20,
      "test_acc_mean": 0.4133333333333334,
      "test_acc_std": 0.02089610426585009,
      "test_bal_acc_mean": 0.4133333333333334,
      "test_bal_acc_std": 0.0208961042658501,
      "test_f1_mean": 0.36246162358814404,
      "test_f1_std": 0.029657274588210734,
      "test_kappa_mean": 0.11999999999999995,
      "test_kappa_std": 0.03134415639877513,
      "confusion_matrix": [
        [
          59.666666666666664,
          0.0,
          40.33333333333333
        ],
        [
          0.0,
          4.666666666666666,
          95.33333333333331
        ],
        [
          40.333333333333336,
          0.0,
          59.666666666666664
        ]
      ]
    },
    {
      "participant": "3247",
      "n_seeds": 20,
      "test_acc_mean": 0.40888888888888897,
      "test_acc_std": 0.03487655758537313,
      "test_bal_acc_mean": 0.40888888888888897,
      "test_bal_acc_std": 0.03487655758537314,
      "test_f1_mean": 0.3017775433700412,
      "test_f1_std": 0.0417215722899728,
      "test_kappa_mean": 0.11333333333333333,
      "test_kappa_std": 0.052314836378059684,
      "confusion_matrix": [
        [
          96.66666666666666,
          3.0,
          0.33333333333333337
        ],
        [
          68.66666666666667,
          26.0,
          5.333333333333334
        ],
        [
          88.33333333333333,
          11.666666666666668,
          0.0
        ]
      ]
    },
    {
      "participant": "3248",
      "n_seeds": 20,
      "test_acc_mean": 0.569318181818182,
      "test_acc_std": 0.021466210031553034,
      "test_bal_acc_mean": 0.5783333333333333,
      "test_bal_acc_std": 0.021477403439940472,
      "test_f1_mean": 0.4561533952778432,
      "test_f1_std": 0.015465424591617297,
      "test_kappa_mean": 0.35974721494582484,
      "test_kappa_std": 0.03141065767761797,
      "confusion_matrix": [
        [
          97.50000000000001,
          2.5,
          0.0
        ],
        [
          59.999999999999986,
          0.0,
          39.99999999999999
        ],
        [
          24.000000000000004,
          0.0,
          76.0
        ]
      ]
    },
    {
      "participant": "3249",
      "n_seeds": 20,
      "test_acc_mean": 0.3533333333333333,
      "test_acc_std": 0.02589527567229687,
      "test_bal_acc_mean": 0.3533333333333333,
      "test_bal_acc_std": 0.02589527567229686,
      "test_f1_mean": 0.21621400014338815,
      "test_f1_std": 0.0470796615577465,
      "test_kappa_mean": 0.029999999999999992,
      "test_kappa_std": 0.03884291350844526,
      "confusion_matrix": [
        [
          98.33333333333333,
          1.6666666666666667,
          0.0
        ],
        [
          94.66666666666666,
          5.333333333333333,
          0.0
        ],
        [
          77.00000000000001,
          20.666666666666664,
          2.333333333333333
        ]
      ]
    },
    {
      "participant": "3250",
      "n_seeds": 20,
      "test_acc_mean": 0.3833333333333333,
      "test_acc_std": 0.0449532281660295,
      "test_bal_acc_mean": 0.3833333333333333,
      "test_bal_acc_std": 0.044953228166029494,
      "test_f1_mean": 0.2839633641421756,
      "test_f1_std": 0.05079899375775132,
      "test_kappa_mean": 0.07499999999999998,
      "test_kappa_std": 0.06742984224904426,
      "confusion_matrix": [
        [
          24.666666666666664,
          75.33333333333334,
          0.0
        ],
        [
          9.999999999999998,
          89.99999999999999,
          0.0
        ],
        [
          0.33333333333333337,
          99.33333333333334,
          0.33333333333333337
        ]
      ]
    }
  ],
  "selected_features": [],
  "n_participants": 43,
  "n_seeds": 20,
  "n_features": 311,
  "timestamp": "2025-10-20T07:42:41.894965"
}